,0,1,2
0,0.32255922253407676,0.5051323706061286,0.17230840685979462
1,0.32483825505657404,0.5028000899075472,0.1723616550358786
2,0.32838002956818535,0.5005444718059813,0.1710754986258334
3,0.3255134183593251,0.49335899228241914,0.18112758935825568
4,0.3299663013206462,0.49100452885206347,0.17902916982729025
5,0.30247913343803634,0.5178760683160694,0.17964479824589433
6,0.30182232782053064,0.5170213014061388,0.1811563707733306
7,0.301554489247089,0.5204629727129926,0.17798253803991837
8,0.3039458846651616,0.5180141966467993,0.17803991868803912
9,0.3049015994650721,0.51937054825364,0.1757278522812878
10,0.30625851712280105,0.5106046698913204,0.18313681298587856
11,0.3099051361055549,0.5129864409463666,0.1771084229480784
12,0.31065368582699765,0.5163604275010495,0.17298588667195272
13,0.30860489344392567,0.5122480348417968,0.17914707171427757
14,0.30731945875335054,0.5095230435279006,0.1831574977187491
15,0.3066014503412924,0.512687185180227,0.18071136447848055
16,0.30619055962353814,0.5127655100783295,0.18104393029813232
17,0.30692836953959196,0.514967378190149,0.17810425227025894
18,0.3099171256135726,0.5132393100726275,0.1768435643137999
19,0.3100647630102069,0.5107009531330342,0.17923428385675885
20,0.30651796223356964,0.5121470630608193,0.18133497470561097
21,0.3079302492101323,0.5139714360641151,0.17809831472575266
22,0.30768144622255045,0.51448150525345,0.17783704852399965
23,0.3083888265713766,0.5146789370339937,0.17693223639462966
24,0.30431708917688094,0.5145471391472558,0.18113577167586314
25,0.2993436932792089,0.5185348248129195,0.18212148190787156
26,0.3034999677345816,0.5207046466826276,0.17579538558279068
27,0.30536365597245074,0.5181352675523022,0.17650107647524713
28,0.3055352309088119,0.5192359271228527,0.17522884196833532
29,0.3063720579872415,0.5225030685613831,0.1711248734513755
30,0.3035249468607422,0.5235551073355658,0.1729199458036921
31,0.30542478076446833,0.52518417200116,0.1693910472343717
32,0.30704028463317057,0.5247817133568169,0.16817800201001265
33,0.30254772315181544,0.5222351929625337,0.17521708388565077
34,0.30684113622716264,0.5174564687590899,0.1757023950137474
35,0.306429749405243,0.514572753759208,0.17899749683554894
36,0.3111172645384386,0.5120168215837981,0.17686591387776324
37,0.31945004556355605,0.5095947223487705,0.17095523208767344
38,0.3184013662202915,0.5091033959920336,0.17249523778767498
39,0.32077415498400136,0.5077802569876068,0.17144558802839188
40,0.3178864904683725,0.5071321647367623,0.17498134479486516
41,0.31923800461532886,0.5016155906864237,0.1791464046982475
42,0.3180689009876247,0.4970841928640986,0.18484690614827656
43,0.32285224794423,0.49517832402271633,0.18196942803305374
44,0.3254378432468821,0.4995518538401498,0.1750103029129681
45,0.32342214828331395,0.5043224190050926,0.1722554327115936
46,0.32022284255960654,0.5067658980719734,0.17301125936842
47,0.31932349879858263,0.5091713605608543,0.17150514064056302
48,0.318498207563858,0.5068892023304815,0.1746125901056606
49,0.32035653561963195,0.5048178259191406,0.1748256384612274
50,0.3194561735632215,0.506383264800339,0.1741605616364395
51,0.3239221569705824,0.5037762920564921,0.17230155097292554
52,0.320171149635954,0.5070849338957489,0.172743916468297
53,0.31587259613464724,0.5087641271543757,0.17536327671097712
54,0.3143042183833278,0.5150917553960745,0.1706040262205977
55,0.30934199276860114,0.5149103665721112,0.17574764065928777
56,0.3046041914139025,0.5194732486965637,0.17592255988953373
57,0.30073569299748126,0.5212871108451804,0.17797719615733845
58,0.2993286071409313,0.5249354086225092,0.17573598423655964
59,0.3027552740017946,0.5214037269668197,0.1758409990313857
60,0.3008451373784602,0.5221582826263944,0.17699657999514534
61,0.29862523624003023,0.5219226464864224,0.1794521172735474
62,0.29591316791717087,0.5257503542832459,0.1783364777995834
63,0.29625977593156416,0.5253449863589196,0.17839523770951624
64,0.29797955719851965,0.5264724760974018,0.1755479667040786
65,0.2972810364565247,0.5287661449643954,0.17395281857907996
66,0.29697196847968305,0.5311264308648405,0.17190160065547638
67,0.29633596955303526,0.5323236398262898,0.171340390620675
68,0.29566865343618054,0.5317072769248664,0.1726240696389532
69,0.2955595847375244,0.5285422269257983,0.1758981883366773
70,0.29254292484109023,0.5312576139796407,0.17619946117926918
71,0.2920567834066324,0.5331359701390154,0.17480724645435233
72,0.29255522832772957,0.5323603740383821,0.1750843976338883
73,0.29754083756459604,0.5316915609650603,0.17076760147034364
74,0.2964503758715484,0.5331060883133005,0.17044353581515106
75,0.2979758107238364,0.5317955952523769,0.1702285940237867
76,0.2962797435768646,0.5316456385659596,0.17207461785717576
77,0.2982839553400685,0.5284166962511637,0.1732993484087678
78,0.2981529365967163,0.5306067753590757,0.17124028804420802
79,0.29826106171353833,0.5299102641923904,0.17182867409407124
80,0.29658138388519306,0.5325576071007554,0.17086100901405157
81,0.296902352956678,0.5310644307203027,0.17203321632301932
82,0.2937878868179582,0.5357043744847312,0.17050773869731067
83,0.291373025341686,0.5378894985426758,0.17073747611563816
84,0.29238820762738016,0.535750840142737,0.1718609522298828
85,0.2875192431782424,0.54134011391317,0.1711406429085875
86,0.28663058283192017,0.5418664393186611,0.17150297784941884
87,0.288593737096671,0.5415460866095235,0.16986017629380537
88,0.29040876504637264,0.540237856507239,0.16935337844638837
89,0.29184150763301914,0.5343184756233289,0.173840016743652
90,0.2882847262922042,0.5382010176301598,0.17351425607763582
91,0.286661453880431,0.5420658571025255,0.17127268901704354
92,0.28705594054478123,0.5421622429371099,0.170781816518109
93,0.2878160602914658,0.5419697645101746,0.17021417519835963
94,0.28914768443860583,0.539996983199714,0.1708553323616801
95,0.2864722501249404,0.5405243389219466,0.1730034109531129
96,0.2880808630636645,0.5395067352559405,0.17241240168039496
97,0.2868813779178396,0.5411129065034812,0.17200571557867927
98,0.28623837356686793,0.5426175324201673,0.1711440940129646
99,0.28585775087195103,0.5422334573960726,0.17190879173197635
100,0.28538649638348557,0.5439787453923866,0.1706347582241279
101,0.28846939055673093,0.5367578771481704,0.17477273229509865
102,0.2890223890588986,0.5377300141911158,0.17324759674998558
103,0.2884344360145428,0.5399844787066949,0.17158108527876229
104,0.2867173866166799,0.5413959625102737,0.1718866508730465
105,0.2849961875195327,0.5432627881983287,0.17174102428213853
106,0.2868067887775532,0.5366692589737254,0.1765239522487213
107,0.28726922389336484,0.5365454365596019,0.17618533954703336
108,0.286337195790604,0.5351708475937836,0.17849195661561226
109,0.29147150884603423,0.535690195945359,0.1728382952086067
110,0.2880300061869063,0.5402115733932848,0.17175842041980885
111,0.28720990403368823,0.5413962788984218,0.17139381706789
112,0.2870777036389296,0.5413586060711951,0.17156369028987545
113,0.28869417087042487,0.538025608773801,0.1732802203557741
114,0.28651856258100167,0.5414863767648853,0.17199506065411307
115,0.2875910637007715,0.5380463697232554,0.17436256657597324
116,0.2846373190354917,0.5407971792865847,0.17456550167792367
117,0.28242009643909904,0.544047908461657,0.17353199509924402
118,0.28247934122762364,0.5438706764530007,0.1736499823193756
119,0.2818652776830191,0.5428268352990239,0.17530788701795696
120,0.2805179400067047,0.5435941833701013,0.1758878766231939
121,0.2804265641367497,0.5462133576696175,0.17336007819363272
122,0.28007464346960603,0.5486232812375197,0.1713020752928743
123,0.28160800732207303,0.5473111722320425,0.17108082044588444
124,0.28211598955152967,0.5467186731931768,0.1711653372552936
125,0.31269503124624676,0.5179193042599444,0.16938566449380896
126,0.3128797185682717,0.5181212631250468,0.16899901830668143
127,0.3112901055218587,0.5230106970914562,0.16569919738668504
128,0.3107369923495014,0.525267984147726,0.16399502350277254
129,0.3082821778162982,0.5277995554105133,0.16391826677318866
130,0.3041255252596772,0.525979229910073,0.16989524483024987
131,0.3048050597394404,0.5260946776666511,0.16910026259390848
132,0.30414748854085305,0.5286867887610722,0.16716572269807467
133,0.30333976250183464,0.5296879757493747,0.16697226174879076
134,0.3049652618699544,0.5306513946242304,0.16438334350581538
135,0.29778814636756423,0.533792751759893,0.16841910187254266
136,0.2959306779703996,0.533140168409813,0.1709291536197873
137,0.2964424733411913,0.5324840717975143,0.1710734548612944
138,0.29581472451842533,0.53459575817604,0.16958951730553468
139,0.29317380418140176,0.5372969850944408,0.1695292107241574
140,0.29450142892499154,0.5394751925602183,0.16602337851479018
141,0.29469836058028875,0.541251713052355,0.16404992636735627
142,0.2944378895006649,0.5380716197164838,0.16749049078285141
143,0.2936772804426972,0.5405712141301436,0.16575150542715925
144,0.2920602586043361,0.5432073782866186,0.16473236310904524
145,0.2916595147338882,0.5414521639820389,0.16688832128407305
146,0.28973060117932964,0.545583425627191,0.1646859731934794
147,0.2901154055294651,0.5462703649072761,0.16361422956325886
148,0.28151465508068163,0.5513516029155353,0.16713374200378311
149,0.28315012309147686,0.5501001367614358,0.1667497401470874
150,0.2834654883803654,0.551765063630482,0.1647694479891526
151,0.31221668175658623,0.5209301891582887,0.16685312908512506
152,0.3122599328718456,0.5224958719609135,0.16524419516724084
153,0.31187117392787894,0.5230903574552547,0.16503846861686652
154,0.3105730376263293,0.5237903976947541,0.16563656467891666
155,0.308393531971519,0.525968191706347,0.16563827632213401
156,0.3074298477821897,0.523722576828573,0.1688475753892372
157,0.3104087907408761,0.5216312184986704,0.16795999076045345
158,0.3075354566189879,0.5261262631809995,0.16633828020001254
159,0.30559525661161774,0.5282507072375481,0.16615403615083413
160,0.3065993991454894,0.5252984643446913,0.16810213650981937
161,0.3077081942748648,0.5235593954624633,0.16873241026267188
162,0.30775668295042075,0.5229928238512673,0.16925049319831206
163,0.30886492958261674,0.5226427685941574,0.1684923018232258
164,0.30812960837343906,0.5225937531348724,0.1692766384916885
165,0.3058921783614619,0.5252387702931419,0.16886905134539626
166,0.30574843994820733,0.5244853130328729,0.1697662470189198
167,0.3050211090121727,0.5244208263236988,0.17055806466412843
168,0.3033361643332883,0.5266075310061666,0.17005630466054505
169,0.3035502542395616,0.5287854264513271,0.16766431930911124
170,0.30551633178571835,0.5288160947024897,0.16566757351179204
171,0.30381518174731625,0.5328511664208764,0.1633336518318074
172,0.29916166232387204,0.5345941977858077,0.1662441398903203
173,0.2951139800220557,0.536103993191878,0.16878202678606635
174,0.29605617607856466,0.5314565126192449,0.17248731130219044
175,0.2966331872519711,0.5310442563696464,0.1723225563783826
176,0.29499591881271725,0.5307859515245539,0.17421812966272893
177,0.29866417433368114,0.5301700981341527,0.17116572753216622
178,0.2993171126938684,0.5269712783707161,0.17371160893541548
179,0.30227385760264047,0.5224832263783292,0.17524291601903033
180,0.30183027845284416,0.522838216730283,0.17533150481687296
181,0.3009523027406959,0.5308752955254923,0.16817240173381173
182,0.30065545008755595,0.5308793098026842,0.1684652401097599
183,0.29078309546602094,0.5399706427579644,0.1692462617760146
184,0.29302838816214166,0.5357758294690254,0.17119578236883287
185,0.2980356901674608,0.5293012532668805,0.1726630565656587
186,0.29648559233662225,0.5317743913031734,0.1717400163602043
187,0.2972575307156493,0.5302794936792673,0.1724629756050833
188,0.2980422700029715,0.5304724914625261,0.17148523853450237
189,0.2971798772394716,0.5284133738265973,0.1744067489339311
190,0.2906568421881372,0.5332199939709514,0.1761231638409113
191,0.2892035330316902,0.5342395640925951,0.17655690287571463
192,0.28812565984548444,0.536429781517129,0.1754445586373866
193,0.2882890686270811,0.535525138859556,0.17618579251336297
194,0.28986476836179087,0.5358901033773558,0.1742451282608534
195,0.2911991195189243,0.5349690529981371,0.17383182748293857
196,0.29185803501578916,0.5342957837794314,0.17384618120477943
197,0.2887812833977457,0.5350267437591846,0.17619197284306973
198,0.28835894061940975,0.5362951754465267,0.17534588393406356
199,0.2858684459007116,0.5428985400216905,0.17123301407759792
200,0.28349032036686317,0.5443609606590657,0.17214871897407125
201,0.28247105251027965,0.5455275852335452,0.17200136225617516
202,0.2798850741410444,0.5491170935465157,0.17099783231243992
203,0.2784179954550445,0.5516870938258068,0.16989491071914872
204,0.2751813547056119,0.5544485269095832,0.17037011838480473
205,0.27675345644414245,0.552416486750706,0.17083005680515154
206,0.30842064162658284,0.5199564443363798,0.1716229140370373
207,0.30733159768755475,0.519624679427411,0.1730437228850344
208,0.3060054033709908,0.5184476815606981,0.17554691506831116
209,0.3091145901805263,0.5154148669551296,0.1754705428643441
210,0.30265479623531455,0.5257680613652985,0.17157714239938687
211,0.30318399323565887,0.5237724737415019,0.17304353302283912
212,0.2985061378430487,0.5293346299371328,0.17215923221981855
213,0.2989913016758165,0.5276242893310649,0.17338440899311858
214,0.3029519630155097,0.5249136219562363,0.1721344150282541
215,0.3013821127750499,0.5272724182338018,0.17134546899114858
216,0.3032784434386706,0.5272524653083192,0.16946909125301032
217,0.3014003579613544,0.5309011794603045,0.167698462578341
218,0.2994657549121874,0.5326326432341922,0.16790160185362044
219,0.29425181605686856,0.534511126141727,0.1712370578014044
220,0.2917965741550607,0.5370146192311852,0.17118880661375402
221,0.29245804728807123,0.537792593614128,0.16974935909780076
222,0.29145702906989357,0.5390884236761395,0.16945454725396694
223,0.2906177123342209,0.5420241732213021,0.16735811444447699
224,0.28527892400508975,0.5463818601235739,0.16833921587133638
225,0.2833157948149953,0.5482628732374748,0.16842133194753
226,0.28453794245900865,0.546079962024687,0.16938209551630423
227,0.28912672132522593,0.5421860833150732,0.16868719535970084
228,0.28524848508612166,0.5434837058392338,0.17126780907464456
229,0.29155519390597706,0.5399825644446639,0.16846224164935902
230,0.29179206253329953,0.5392850955523643,0.1689228419143362
231,0.29655884980624386,0.534912398980921,0.1685287512128352
232,0.2961645894605233,0.5376777736005425,0.16615763693893437
233,0.29545677053226227,0.540723033748934,0.16382019571880366
234,0.29158490628156447,0.5424642459207951,0.16595084779764033
235,0.294657493565668,0.5361350778970561,0.16920742853727597
236,0.29703584337631117,0.5345696752175954,0.16839448140609353
237,0.2876991869310721,0.5518249571741336,0.16047585589479443
238,0.2864578077965192,0.5478707313090543,0.16567146089442664
239,0.2892855603920999,0.5414830739637042,0.16923136564419589
240,0.2861551859937811,0.545982178492811,0.16786263551340777
241,0.2897432517282813,0.5402656983215742,0.1699910499501445
242,0.29055868549610475,0.5368646717908404,0.17257664271305487
243,0.28990429813338375,0.53658484518375,0.1735108566828663
244,0.2906362171003223,0.5348701629659045,0.1744936199337732
245,0.2896445531610058,0.5371888617421323,0.17316658509686186
246,0.2893782877827484,0.5373785210500085,0.17324319116724307
247,0.2853847932580589,0.5425768140422325,0.17203839269970858
248,0.2855146052008663,0.5439507908090297,0.17053460399010403
249,0.2843331167716931,0.5447026997951396,0.1709641834331672
250,0.28517776393669403,0.5426065771489306,0.1722156589143754
