,0,1,2
0,0.34418437289426385,0.5050656774157047,0.15074994969003136
1,0.3465654470522616,0.502660096306621,0.15077445664111744
2,0.34308205841139494,0.5002057208770538,0.15671222071155128
3,0.34795964994900147,0.49350253824551443,0.1585378118054843
4,0.35251681006972213,0.49160841310935727,0.15587477682092066
5,0.32515328749131117,0.5184542591611436,0.15639245334754515
6,0.3245270286676143,0.5177258155028368,0.15774715582954887
7,0.32411112571555817,0.520966568011322,0.15492230627311976
8,0.3266261759444269,0.5184277691880859,0.1549460548674871
9,0.32753126583298364,0.5195917596902698,0.15287697447674659
10,0.3292741937646391,0.5112651346644167,0.15946067157094423
11,0.3247468357838291,0.5139511785298484,0.16130198568632248
12,0.325397782545704,0.5171194297684282,0.1574827876858679
13,0.33160606749504384,0.5133374607181449,0.15505647178681128
14,0.3304366025912392,0.5109341316422207,0.1586292657665402
15,0.32957153428478586,0.5139619261268622,0.15646653958835186
16,0.32918143648495973,0.513236800281195,0.15758176323384532
17,0.32983005281377353,0.5152148283919874,0.15495511879423896
18,0.3329133005767215,0.5132877823505189,0.15379891707275958
19,0.3331721182395049,0.5109028763718672,0.15592500538862797
20,0.329537938160149,0.5126248090024835,0.1578372528373675
21,0.3308818560628856,0.5141798189429819,0.15493832499413246
22,0.3306093386432156,0.5146820466282462,0.15470861472853817
23,0.33131295475035566,0.5147918017759736,0.15389524347367073
24,0.32721668235840695,0.5150978144460377,0.15768550319555533
25,0.32965388916220073,0.5185450574022696,0.15180105343552963
26,0.3191614953730463,0.5199484731627516,0.16089003146420214
27,0.3211084890948896,0.5173620950699918,0.1615294158351186
28,0.321251927713572,0.5184014332613819,0.16034663902504612
29,0.31491716062510094,0.5214618592220175,0.1636209801528816
30,0.31204063531445597,0.5225955321228454,0.16536383256269857
31,0.3139295664027819,0.5241144197583275,0.16195601383889058
32,0.3155587995628594,0.5236609130268937,0.160780287410247
33,0.3180935313544085,0.521082348623701,0.16082412002189053
34,0.32254585230173516,0.5162154254892297,0.16123872220903507
35,0.3222053639103052,0.5134851698790793,0.16430946621061535
36,0.3199673679782806,0.5107193019609639,0.1693133300607555
37,0.3212467232762169,0.5083079075113671,0.17044536921241604
38,0.32019510778054444,0.5078225193763232,0.17198237284313234
39,0.32257487135986523,0.5064926721083232,0.1709324565318117
40,0.3197146124103076,0.5058286077242901,0.17445677986540234
41,0.3210708595824676,0.5003214775559596,0.17860766286157279
42,0.3198989351947645,0.49580780158101234,0.18429326322422313
43,0.3246964800370452,0.4938865605909894,0.18141695937196536
44,0.3200139590264447,0.49826809930523136,0.181717941668324
45,0.31805865532156274,0.5030687891836575,0.1788725554947797
46,0.3148884687020073,0.5054677703056921,0.1796437609923005
47,0.31401946780094314,0.507891916200637,0.17808861599841982
48,0.3131644405121324,0.5055453598556398,0.18129019963222778
49,0.3149971545406664,0.5034882768060135,0.18151456865332014
50,0.3141164117900488,0.5050569194235632,0.18082666878638812
51,0.31855201669097716,0.5025266142092016,0.17892136909982131
52,0.3148408498118753,0.5057911504329357,0.17936799975518888
53,0.31056177183774814,0.5073809604819269,0.18205726768032496
54,0.30907307989383,0.5137800151038486,0.1771469050023214
55,0.3110987732584363,0.5136525385077791,0.17524868823378448
56,0.306345874913929,0.5182242515332869,0.17542987355278417
57,0.30952682151872524,0.5200505162806606,0.17042266220061442
58,0.3080646343072483,0.5236664137208723,0.16826895197187933
59,0.3115588814847413,0.5200891366107694,0.1683519819044892
60,0.3096262266342876,0.520897349694773,0.16947642367093926
61,0.30739334368481985,0.5207500578369332,0.17185659847824694
62,0.30461413682630717,0.5245906792165181,0.17079518395717463
63,0.30496831341081587,0.5241816969690115,0.17084998962017273
64,0.30668697633744724,0.5252182003114574,0.16809482335109532
65,0.33678811086924004,0.4966514598014488,0.16656042932931112
66,0.33647069324585344,0.4989169161570166,0.16461239059712976
67,0.33579489739573576,0.5001082347992915,0.16409686780497296
68,0.335074183051984,0.4995820410923511,0.16534377585566493
69,0.3419154449152722,0.49658904730612463,0.1614955077786033
70,0.3386498230437436,0.4994709065493228,0.16187927040693365
71,0.33811271075714366,0.501274900882794,0.1606123883600622
72,0.33865506356587877,0.5004943811516054,0.16085055528251588
73,0.34347993841989644,0.5001213895821826,0.1563986719979211
74,0.3422981600840417,0.5015648215354206,0.15613701838053773
75,0.3439454963438041,0.5001660616486308,0.15588844200756516
76,0.3421274446067286,0.500229241930789,0.15764331346248256
77,0.34430468351056664,0.4969931870060764,0.15870212948335688
78,0.3441455403898374,0.49904155761572566,0.15681290199443704
79,0.3442674043196052,0.4983822244410054,0.15735037123938955
80,0.3424433780564311,0.501039937559396,0.15651668438417282
81,0.3428004083758218,0.49961534943974767,0.1575842421844305
82,0.33941767043325183,0.5042972763019016,0.15628505326484665
83,0.3440845338161334,0.5057997033444819,0.15011576283938466
84,0.34522276621026876,0.5037002100892137,0.15107702370051757
85,0.33985702684563274,0.5095293944626288,0.15061357869173833
86,0.3388866306217697,0.5101452636372805,0.1509681057409498
87,0.34101216782657745,0.5095515082631239,0.14943632391029865
88,0.34299637919975934,0.5080828375118384,0.14892078328840222
89,0.3446642833785068,0.502480379425197,0.15285533719629632
90,0.34074852674556666,0.5065549504666856,0.15269652278774778
91,0.338915833739409,0.5103220213301684,0.15076214493042267
92,0.3393397957833251,0.5103489442113757,0.1503112600052991
93,0.34016428111422764,0.5100566795642416,0.1497790393215307
94,0.34164196861495016,0.5080571019948693,0.15030092939018047
95,0.3387434526257609,0.5089478696599525,0.15230867771428658
96,0.3405013248662888,0.5077745892373084,0.15172408589640268
97,0.33917309548308494,0.5094207439007692,0.15140616061614587
98,0.3384474554910044,0.5108894282276606,0.15066311628133497
99,0.3380442202590531,0.5105985180666145,0.1513572616743324
100,0.33749893004857284,0.5122601917493655,0.15024087820206156
101,0.34097788788471317,0.505213098658491,0.15380901345679593
102,0.3415541954890583,0.5060135095764327,0.152432294934509
103,0.34087288000408994,0.5081551289558154,0.1509719910400947
104,0.33899013151266,0.5097036396162044,0.15130622887113573
105,0.33709187207695396,0.5116687400688261,0.15123938785421986
106,0.3461907039513736,0.5053861630650862,0.1484231329835402
107,0.34669450135983365,0.5051903094230145,0.148115189217152
108,0.3457356129619876,0.5041380193058945,0.15012636773211782
109,0.343549554525284,0.5049716221847349,0.15147882328998113
110,0.3470625910236423,0.5085636350011761,0.14437377397518164
111,0.3461364882958701,0.5097703658130083,0.1440931458911215
112,0.3459951497197114,0.5097613916781989,0.1442434586020896
113,0.34785538031406865,0.5064948164016001,0.14564980328433128
114,0.34538719081323416,0.5099790616290837,0.1446337475576821
115,0.3466648337274344,0.5067169758491292,0.1466181904234363
116,0.34337878865891847,0.5097149705346402,0.14690624080644132
117,0.3408678308020549,0.5130254527839141,0.14610671641403103
118,0.34093806818116423,0.5128564189684367,0.14620551285039912
119,0.34030908327574283,0.5120408601588105,0.14765005656544677
120,0.33882278405751265,0.5129772607057277,0.14819995523675958
121,0.33863405309880906,0.5153296631404554,0.14603628376073577
122,0.3381701752184827,0.5175437775525499,0.14428604722896737
123,0.33987637744917065,0.5160854819763137,0.14403814057451567
124,0.34044672392531045,0.5154620692272068,0.14409120684748272
125,0.33875053068522526,0.5186269799408142,0.14262248937396055
126,0.3322141372144597,0.5187893946744531,0.1489964681110872
127,0.3304276156209828,0.5235287879779726,0.14604359640104464
128,0.32327649487666704,0.5256987401376669,0.15102476498566605
129,0.32075177975070085,0.52828041610751,0.15096780414178915
130,0.3231217517142693,0.5263892112816582,0.15048903700407254
131,0.32380055511242334,0.5264345534950775,0.1497648913924991
132,0.3230432440078759,0.5289321290380263,0.1480246269540978
133,0.3221942176822627,0.5299483886343641,0.14785739368337328
134,0.3237919196501152,0.530701122552548,0.14550695779733688
135,0.31649028954455405,0.5337438122417403,0.1497658982137057
136,0.3146403213142894,0.5333017272885158,0.15205795139719494
137,0.315179359518275,0.5326367887242648,0.15218385175746013
138,0.3144726928539396,0.5346823621070024,0.15084494503905801
139,0.3117149098750009,0.537469735820662,0.15081535430433698
140,0.3402565764719068,0.5060202130089738,0.15372321051911933
141,0.34046141796324547,0.5076527373935596,0.15188584464319493
142,0.340193889737773,0.5047195923267969,0.15508651793543013
143,0.3393640683068964,0.5071374562331232,0.1534984754599803
144,0.3376100277461279,0.5097835264243811,0.15260644582949093
145,0.33718495327496123,0.5081938391953436,0.15462120752969521
146,0.33508663009700496,0.5122726449353534,0.1526407249676416
147,0.33549923570861917,0.5128680556553717,0.151632708636009
148,0.33257768921187975,0.5179263022275236,0.1494960085605966
149,0.33437169876511325,0.516537351905613,0.1490909493292737
150,0.3346888289580089,0.5180151315735452,0.14729603946844583
151,0.32907843085871286,0.5211794053861931,0.14974216375509397
152,0.32906870704280994,0.5226579874262871,0.14827330553090307
153,0.3286588944711374,0.5232524552488221,0.14808865028004048
154,0.3273337897279863,0.5240214044338827,0.14864480583813094
155,0.325074643005032,0.5262616456947371,0.14866371130023087
156,0.32418275717692563,0.5242151680730811,0.15160207474999338
157,0.3272418885276444,0.5219908122587202,0.15076729921363521
158,0.32420843063077703,0.5264819626650707,0.14930960670415214
159,0.3221903936537229,0.5286527200794702,0.14915688626680693
160,0.32329659113167236,0.5257755212189676,0.15092788764936008
161,0.3244675834133898,0.5240378009924431,0.1514946155941672
162,0.32453520084957993,0.5234973076379521,0.1519674915124681
163,0.32565908790124065,0.5230749891619331,0.15126592293682622
164,0.3249228441270948,0.5230888147435523,0.15198834112935292
165,0.3225885730509284,0.5257772474894499,0.15163417945962168
166,0.32246929604734226,0.5250756232016559,0.15245508075100192
167,0.321740987758855,0.5250743832512613,0.15318462898988386
168,0.31997600924946956,0.5272841269662232,0.15273986378430712
169,0.32011921646480573,0.5293281942905863,0.15055258924460796
170,0.316425222313001,0.5291942434372989,0.15438053424970016
171,0.3497594190357611,0.4980503516086582,0.1521902293555808
172,0.35065661351701294,0.4995852629749769,0.1497581235080101
173,0.3520899350853547,0.5007875834972182,0.1471224814174271
174,0.3532095962365764,0.4964400211152683,0.15035038264815526
175,0.35384149092555095,0.4959757207996343,0.15018278827481474
176,0.3520793740764359,0.49600342877362336,0.15191719714994062
177,0.34994915467289034,0.4957630958702412,0.15428774945686846
178,0.356435335599979,0.49273803357189444,0.15082663082812653
179,0.35972103646148756,0.4882222144161791,0.1520567491223333
180,0.35923601235842884,0.4886122188935502,0.15215176874802092
181,0.3531282183318994,0.49514071465547355,0.15173106701262706
182,0.3528082538277167,0.4951842540291815,0.15200749214310186
183,0.34770640112803697,0.5041588033457467,0.14813479552621647
184,0.35022502525806154,0.5000049136335222,0.14977006110841623
185,0.3557735238347852,0.4933577434122073,0.1508687327530075
186,0.3540476584585739,0.49583733846017425,0.15011500308125197
187,0.3549127301199135,0.4943644353335592,0.15072283454652724
188,0.35575633010805546,0.49441463480365916,0.14982903508828538
189,0.3500766726900904,0.4918672673862216,0.15805605992368793
190,0.3485231407792046,0.4964711251882349,0.1550057340325606
191,0.34692329223886575,0.49762525528742757,0.1554514524737068
192,0.3457105908397311,0.49978144588904455,0.15450796327122426
193,0.34590458023853,0.4989356096815031,0.155159810079967
194,0.34761388330882703,0.49901536609392144,0.1533707505972515
195,0.3440351355501528,0.4979690973338368,0.15799576711601043
196,0.34475678615655103,0.4972604382599336,0.1579827755835153
197,0.3414031404561191,0.49835056233931074,0.16024629720457018
198,0.34093361471977746,0.4995756748527236,0.15949071042749902
199,0.3381697298020176,0.5059972721042649,0.15583299809371748
200,0.3355635043444083,0.5076734484516593,0.15676304720393242
201,0.3344415181976668,0.5088900343380739,0.15666844746425942
202,0.33158779436397284,0.5125600486615443,0.15585215697448299
203,0.3299633500831211,0.5151363756814783,0.1549002742354006
204,0.3263964765858277,0.5181418644363968,0.1554616589777756
205,0.32813470357143454,0.5160440009670177,0.15582129546154766
206,0.32810008345782293,0.5197941181373905,0.1521057984047867
207,0.3270170788899277,0.5195824600371647,0.1534004610729078
208,0.32572613214801793,0.518596922021605,0.15567694583037703
209,0.32382959591976607,0.5159235499097041,0.16024685417052995
210,0.3217898946800958,0.5256003870309939,0.15260971828891026
211,0.3223635252708485,0.5241172650665678,0.15351920966258376
212,0.31745085205655216,0.5297850592900593,0.15276408865338856
213,0.31800137060769246,0.5281306661341758,0.1538679632581317
214,0.32208826433992704,0.5252126055773274,0.15269913008274544
215,0.3204220531713469,0.5275773563176819,0.1520005905109712
216,0.3223312897138307,0.5273824945655244,0.15028621572064493
217,0.35757699833550644,0.4937193827433617,0.14870361892113182
218,0.3554612696541651,0.49557977870058983,0.1489589516452452
219,0.35016720701051207,0.4973641347212006,0.15246865826828718
220,0.3474661361176812,0.5000112773590771,0.15252258652324172
221,0.34817388455437387,0.5006207294184525,0.15120538602717368
222,0.34240698466893815,0.5019515084212929,0.15564150690976894
223,0.3414817538874323,0.504774904675185,0.1537433414373827
224,0.34054419215696174,0.5089153265798264,0.15054048126321176
225,0.33837602766789704,0.5109320030601504,0.1506919692719526
226,0.33932523890740296,0.5094614906763543,0.1512132704162429
227,0.33919652147763696,0.5059332189485866,0.1548702595737765
228,0.3349715086794113,0.5076363605221085,0.1573921307984802
229,0.34184511810342894,0.5035817789709321,0.1545731029256389
230,0.3424800854320826,0.5023134413645073,0.1552064732034101
231,0.3472823717873325,0.49826567531502036,0.1544519528976472
232,0.3468410838203421,0.5008710640929114,0.15228785208674642
233,0.34605868254375755,0.5037756001380126,0.1501657173182299
234,0.34185176806894346,0.5058833263274254,0.15226490560363112
235,0.34521656129890543,0.4996372510197906,0.15514618768130395
236,0.34780050814792757,0.49788853685237655,0.1543109549996958
237,0.3330457620967507,0.5150503779583689,0.1519038599448804
238,0.3363624704457833,0.511466911053777,0.15217061850043972
239,0.3394700190835437,0.5051869545289133,0.15534302638754313
240,0.33563966519921773,0.5103914283544069,0.15396890644637526
241,0.33957079765710885,0.5046353232295694,0.15579387911332174
242,0.3454947409195047,0.5013840944826498,0.15312116459784558
243,0.3447892239264619,0.501228295245528,0.15398248082801008
244,0.34561099910536724,0.49955618781917194,0.15483281307546087
245,0.34449760712442096,0.5018177171834308,0.15368467569214836
246,0.34420553798797787,0.5020307996953929,0.15376366231662922
247,0.3397826566066611,0.5073758105197698,0.15284153287356902
248,0.339902065238633,0.5086080553071585,0.1514898794542085
249,0.3386045091942626,0.5094751043107723,0.15192038649496512
250,0.3395569368291604,0.5074346842290537,0.15300837894178593
251,0.33889791249425455,0.5098536960668562,0.15124839143888938
252,0.33880120770667793,0.5088193526748951,0.15237943961842704
253,0.34107836887803417,0.5099975669728095,0.1489240641491562
254,0.3465380845936846,0.5050195968341518,0.14844231857216358
255,0.34499142045699926,0.5026558903440971,0.15235268919890366
256,0.354011947902516,0.495795066461687,0.15019298563579705
257,0.32743883717094,0.5225791603729119,0.1499820024561481
258,0.32652079416943136,0.5243584271782643,0.14912077865230416
259,0.3258221972816763,0.5270152100205291,0.14716259269779455
260,0.328741635814025,0.5227166625408822,0.14854170164509273
261,0.3379385860002953,0.5146219880365668,0.14743942596313794
262,0.34308801175033027,0.5069660366908874,0.14994595155878238
263,0.34250195379549075,0.508267224225147,0.1492308219793623
264,0.3396888099392692,0.5045161507185553,0.1557950393421755
265,0.34009756383500406,0.5038573364360097,0.15604509972898623
266,0.3371394058811287,0.5070352106983085,0.15582538342056285
267,0.34208971843335795,0.5022942704284307,0.15561601113821139
268,0.3403371244053755,0.5061595098463738,0.15350336574825058
269,0.33679838167534515,0.5077158151966376,0.15548580312801727
270,0.3314418596529975,0.5099025941407375,0.15865554620626507
271,0.32707076909488897,0.5161551315065438,0.1567740993985672
272,0.3253899871942478,0.5168370074370997,0.15777300536865257
273,0.32148175296844983,0.5242987405978768,0.15421950643367324
274,0.31732548852141046,0.5256398433309003,0.15703466814768915
275,0.3182128959709304,0.5250893337274024,0.15669777030166718
276,0.319009447032302,0.522474225870904,0.158516327096794
277,0.30965939352877664,0.5287325902991612,0.16160801617206222
278,0.3037179332588381,0.534566048467413,0.16171601827374887
279,0.3031670600543736,0.5314002499695627,0.1654326899760637
280,0.3060363655962281,0.5273146879747755,0.16664894642899636
281,0.30759430533093685,0.5267650215963039,0.1656406730727592
282,0.3041372353746282,0.5284122127481948,0.16745055187717692
283,0.30436373525937743,0.5272417501818674,0.16839451455875515
284,0.3083994806547715,0.5285079928875346,0.16309252645769398
285,0.3086211554347965,0.5264847918926595,0.16489405267254392
286,0.31225546214373806,0.5217851226867045,0.16595941516955745
287,0.3146557661831685,0.5185506726031974,0.16679356121363406
288,0.31140552021482515,0.5238879974941246,0.16470648229105025
289,0.30718194225557083,0.5289564106476795,0.16386164709674964
290,0.3067183005107731,0.5299543231569994,0.16332737633222746
291,0.30527971413688154,0.5312069328979311,0.1635133529651874
292,0.3079722016877583,0.5324993633397986,0.15952843497244307
293,0.30649553550257347,0.5350147501888171,0.15848971430860945
294,0.3084174611802505,0.5307443158934886,0.1608382229262609
295,0.30707893318083845,0.53147782107828,0.1614432457408816
296,0.308305152921831,0.5283904702025618,0.16330437687560717
297,0.3114052428372547,0.5293838888457555,0.1592108683169899
298,0.3088373869821107,0.5300632200580516,0.16109939295983772
299,0.3152988246167415,0.5270258278634291,0.15767534751982928
300,0.316947175332765,0.5283045063763703,0.15474831829086477
301,0.31108505623599925,0.5346723472758078,0.15424259648819288
302,0.3099169626474279,0.5337156705607125,0.15636736679185972
303,0.30724133114365515,0.5382607773221293,0.15449789153421575
304,0.30416883738292516,0.5411296706164139,0.154701492000661
305,0.3050141409448915,0.5370076135338577,0.15797824552125075
306,0.3081721728275072,0.5371193480052048,0.154708479167288
307,0.3103657680281307,0.5357210010298491,0.15391323094202014
308,0.3084745561152748,0.536387392109101,0.155138051775624
309,0.3090217867487954,0.5350282851344288,0.15594992811677588
310,0.3059257119407336,0.5387226441617635,0.15535164389750292
311,0.34166954469928934,0.5024253023627179,0.15590515293799287
312,0.3397524650164913,0.5052949490508708,0.1549525859326379
313,0.34010266217154755,0.5052717697963213,0.15462556803213126
314,0.33984208447642983,0.5046391714509948,0.15551874407257524
315,0.33933264947780545,0.5034974870696027,0.15716986345259182
316,0.3394146593509482,0.5037855322685979,0.15679980838045393
317,0.33586597302728316,0.5067240575785856,0.15740996939413135
318,0.32903810960340574,0.5161680214332187,0.15479386896337557
319,0.3359683924090084,0.5118848367482964,0.1521467708426952
320,0.34184500929799944,0.5074972432247148,0.15065774747728566
321,0.3433940184980672,0.5069107582193595,0.14969522328257337
322,0.33929748634742446,0.5092463727143816,0.15145614093819412
323,0.3396591904155045,0.5091855131796496,0.15115529640484585
324,0.3429999879946256,0.5069910309202382,0.15000898108513624
325,0.3399398312770853,0.5129811711658558,0.14707899755705872
326,0.33268106768197564,0.5175528431230637,0.1497660891949608
327,0.3372783589614609,0.5144546869933975,0.14826695404514156
328,0.3434476197309502,0.5061234431278394,0.15042893714121033
329,0.3445256316425362,0.5046126879996388,0.150861680357825
330,0.35069133826372173,0.5005810179766834,0.1487276437595948
331,0.35039318673493913,0.5004444860589465,0.14916232720611428
332,0.3472343071707601,0.5030216768106394,0.14974401601860055
333,0.35722819141602796,0.489616947969556,0.15315486061441602
334,0.36257056660723813,0.48722397348547386,0.150205459907288
335,0.3620526534702337,0.485727791987762,0.15221955454200434
336,0.3596705227352088,0.48997693653847846,0.1503525407263129
337,0.3352920831883501,0.5161875590656035,0.14852035774604647
338,0.3361128290848884,0.5114263866323291,0.1524607842827826
339,0.3290900824419475,0.5118255885690679,0.15908432898898459
340,0.32572188586771983,0.5092580405999158,0.16502007353236448
341,0.3314917185123672,0.5054837853382455,0.16302449614938735
342,0.3313154944737477,0.5022194079147169,0.16646509761153536
343,0.32269034721774625,0.5085334387535567,0.16877621402869697
344,0.32388251794843903,0.5075997836644993,0.16851769838706163
345,0.3245008930993108,0.5043936607660379,0.1711054461346514
346,0.3424423623869783,0.4736095776185962,0.1839480599944255
347,0.3383917053089073,0.4687021414069381,0.19290615328415456
348,0.3403665910694938,0.46419200860961646,0.1954414003208898
349,0.33374338066809434,0.46942298958771234,0.19683362974419333
350,0.3322850824429134,0.47632792186435896,0.19138699569272752
351,0.3302444867283732,0.47599842681179905,0.1937570864598277
352,0.3219799362309027,0.49032171027202887,0.18769835349706843
353,0.31911645673054645,0.49199132861379286,0.18889221465566075
354,0.32166597995853313,0.4911393464865536,0.18719467355491332
355,0.32556231201837904,0.4872473639698072,0.18719032401181368
356,0.3155366012014506,0.5038845070736852,0.1805788917248642
357,0.3198093458735288,0.49880962337183493,0.1813810307546363
358,0.32113587122495985,0.49690313670075287,0.18196099207428734
359,0.32597636826307086,0.4952927740928626,0.17873085764406646
360,0.32721586847247575,0.4931820751873822,0.1796020563401421
361,0.3222647480665027,0.49796575870964244,0.17976949322385488
362,0.3220168073468776,0.49623839219935845,0.18174480045376398
363,0.3230620025721417,0.49361669799934743,0.18332129942851091
364,0.31856008732666585,0.4971282085986902,0.18431170407464398
365,0.3202033677490752,0.4960519291770821,0.1837447030738427
366,0.3231009366892168,0.4928710303380924,0.18402803297269094
367,0.3273965992477514,0.48578281260891853,0.18682058814333016
368,0.3254558159740729,0.49243261605446176,0.18211156797146527
369,0.3260526936665091,0.48998013248846506,0.18396717384502587
370,0.3254749578788672,0.49676640812529715,0.17775863399583577
371,0.3307860722274968,0.49765512513747573,0.1715588026350275
372,0.3322856685565213,0.49720716036406837,0.1705071710794103
373,0.332705554557298,0.4921973154898401,0.17509712995286192
374,0.33207664876690207,0.49255637895993953,0.17536697227315837
375,0.32876229281463526,0.49743799817061496,0.17379970901474975
376,0.33626376525840423,0.49886820227617557,0.16486803246542026
377,0.3342843641547509,0.4984840106768293,0.16723162516841986
378,0.33802251538537925,0.5002278317917844,0.1617496528228364
379,0.33651287762467197,0.500318760874258,0.16316836150107009
380,0.3344873812056317,0.5039286953949862,0.1615839233993821
381,0.33505324264780867,0.5021241353089911,0.16282262204320025
382,0.33825647681402543,0.4984606654608808,0.16328285772509374
383,0.3328418183988022,0.5003243753105734,0.16683380629062436
384,0.3261534334340251,0.5099123567794361,0.16393420978653878
385,0.32235293271437543,0.514809214347733,0.16283785293789155
386,0.32525652986381187,0.5128409000205373,0.16190257011565085
387,0.32783863308355987,0.5121169455020115,0.16004442141442857
388,0.3258409187950829,0.5128806192242775,0.1612784619806395
389,0.32393945798318535,0.5150040565127632,0.16105648550405144
390,0.3250957606232836,0.5170961461979562,0.1578080931787602
391,0.3254577705450009,0.5171052012386333,0.15743702821636577
392,0.33153879489358684,0.5096342178583395,0.1588269872480736
393,0.3276060587727166,0.5137997651796021,0.15859417604768122
394,0.3243663704684756,0.5222278711197793,0.15340575841174514
395,0.32347099920413275,0.5257593288307126,0.1507696719651546
396,0.358155198674308,0.4923374647785203,0.14950733654717166
397,0.35289113853330184,0.49542818440164166,0.15168067706505647
398,0.35178209614614386,0.4970972477588198,0.1511206560950363
399,0.3534440170917966,0.4960400440813769,0.15051593882682654
400,0.35410258255475807,0.49457676344316587,0.1513206540020761
401,0.35234660599887274,0.49324376025932365,0.15440963374180375
402,0.35450820983588865,0.4907017039918752,0.15479008617223622
403,0.35291903004162445,0.4921487859930359,0.1549321839653395
404,0.3556648954835092,0.48897678995642435,0.15535831456006644
405,0.3538646015871064,0.49108149231359527,0.1550539060992984
406,0.35018415880822384,0.4936993829730931,0.15611645821868303
407,0.34812567956862867,0.49733527133237454,0.15453904909899674
408,0.3478821802505521,0.4999530589348975,0.15216476081455038
409,0.34660823177443517,0.5022768619952694,0.15111490623029541
410,0.34795443348651456,0.4984479851266108,0.15359758138687454
411,0.3515051179657929,0.49530748388761126,0.15318739814659577
412,0.353035979341497,0.49436388287466926,0.15260013778383374
413,0.3526808425020518,0.49491428962969325,0.1524048678682548
414,0.35048227287517303,0.49866485329575605,0.1508528738290708
415,0.3575065455692843,0.49115782624214815,0.1513356281885674
416,0.3584944007191133,0.49181114022970823,0.14969445905117845
417,0.36123117010324274,0.4891081755128312,0.1496606543839261
418,0.36155593940485037,0.4876425039821072,0.15080155661304248
419,0.3584825781617035,0.4900446197697434,0.15147280206855315
420,0.36273982183883724,0.4864374326683276,0.15082274549283506
421,0.3588999764269631,0.48748851978775803,0.15361150378527888
422,0.3583806521731417,0.4901273995358159,0.15149194829104234
423,0.358317432544832,0.4895598133384433,0.15212275411672463
424,0.35550173423943604,0.4925608055327133,0.15193746022785073
425,0.35579190102030983,0.49566383375429757,0.1485442652253925
426,0.35801361458006087,0.48425635674736217,0.15773002867257688
427,0.35856381936527854,0.48281461677940496,0.1586215638553165
428,0.3596350336014494,0.4799673555580031,0.16039761084054752
429,0.35954108313235683,0.4804519105468279,0.16000700632081527
430,0.35872701419736713,0.48167466347579446,0.15959832232683827
431,0.3616123933575951,0.4787915010406985,0.1595961056017063
432,0.36034321587266294,0.4771544361009295,0.1625023480264075
433,0.32714819697046926,0.5082313919870065,0.1646204110425242
434,0.3348284345858987,0.49798617158156605,0.16718539383253517
435,0.3257438612773972,0.5062129408547119,0.16804319786789096
436,0.3262161263740578,0.5048359039250738,0.16894796970086837
437,0.321824329358473,0.5084416961683343,0.16973397447319263
438,0.32584139163264497,0.5049729313218557,0.1691856770454994
439,0.3281376888809027,0.5014076007506414,0.17045471036845591
440,0.32443953629152145,0.5014882537070453,0.1740722100014332
441,0.32101624753326286,0.504921549198308,0.17406220326842906
442,0.32301399490111654,0.5019916481675056,0.17499435693137788
443,0.32216978022113707,0.5029416330532064,0.17488858672565658
444,0.3280790313936422,0.4969445855909345,0.17497638301542337
445,0.3294301407149272,0.4970299244504661,0.17353993483460667
446,0.3277133337741175,0.5004941235816405,0.17179254264424215
447,0.3294647728711165,0.4971568189841964,0.17337840814468705
448,0.32813475551341914,0.49685913335336845,0.17500611113321243
449,0.33733317704528926,0.4887684930181911,0.1738983299365197
450,0.3328709146341933,0.49240209028919824,0.17472699507660863
451,0.3290812347774933,0.4963397172810486,0.17457904794145807
452,0.3309548980685387,0.4972250142947399,0.17182008763672135
453,0.3338723117391056,0.4943621802244977,0.17176550803639673
454,0.32781973069519793,0.4995666590657617,0.17261361023904034
455,0.3200574864986168,0.5069032989994757,0.1730392145019076
456,0.3194147059068013,0.5080127535854909,0.17257254050770776
457,0.32347262944501876,0.506759484612227,0.16976788594275416
458,0.32500181263987743,0.5061885889091733,0.16880959845094923
459,0.32414582028710764,0.511267097903922,0.16458708180897041
460,0.3274037837062784,0.5069342777062434,0.16566193858747802
461,0.33129553064518963,0.5032340412768198,0.1654704280779906
462,0.3367261250106609,0.494653929289283,0.16861994570005603
463,0.33595422089602706,0.49635752898308605,0.1676882501208868
464,0.3409923693195119,0.495986640802407,0.1630209898780812
465,0.34125527514538617,0.49855284204050526,0.16019188281410843
466,0.3392322395138839,0.49986807299124647,0.16089968749486955
467,0.33981614564634055,0.4978933381498768,0.16229051620378274
468,0.3316213103915734,0.5088533448130714,0.15952534479535524
469,0.33102290501233345,0.5102514291498988,0.15872566583776768
470,0.33323296441403494,0.5078884680807597,0.1588785675052053
471,0.32806194623239343,0.5164785183687006,0.155459535398906
472,0.32876307073641037,0.5152621620271424,0.15597476723644735
473,0.3288292480009517,0.5126224375430363,0.15854831445601214
474,0.3284109869839916,0.5142782470138548,0.1573107660021537
475,0.33310233998847144,0.5131342566018244,0.1537634034097041
476,0.33041354879168,0.5173365610494576,0.15224989015886248
477,0.3299258707947205,0.5190395290118275,0.15103460019345213
478,0.3298714024129287,0.5181479354573328,0.1519806621297385
479,0.3310284836311659,0.5172957478702862,0.15167576849854797
480,0.3316812726714892,0.5164024345423803,0.1519162927861305
481,0.32719958309126135,0.5193347117138795,0.15346570519485916
482,0.34352169667765153,0.5013642808631857,0.15511402245916275
483,0.3507474633870601,0.49434135000581125,0.1549111866071287
484,0.35219054009103895,0.4904833153458646,0.1573261445630964
485,0.35589524851822524,0.48803556908867085,0.1560691823931038
486,0.35460486466185726,0.4870846948052268,0.15831044053291596
487,0.3547485786379169,0.486726047427689,0.1585253739343941
488,0.355359223957842,0.4891842589552178,0.1554565170869403
489,0.35367670401431106,0.4915652300312545,0.15475806595443437
490,0.3531266593115798,0.4913240926092945,0.15554924807912573
491,0.3549583313708187,0.4891381980129279,0.15590347061625343
492,0.3624492907990908,0.47920436004254907,0.15834634915836016
493,0.36351301484456583,0.47806219174815734,0.15842479340727683
494,0.36559787944343947,0.47786574106071494,0.15653637949584565
495,0.3655655716906516,0.47697960652087035,0.15745482178847808
496,0.36434530503233364,0.47979011927633686,0.15586457569132942
497,0.36519148731124784,0.4774177994246626,0.15739071326408943
498,0.3635314878749704,0.479329698134718,0.15713881399031154
499,0.3663591161407702,0.47872498921735673,0.154915894641873
500,0.3629211039145207,0.4758484320749249,0.16123046401055444
501,0.3615472858161021,0.477751700656029,0.16070101352786872
