,0,1,2
0,0.2882856428343913,0.6615654397343896,0.050148917431219076
1,0.2906137658472847,0.6591714947093743,0.05021473944334102
2,0.2938303372877796,0.6563214885981962,0.04984817411402416
3,0.29392764605185917,0.6528127794387677,0.05325957450937326
4,0.2922269434957189,0.6525989237841752,0.05517413272010597
5,0.29540574301229244,0.6491231046564827,0.05547115233122487
6,0.29513205851686725,0.6488602513818023,0.05600769010133072
7,0.2939658768426649,0.6511764294000324,0.05485769375730281
8,0.29650906138631555,0.6485763016178884,0.054914636995796004
9,0.2968721670392703,0.649030057300866,0.05409777565986374
10,0.30040197430629134,0.6428018247872312,0.056796200906477336
11,0.29630046809249794,0.6462418985720884,0.05745763333541369
12,0.2959422770866171,0.6481404315137109,0.05591729139967216
13,0.295504107712626,0.6462888701108875,0.058207022176486406
14,0.2952670739399415,0.6450218887047754,0.059711037355283075
15,0.29383726011835487,0.6473971526985461,0.05876558718309908
16,0.29953288275607476,0.6444138446111155,0.056053272632809674
17,0.29948234826143894,0.6455163737548704,0.05500127798369063
18,0.2717083515224561,0.6736993857700053,0.05459226270753854
19,0.2725093848557149,0.6720236304211709,0.05546698472311425
20,0.26954425359038126,0.6743069893034495,0.05614875710616923
21,0.27007271974064256,0.674926025440925,0.05500125481843255
22,0.26975445273814386,0.6753453406089954,0.05490020665286072
23,0.2702125030547299,0.6751993695656633,0.05458812737960687
24,0.2672980112265358,0.6766800628114753,0.056021925961989016
25,0.2681015242463987,0.6782049600714198,0.053693515682181406
26,0.27055366110244194,0.677860115769441,0.051586223128117024
27,0.2726175282823868,0.6755125869695552,0.05186988474805801
28,0.27243988990715173,0.6761265617645356,0.05143354832831263
29,0.2650179372814572,0.6778079957900435,0.05717406692849927
30,0.2626860316769029,0.6795113503178969,0.0578026180052002
31,0.26365031101652525,0.679872340339102,0.0564773486443728
32,0.2649205806695795,0.6790328083107124,0.05604661101970804
33,0.2673695033941657,0.6765012298174161,0.05612926678841826
34,0.2717726600019722,0.6718162092968635,0.0564111307011644
35,0.2722387225000863,0.6701163801296435,0.05764489737027026
36,0.27636189625442886,0.6666881815325658,0.056949922213005356
37,0.2779288278914755,0.6646450348781081,0.05742613723041644
38,0.277303707646163,0.6646927617386242,0.05800353061521298
39,0.2793741246506005,0.6629744977099423,0.05765137763945713
40,0.2824893124628213,0.6611012317735505,0.05640945576362825
41,0.285015002753574,0.656963164860154,0.05802183238627203
42,0.2854361577909562,0.6543868919192004,0.06017695028984342
43,0.2894836021734956,0.6513263360430612,0.05919006178344319
44,0.3145632760070079,0.6262491854228567,0.0591875385701356
45,0.304407643468311,0.630275524830235,0.06531683170145412
46,0.30129726814434277,0.6331208854074514,0.06558184644820575
47,0.2999746784269651,0.6351174682233696,0.0649078533496653
48,0.29993300037612447,0.6338210696949828,0.06624592992889286
49,0.3019122313899982,0.6317106143263079,0.06637715428369394
50,0.300805647432548,0.6331263915663474,0.06606796100110462
51,0.3049375420608811,0.6297154340194568,0.06534702391966207
52,0.3011737567858837,0.6333620108621575,0.06546423235195871
53,0.2974138402428658,0.6360658498881808,0.06652030986895335
54,0.29457357268407136,0.6410096141766939,0.06441681313923468
55,0.29618395345425574,0.6401583283560522,0.06365771818969197
56,0.2912981633052291,0.6450571249087588,0.06364471178601211
57,0.2878012137515118,0.647765404883282,0.0644333813652063
58,0.2857757810872823,0.6507530040966928,0.0634712148160249
59,0.2893565377321662,0.6470663729197919,0.06357708934804192
60,0.28766653629919975,0.6483083822535574,0.06402508144724299
61,0.28598056486409545,0.6490068378055747,0.06501259733032992
62,0.2828859306332461,0.6526190527798197,0.06449501658693423
63,0.2832599351104912,0.6522140810791232,0.06452598381038568
64,0.2843315441589892,0.6522999752988958,0.06336848054211497
65,0.28321201312061445,0.6540955932758973,0.0626923936034883
66,0.28238498572856585,0.6557785026753452,0.06183651159608887
67,0.2815911243693963,0.6568156055981974,0.06159327003240619
68,0.2812194362846259,0.6566678766374312,0.062112687077942895
69,0.2819148007354362,0.6546145248579258,0.06347067440663802
70,0.2788716460633127,0.6575867381951994,0.06354161574148773
71,0.2780302334884232,0.6590158033663798,0.06295396314519694
72,0.2786118397714478,0.6583101380588684,0.0630780221696837
73,0.27713384671011143,0.6586807215444689,0.06418543174541963
74,0.2759484951500612,0.6600272460773987,0.06402425877253999
75,0.27744703315443625,0.6585913274260243,0.06396163941953939
76,0.2761636704133333,0.6591117259844199,0.06472460360224687
77,0.2784980938493844,0.6562073065504667,0.06529459960014897
78,0.2778696004112422,0.6577289126724684,0.06440148691628929
79,0.27812092384994785,0.6572213031325713,0.06465777301748088
80,0.2761809977019234,0.6596122248504843,0.06420677744759232
81,0.2767871288218009,0.6584937576900943,0.06471911348810486
82,0.2732617372376098,0.662738696031485,0.06399956673090516
83,0.2761338759334542,0.6625893284304755,0.0612767956360704
84,0.2774480918952837,0.6607935207969431,0.06175838730777317
85,0.2722793347419715,0.6663447803139692,0.06137588494405945
86,0.27145508309865596,0.6670351670974999,0.06150974980384424
87,0.2730751753242963,0.666057567299715,0.0608672573759887
88,0.2748127179918179,0.6644971871938463,0.060690094814335765
89,0.27736597296826426,0.6600659626554675,0.0625680643762682
90,0.27363025852466116,0.6639999210663543,0.06236982040898442
91,0.2714321706191058,0.6671524724087192,0.06141535697217489
92,0.2717197985311494,0.6670602166907359,0.061219984778114564
93,0.27236326230677166,0.6666372662867186,0.06099947140650971
94,0.27387992780147546,0.664833424416387,0.06128664778213746
95,0.2716484798824888,0.6662251142888228,0.062126405828688315
96,0.2731577678186703,0.6649317066086631,0.06191052557266672
97,0.2718311716675803,0.6664473071842948,0.061721521148124965
98,0.27096863079213873,0.6676763746811037,0.06135499452675755
99,0.2707596048421909,0.6675768015508364,0.061663593606972586
100,0.26997701891490566,0.6688925127729364,0.061130468312157835
101,0.27412154912011266,0.6629837639205155,0.06289468695937193
102,0.27432405407312516,0.6634034222699419,0.06227252365693297
103,0.2733220472272154,0.665104457152609,0.06157349562017561
104,0.27163490094709064,0.6666955840064325,0.06166951504647685
105,0.2698380303174591,0.6685826339026344,0.061579335779906416
106,0.2728306132995444,0.6635771415192528,0.06359224518120286
107,0.27322548266168983,0.6633147154189513,0.06345980191935892
108,0.2728178169456042,0.6627785367980237,0.06440364625637199
109,0.2711060658064611,0.6639069124848334,0.06498702170870538
110,0.27266587257290986,0.6656694938774596,0.06166463354963052
111,0.27173935763977936,0.6667608923150286,0.06149975004519206
112,0.27164430076672885,0.6667881905222433,0.06156750871102791
113,0.2737102484559755,0.6639841486745598,0.06230560286946468
114,0.27117403835426235,0.6670902601713996,0.06173570147433799
115,0.272836570756661,0.6644290629381171,0.06273436630522189
116,0.2698541663154517,0.6673803651093102,0.06276546857523813
117,0.2673409413642322,0.6703610014561757,0.062298057179592095
118,0.2674290987472492,0.6702230085170803,0.062347892735670506
119,0.26718773065915996,0.6697889237068497,0.0630233456339903
120,0.2659429572740381,0.6708174847155736,0.06323955801038836
121,0.26526301962525384,0.6725453818774694,0.06219159849727687
122,0.2963547196110137,0.6423082771809733,0.06133700320801313
123,0.2979750981520959,0.6407675569321722,0.061257344915731836
124,0.29855019277028644,0.6401544828802308,0.06129532434948274
125,0.2965235758421247,0.6429159970988534,0.060560427059022086
126,0.29661340613432047,0.6429817767054624,0.06040481716021719
127,0.2941119523032613,0.6468622601197113,0.05902578757702738
128,0.29310217677193495,0.6485760414165674,0.05832178181149758
129,0.29055914946915035,0.6511919786116854,0.058248871919164266
130,0.2863939865554925,0.6491003166839701,0.06450569676053736
131,0.28689603434116795,0.6489309454162127,0.06417302024261944
132,0.2857501050218837,0.6509278082227699,0.06332208675534637
133,0.2848771359998276,0.6518993826345502,0.06322348136562222
134,0.28590851198497125,0.6519559094250988,0.062135578589929935
135,0.28437446035796626,0.6544308816859199,0.06119465795611378
136,0.2830710813881702,0.6547188560330306,0.0622100625787992
137,0.2836354145718615,0.6540855848157832,0.06227900061235541
138,0.2826241130808699,0.6557266919300087,0.06164919498912161
139,0.27988594510784337,0.6585340882800576,0.06157996661209899
140,0.2804064795744743,0.6594472272097958,0.06014629321572992
141,0.2742292706167683,0.6605327959166475,0.06523793346658426
142,0.2747438348272098,0.658466005482551,0.06679015969023921
143,0.2735811340944894,0.6604314161539313,0.06598744975157914
144,0.2717191987663367,0.6627847894707967,0.06549601176286671
145,0.2717967975137028,0.6617398567671364,0.0664633457191608
146,0.2693596755172673,0.665209425058224,0.06543089942450872
147,0.2695100372025745,0.6655348574276213,0.06495510536980428
148,0.26628392852232785,0.6698870140198149,0.06382905745785727
149,0.26786310678315567,0.6684468329260099,0.06369006029083438
150,0.26774240747574896,0.6694222471363612,0.06283534538788987
151,0.3004396550578796,0.6382870489348976,0.06127329600722271
152,0.3000704250289734,0.6393300974871208,0.06059947748390569
153,0.299613432893959,0.6398793795723811,0.060507187533659995
154,0.2984174973526944,0.6408456218387785,0.06073688080852728
155,0.29615421895427246,0.6431429282934609,0.060702852752266535
156,0.2959672754902018,0.6419989468446419,0.06203377766515632
157,0.29884168907359326,0.6394492768573407,0.061709034069066075
158,0.29544075160152244,0.6435770399254125,0.06098220847306511
159,0.2933810953457181,0.6457448614584775,0.06087404319580432
160,0.2949146276788873,0.6433784361543791,0.061706936166733624
161,0.2962276534584422,0.6417824683687604,0.06198987817279735
162,0.29640993799001447,0.6413813876386988,0.062208674371286826
163,0.29737044537593926,0.6407218069345701,0.06190774768949052
164,0.2968049150272059,0.6409692950243167,0.06222578994847741
165,0.2943732630574464,0.6436090178967943,0.06201771904575928
166,0.29445050089771463,0.6431566049133571,0.062392894188928245
167,0.29389361952446375,0.6433918381700631,0.0627145423054732
168,0.2920146860300388,0.6455099239185066,0.062475390051454714
169,0.29163839186950574,0.6468877486750169,0.06147385945547737
170,0.2931771639646032,0.6461535400151805,0.06066929602021622
171,0.2854379783148222,0.6494970583182605,0.06506496336691724
172,0.28568620709194487,0.650396892100029,0.06391690080802614
173,0.2863934026139996,0.6509154064160066,0.06269119096999384
174,0.28827409807745025,0.6474429597590686,0.0642829421634811
175,0.28883645772375427,0.6469418866722292,0.06422165560401653
176,0.2875880380064584,0.6474056910154223,0.06500627097811924
177,0.2861454193727473,0.6477652468771503,0.06608933375010233
178,0.28743201695557397,0.6453410445431557,0.06722693850127044
179,0.29650649459956985,0.6411683797945974,0.062325125605832705
180,0.2960618991789226,0.6415834651770057,0.06235463564407168
181,0.2975472425004145,0.6451160598363871,0.05733669766319838
182,0.2973098733550655,0.6452427440068231,0.05744738263811139
183,0.2862548728080483,0.6530634112012029,0.06068171599074872
184,0.28909081469002357,0.6493953658666046,0.0615138194433718
185,0.29473240461832684,0.6430785238031049,0.06218907157856827
186,0.2928658008812098,0.6453479825694876,0.06178621654930276
187,0.29386092324977003,0.6440436117618283,0.06209546498840164
188,0.2995541421115179,0.6438542682567693,0.05659158963171288
189,0.2701769464892878,0.6740561700806872,0.05576688343002503
190,0.26789730554645336,0.6776317886924906,0.05447090576105596
191,0.26653371840964285,0.6788661625309715,0.05460011905938562
192,0.2602646181999025,0.6806652202781316,0.059070161521965765
193,0.26060786690814747,0.6800278412459094,0.059364291845943
194,0.2617093316609374,0.6796526234852001,0.058638044853862495
195,0.26294102058791907,0.6785540252483919,0.05850495416368895
196,0.26360299428428813,0.6778723455088274,0.05852466020688453
197,0.26110134377117644,0.6795212470614611,0.059377409167362415
198,0.2604735957438967,0.6804898610009713,0.059036543255131906
199,0.28624051715612914,0.6516285403235761,0.06213094252029487
200,0.283942676930332,0.65357577426431,0.06248154880535812
201,0.28282949363526744,0.6547628048483332,0.06240770151639937
202,0.2798610528005394,0.6581793075694514,0.06195963963000914
203,0.2780565809100534,0.6604580479567377,0.06148537113320889
204,0.2747567112979186,0.6636010669219902,0.06164222178009108
205,0.27651884246099306,0.6616294754074686,0.06185168213153831
206,0.2755791296567753,0.6642428507078347,0.06017801963538994
207,0.2748530646346238,0.6644161423447171,0.060730793020659084
208,0.2741639424100313,0.6641148840036412,0.0617211735863275
209,0.27344483877903897,0.6628176878539069,0.06373747336705403
210,0.26413178611331606,0.6687110466534444,0.06715716723323939
211,0.2659719536271833,0.6687493309789228,0.06527871539389388
212,0.26117237205941635,0.6740550866408654,0.06477254129971813
213,0.2619354107069189,0.6727466681626166,0.06531792113046453
214,0.26552663892787526,0.6695966706970246,0.06487669037510028
215,0.26379836860422623,0.6717084340426145,0.06449319735315921
216,0.2652120546525699,0.6710601536196283,0.06372779172780173
217,0.2629555119510614,0.6741294813094201,0.0629150067395185
218,0.26111441206965524,0.6759313214920798,0.06295426643826499
219,0.25586985256771233,0.6773513045654174,0.06677884286687019
220,0.288887006270202,0.6444209080635293,0.0666920856662689
221,0.28924463606035616,0.6446919524806425,0.06606341145900137
222,0.2881253483595299,0.6459555504675916,0.0659191011728785
223,0.28675867827164486,0.6482594255834017,0.06498189614495352
224,0.28086444709817227,0.6515073957678166,0.06762815713401121
225,0.27883600947993725,0.6535260551672658,0.06763793535279693
226,0.2764959388399453,0.6533540613110301,0.07014999984902473
227,0.2772041368746941,0.6507379768573798,0.07205788626792604
228,0.2783243702830376,0.6529866058066239,0.0686890239103386
229,0.2842443838921076,0.6482472806488626,0.06750833545902975
230,0.28834373874745917,0.6459653818593221,0.0656908793932188
231,0.2893826972981972,0.6429948549337103,0.0676224477680925
232,0.28842458848067853,0.6450366565956068,0.06653875492371464
233,0.2871529361396229,0.6473771200812641,0.0654699437791131
234,0.28362441586222653,0.649999249992747,0.0663763341450266
235,0.2875599300862577,0.644537608524797,0.06790246138894529
236,0.28984826391012003,0.6425831374159034,0.06756859867397645
237,0.27838414695173186,0.657764400874473,0.06385145217379502
238,0.27825347844926446,0.6555732124565702,0.06617330909416527
239,0.28198003518596865,0.6501890497827088,0.06783091503132267
240,0.27904556860075475,0.6562370244794683,0.06471740691977694
241,0.28326720269882383,0.6510271676189927,0.06570562968218352
242,0.2847197442356595,0.6484213445192563,0.06685891124508418
243,0.28425397157835364,0.648483668220859,0.06726236020078745
244,0.290039144320548,0.647041389148154,0.06291946653129796
245,0.2886636218250237,0.6489787799565749,0.06235759821840136
246,0.28840075284039823,0.6492135233269508,0.06238572383265097
247,0.2838909334557824,0.6542725996545351,0.06183646688968243
248,0.28366677440208027,0.6551135174736982,0.06121970812422171
249,0.2825251567574836,0.6560939206877802,0.061380922554736254
250,0.28371515808100706,0.6543780763454916,0.06190676557350128
