,0,1,2
0,0.3314466138355568,0.6613911425770103,0.007162243587432926
1,0.3340255025793681,0.6588049521694682,0.007169545251163718
2,0.33745384846073384,0.6554346065860578,0.007111544953208323
3,0.3385492684754326,0.6538303610020123,0.007620370522555087
4,0.3372308292230829,0.6548598446599931,0.007909326116923944
5,0.34082314930896007,0.6512267195714301,0.00795013111960981
6,0.3406786020788321,0.6512903339762076,0.008031063944960245
7,0.33905652468842007,0.653083708096625,0.007859767214954906
8,0.34187572039359515,0.6502589784045336,0.007865301201871122
9,0.34203559889654184,0.6502219550470986,0.007742446056359691
10,0.3467218775356619,0.6451349299415383,0.008143192522799728
11,0.34239421085042704,0.6493579769852328,0.008247812164340045
12,0.34154562506115055,0.650437874981147,0.008016499957702447
13,0.34173555559476354,0.649902659743448,0.008361784661788397
14,0.3419169133104555,0.6494937993241313,0.008589287365413149
15,0.3400571599380876,0.6514946224840706,0.008448217577841755
16,0.3455431545663315,0.646424253332115,0.008032592101553658
17,0.3451752637176783,0.6469499610096537,0.007874775272667922
18,0.348141491105762,0.6440483347638261,0.007810174130411923
19,0.34932522793833926,0.6427358805087408,0.007938891552919937
20,0.3460501073265857,0.6459011900425351,0.008048702630879201
21,0.34634518975446704,0.6457793151712863,0.007875495074246657
22,0.34594444689619724,0.6461943585447574,0.00786119455904549
23,0.34639225097343873,0.6457943905899696,0.007813358436591717
24,0.3433822501965922,0.6485821745221657,0.00803557528124207
25,0.3436722043145748,0.6486427971219384,0.00768499856348675
26,0.34594654829236055,0.6466885637710372,0.007364887936602225
27,0.3484322575463724,0.6441656128298502,0.007402129623777415
28,0.3481021184804256,0.6445601928512618,0.007337688668312502
29,0.3473751847264945,0.6454934760377515,0.007131339235753992
30,0.3447861522294361,0.6479943193045192,0.007219528466044639
31,0.345552699920294,0.64740347127604,0.007043828803665901
32,0.346935962405789,0.646079599571368,0.006984438022843086
33,0.3498601198121758,0.6431507934648203,0.0069890867230039564
34,0.355144918620847,0.6378403162558252,0.007014765123327772
35,0.35605710527700235,0.6367686015799725,0.007174293143025251
36,0.36071081141377326,0.6322158797645235,0.007073308821703128
37,0.3327246862086897,0.6601440476460692,0.007131266145241253
38,0.33218535032369456,0.6606071465209301,0.007207503155375259
39,0.3344218285760186,0.6584196432352856,0.007158528188695804
40,0.33757209812939365,0.6554355698269649,0.0069923320436413895
41,0.34089181452434253,0.6519096209097534,0.007198564565904113
42,0.34200613906081045,0.6505145652755737,0.007479295663615749
43,0.34627244362680376,0.646383290860886,0.00734426551231021
44,0.3410220041839041,0.6516270804435761,0.007350915372519841
45,0.3375612592489807,0.6552323264590895,0.0072064142919299615
46,0.3342665132912628,0.6584944898614334,0.007238996847303772
47,0.33262128409826214,0.660217945388249,0.007160770513488956
48,0.33299005170200735,0.6596924390850288,0.007317509212963749
49,0.33518230620822403,0.6574858015003358,0.007331892291440157
50,0.333883375085971,0.6588204240221421,0.00729620089188683
51,0.3381459372187933,0.6546443799107469,0.007209682870459777
52,0.3340958165549684,0.6586788971375127,0.007225286307518858
53,0.330335317795562,0.6623137034456271,0.007350978758810829
54,0.32660561323457127,0.6662883709788094,0.0071060157866193316
55,0.32812306397898816,0.6648603901312453,0.0070165458897665225
56,0.32281573344168185,0.6701668648020004,0.007017401756317604
57,0.3192515823592448,0.6736371269710045,0.0071112906697505555
58,0.3097820812314016,0.6762341940594164,0.013983724709182112
59,0.3136404596161498,0.6723535247757804,0.014006015608069706
60,0.311946692352757,0.6739423540816989,0.014110953565544081
61,0.31039297836703866,0.6752657365906194,0.014341285042342044
62,0.3377292681515172,0.6480476802601911,0.014223051588291638
63,0.3381584650427537,0.6476123828189855,0.014229152138260839
64,0.3390616294168171,0.6469799535127077,0.013958417070475184
65,0.33762632058711917,0.6485682871117814,0.013805392301099272
66,0.33647407855201833,0.6499157289370797,0.013610192510902046
67,0.3355186382726844,0.6509250912246449,0.013556270502670676
68,0.3352349893721484,0.6510879238903674,0.013677086737484358
69,0.33636932337789444,0.6496418627033987,0.013988813918706792
70,0.3569789035404077,0.6220102162907063,0.021010880168885963
71,0.3558732284902252,0.6233118791118184,0.020814892397956385
72,0.3565755868128297,0.622570963632015,0.02085344955515524
73,0.3551012544704231,0.6236542264497222,0.021244519079854567
74,0.353687558531533,0.6251149673755848,0.02119747409288211
75,0.3554163328558675,0.6234183546960376,0.021165312448094966
76,0.3540906215325375,0.6244723256415828,0.021437052825879595
77,0.35693023142209895,0.6214532290995055,0.021616539478395473
78,0.35600375031324605,0.622682629027699,0.02131362065905488
79,0.356352024858321,0.6222479585202982,0.021400016621380875
80,0.35399782222447496,0.6247435381408877,0.0212586396346374
81,0.3548147582746357,0.623754552146576,0.021430689578788173
82,0.35055372056528245,0.6282382366671886,0.021208042767529016
83,0.35330528211951456,0.6264424208234164,0.020252297057068998
84,0.3549360875743924,0.6246553618023389,0.020408550623268684
85,0.34884390608672566,0.6308436570806386,0.020312436832635807
86,0.34791247131916375,0.6317234962627203,0.020364032418116088
87,0.3496609466572384,0.6302066120211429,0.020132441321618712
88,0.35164321088966616,0.628296784600378,0.020060004509955782
89,0.3550175096664242,0.6242955094716569,0.02068698086191886
90,0.35063087363454215,0.6287244381971397,0.020644688168318076
91,0.347865545535017,0.6318026990032958,0.02033175546168731
92,0.3481587646527927,0.6315785469001511,0.020262688447056164
93,0.34886078027403117,0.6309566020730544,0.020182617652914462
94,0.35068756943144536,0.6290414930326363,0.020270937535918285
95,0.3482700954512309,0.6311552318142037,0.020574672734565494
96,0.34998174319814984,0.629528154509189,0.0204901022926612
97,0.34839609480187905,0.6311696674054161,0.020434237792704993
98,0.34731242771119036,0.6323734047737252,0.020314167515084438
99,0.3471347827774325,0.6324435642456446,0.02042165297692273
100,0.3461084056777035,0.6336478486294725,0.02024374569282401
101,0.35131623883057933,0.6278620313009962,0.02082172986842444
102,0.3514172860167747,0.6279762489169157,0.020606465066309605
103,0.35010032731560686,0.6295264626517653,0.020373210032627993
104,0.3481562524314247,0.6314260407410367,0.02041770682753865
105,0.34604202540932794,0.6335589928984664,0.020398981692205626
106,0.34996329352358746,0.6289658904596008,0.02107081601681167
107,0.3503948544806953,0.6285827099000555,0.02102243561924929
108,0.35012352133694397,0.628526039379744,0.021350439283312126
109,0.34825176453036377,0.6301842750591498,0.021563960410486492
110,0.34935608697990833,0.6302349242729683,0.020408988747123276
111,0.34824154513953476,0.6313997949233258,0.020358659937139444
112,0.3481453286644667,0.631472081935276,0.020382589400257285
113,0.35071011792992346,0.6286678176143203,0.020622064455756203
114,0.347633343502432,0.6319230503879437,0.02044360610962416
115,0.3497852425217471,0.6294392224667678,0.020775535011485245
116,0.346314028964053,0.6328789678563956,0.020807003179551403
117,0.3432787922384339,0.6360577115746774,0.020663496186888633
118,0.34339240386452036,0.6359275452229347,0.020680050912545052
119,0.34325333346900355,0.6358321655268342,0.0209145010041623
120,0.34184253478997534,0.6371596440192108,0.020997821190813837
121,0.34082565314032326,0.6385331399688077,0.02064120689086907
122,0.33966951756535313,0.6399779584616692,0.020352523972977536
123,0.3414257863540914,0.6382541290755354,0.020320084570373317
124,0.34206391497274313,0.6376046399039327,0.02033144512332423
125,0.3396791609156391,0.6402368674455189,0.020083971638842093
126,0.33974238176175303,0.6402275919088505,0.020030026329396485
127,0.3366949171366052,0.6437429289390576,0.01956215392433722
128,0.33543287021336887,0.6452444056596035,0.0193227241270276
129,0.33263299059321527,0.6480620328345075,0.01930497657227737
130,0.3350651101392825,0.6456926080233009,0.019242281837416626
131,0.3355452220896277,0.645317851746491,0.019136926163881244
132,0.334074105144543,0.6470501185752241,0.018875776280233004
133,0.3330815533899709,0.6480704766447788,0.018847969965250233
134,0.3339742589905749,0.6475194475660699,0.01850629344335508
135,0.33205415628847484,0.649726822970632,0.01821902074089301
136,0.3308411514866603,0.6506202095917222,0.018538638921617497
137,0.33148387856511663,0.6499578817820895,0.018558239652793854
138,0.33021573016391703,0.6514184997684576,0.0183657700676253
139,0.32715745733110174,0.6544894874678877,0.018353055201010625
140,0.3274094588910404,0.6546842668485447,0.017906274260414908
141,0.32692159064924853,0.6554231503811494,0.017655258969602128
142,0.3278685639942225,0.6540376934562953,0.01809374254948225
143,0.3263677230095977,0.6557621967640885,0.017870080226313735
144,0.35690930061031684,0.6253533944949414,0.017737304894741554
145,0.35723343567891586,0.6247560879165034,0.01801047640458069
146,0.35410364283405293,0.6281619799990855,0.017734377166861524
147,0.3541681371999394,0.6282330621901508,0.017598800609909825
148,0.3500814062364045,0.6326173328059286,0.017301260957666875
149,0.35191879724458835,0.6308293215472851,0.017251881208126624
150,0.351573737743241,0.6314149230435615,0.01701133921319756
151,0.35042155297165006,0.6330033495148943,0.016575097513455615
152,0.34984344387309674,0.6337706402857757,0.01638591584112743
153,0.3438774211120138,0.6343235464196019,0.021799032468384223
154,0.3426185560488343,0.6354923919893282,0.02188905196183738
155,0.340133193101004,0.6379827384394582,0.021884068459537925
156,0.34021437084543316,0.6374022804730547,0.022383348681512105
157,0.3432934637631666,0.6344549502050698,0.02225158603176352
158,0.33941155265021733,0.6385973328224716,0.021991114527311156
159,0.3371310389935768,0.6409112718604726,0.021957689145950587
160,0.3389902295551116,0.638745281965299,0.022264488479589443
161,0.3404903394917384,0.6371436847414006,0.022365975766860984
162,0.3407372462922714,0.6368153732870145,0.022447380420714074
163,0.3417249770786864,0.6359438366209235,0.02233118630039019
164,0.34117387010927175,0.6363737199463342,0.02245240994439421
165,0.3384631387336771,0.6391539446967648,0.022382916569558223
166,0.33862815998625945,0.6388484490262133,0.022523390987527134
167,0.3380859962265542,0.6392679177378287,0.022646086035617147
168,0.3359726796718916,0.6414643580688905,0.022562962259218042
169,0.3353470675849507,0.6424644209010425,0.022188511514006744
170,0.33686387825645286,0.6412544181137154,0.02188170362983176
171,0.3340831322701572,0.6444017188295834,0.021515148900259334
172,0.3341051528604683,0.6447763026098309,0.021118544529700838
173,0.3346189677115943,0.6446868418907817,0.020694190397623876
174,0.3370578209429134,0.6417073432718519,0.021234835785234628
175,0.3376678550355259,0.6411205375536819,0.021211607410792137
176,0.3364575889280307,0.6420557398428856,0.021486671229083817
177,0.33509593941003357,0.6430381224460351,0.021865938143931184
178,0.3423276965501602,0.64096711619323,0.016705187256609716
179,0.34637783711202297,0.6367371267860542,0.016885036101922962
180,0.34589276219743725,0.6372125315467384,0.016894706255824357
181,0.3462830449256549,0.6382419457510583,0.015475009323286772
182,0.34604868254270665,0.6384445576334772,0.01550675982381616
183,0.3389526370580746,0.646028362969505,0.015018999972420342
184,0.3423327597722962,0.6424413078746853,0.015225932353018423
185,0.3488045881864772,0.6358115486218433,0.015383863191679463
186,0.34661802798248526,0.6380967721062589,0.015285199911255843
187,0.3478081217052056,0.6368296293691004,0.015362248925693952
188,0.34835605245429146,0.6363850094984007,0.015258938047307713
189,0.3575882761277442,0.6323786642664758,0.010033059605779913
190,0.35453415463859417,0.6356669669943662,0.009798878367039581
191,0.35294961456996704,0.637222135793641,0.009828249636391981
192,0.3512004117276373,0.6390453054974039,0.00975428277495883
193,0.35169406744183657,0.638502230348083,0.009803702210080457
194,0.3528226767272973,0.6375033682923842,0.009673954980318453
195,0.3542677538591352,0.6360861136774926,0.009646132463372238
196,0.35506870624124004,0.6352843830666979,0.009646910692062092
197,0.352292219002043,0.637903799416545,0.00980398158141199
198,0.3514431121858216,0.638809246279857,0.009747641534321342
199,0.34681187109015943,0.6437127279955611,0.009475400914279376
200,0.34430565225127563,0.6461577805762407,0.009536567172483754
201,0.338288794736879,0.6474527661838656,0.014258439079255331
202,0.3348301993012309,0.6510098441446436,0.014159956554125351
203,0.33267574755469476,0.653272495084975,0.014051757360330151
204,0.3289919902092983,0.6569090789998814,0.014098930790820339
205,0.33103370799528553,0.6548223689943313,0.014143923010383249
206,0.3295532152337401,0.656700415677318,0.013746369088942055
207,0.328872625324831,0.657246815129313,0.013880559545855835
208,0.32834232670247127,0.657538099422297,0.01411957387523165
209,0.3280336262468757,0.6573609434128923,0.014605430340231878
210,0.35632103806039095,0.6259743162350787,0.01770464570453036
211,0.35361620545188205,0.6278973901207746,0.01848640442734328
212,0.3477716084332032,0.6338569869954921,0.0183714045713047
213,0.34880846356677225,0.6326643407599959,0.01852719567323184
214,0.3529924954223027,0.6286365977268566,0.018370906850840633
215,0.35084353410533575,0.6308864126034766,0.018270053291187745
216,0.3523521555270307,0.6296136363870014,0.018034208085967937
217,0.34504119674940115,0.6327137178852292,0.022245085365369597
218,0.3428690815323924,0.6348561188837513,0.02227479958385636
219,0.3768506288241778,0.6010876792294103,0.02206169194641196
220,0.3738315440713038,0.6041055818267884,0.02206287410190784
221,0.37410395039938826,0.6040522678804201,0.02184378172019164
222,0.3727723791469491,0.6054247648821491,0.021802855970901865
223,0.3709740940154839,0.6075347763501489,0.021491129634367192
224,0.3686589627122956,0.6103713734942438,0.020969663793460533
225,0.3662778613889446,0.6127333178434362,0.0209888207676192
226,0.3640980489328025,0.6140800212343315,0.021821929832866075
227,0.3653714272940242,0.6121922189671603,0.022436353738815567
228,0.36158870398397336,0.61556104049883,0.022850255517196775
229,0.3682374339834626,0.6093684698410142,0.022394096175523258
230,0.3725932630203069,0.6056712364977539,0.02173550048193927
231,0.37423652407402797,0.6033708722399177,0.0223926036860543
232,0.37287887254206326,0.605094385631987,0.02202674182594965
233,0.371161481210965,0.607169876400517,0.02166864238851789
234,0.36726230944793903,0.610729410381382,0.02200828017067904
235,0.37218329223151225,0.6053129980333257,0.022503709735162112
236,0.3747644383147512,0.6028652168591382,0.022370344826110545
237,0.3605945540703721,0.6182274169328574,0.021178028996770543
238,0.3609517930674264,0.6170680114553027,0.021980195477270963
239,0.36567006508483085,0.6118062822937871,0.022523652621382128
240,0.35720043636616133,0.6197069661124004,0.023092597521438357
241,0.3623012885641262,0.6142730968145033,0.023425614621370494
242,0.3642282050926336,0.6119304847957571,0.02384131011160941
243,0.36377538573792595,0.6122300040730476,0.023994610189026485
244,0.3650230879290304,0.6108246093127595,0.02415230275821009
245,0.363334776040911,0.6127257786355901,0.023939445323498898
246,0.36303964597725824,0.6130077532228275,0.023952600799914316
247,0.35776011535536756,0.6184717631085003,0.023768121536132152
248,0.35737922363174285,0.6190961963781377,0.023524579990119508
249,0.3561011324143535,0.6203017240315214,0.023597143554125094
250,0.35757249586952694,0.6186301061686411,0.023797397961831862
251,0.35617279427088294,0.6203500557264613,0.02347715000265568
252,0.3564934544347466,0.619825779744762,0.023680765820491327
253,0.35771110517605537,0.6192211103089537,0.023067784514990943
254,0.3681523852106725,0.613417946158445,0.01842966863088242
255,0.3679917818398924,0.6130165506224361,0.0189916675376716
256,0.3383003442596566,0.6422693315624027,0.01943032417794061
257,0.350373388327159,0.6344106050380235,0.015216006634817487
258,0.34901051375561437,0.635877329614535,0.015112156629850557
259,0.34747272278822605,0.6376474428306408,0.014879834381133123
260,0.3512704410397498,0.6336809656188127,0.015048593341437464
261,0.35726443488134835,0.6271745786450047,0.015560986473646975
262,0.32996203445823213,0.6541549091722891,0.015883056369478784
263,0.329056318278788,0.6551527914702442,0.015790890250967755
264,0.3323180020241335,0.6517388488227447,0.015943149153121828
265,0.3328595476824359,0.651164914448265,0.015975537869299145
266,0.32957239828108725,0.6544935076902156,0.015934094028697124
267,0.3348475496428211,0.6492190217465167,0.015933428610662135
268,0.332114444485974,0.6522164502504076,0.015669105263618272
269,0.3326776451084137,0.6520387110273606,0.01528364386422576
270,0.32809896987176473,0.656271881764545,0.015629148363690153
271,0.3226314621051215,0.6619791323578752,0.015389405537003204
272,0.321193637493801,0.6633082791366615,0.015498083369537521
273,0.3156409741951875,0.6692909116510812,0.015068114153731282
274,0.3158279325729453,0.6693666127392255,0.014805454687829164
275,0.31666351963551326,0.6685650108112204,0.014771469553266308
276,0.3182089340589807,0.6668127339037175,0.014978332037301768
277,0.3162705071194382,0.6695081110908707,0.01422138178969107
278,0.31329327785193467,0.6729790920964477,0.01372763005161759
279,0.31756411069604706,0.668802352788416,0.013633536515536908
280,0.32122373625759776,0.6650144727675569,0.013761790974845436
281,0.3225819607087142,0.6637512479342249,0.01366679135706094
282,0.31940381342645036,0.6667606859695762,0.013835500603973431
283,0.3200132336515644,0.6660570983790287,0.013929667969406815
284,0.31893119868626857,0.6671862326083952,0.013882568705336159
285,0.31985500488521096,0.6660785338783419,0.014066461236447154
286,0.32429882616525874,0.6615142044230042,0.014186969411737024
287,0.32729456838252896,0.6584252152199065,0.014280216397564497
288,0.3228749080516323,0.6630687897872929,0.014056302161074865
289,0.3178715678668405,0.6681716364140667,0.013956795719092679
290,0.3171585948305515,0.6689403366020497,0.013901068567398906
291,0.3156365119641981,0.6704481129477518,0.013915375088050231
292,0.3135425128446099,0.672457364582116,0.014000122573273993
293,0.3115462783302544,0.6745667255583837,0.01388699611136194
294,0.30986100818835405,0.6713474625975157,0.01879152921413029
295,0.3086230858434649,0.6725081632095035,0.0188687509470316
296,0.3106185648013533,0.6702481592202169,0.019133275978429804
297,0.30885029295554844,0.6718954024897176,0.019254304554734033
298,0.30675019134583487,0.6737387018857426,0.019511106768422607
299,0.30878140177823343,0.6714526530481537,0.01976594517361285
300,0.30950540648996006,0.6711512163858646,0.0193433771241753
301,0.3030832511109765,0.6776808660902104,0.019235882798813084
302,0.3025762632296144,0.6778821134513695,0.019541623319016026
303,0.33451856300059374,0.6462297950015357,0.01925164199787038
304,0.3311320778119126,0.6495933088603042,0.019274613327783213
305,0.33325863844991765,0.646986983393038,0.01975437815704428
306,0.3316304809644267,0.6483343061819735,0.02003521285359966
307,0.3338008879262445,0.6462782351819698,0.0199208768917856
308,0.3321227674428559,0.6477762884081693,0.020100944148974852
309,0.3330273167505124,0.6467473930673537,0.020225290182133766
310,0.3293443931011174,0.6505290738116021,0.02012653308728048
311,0.36323854264165323,0.616556021241075,0.02020543611727176
312,0.360709890284169,0.6192354006562791,0.020054709059551794
313,0.3609730114954256,0.6190206269622979,0.020006361542276488
314,0.36103437713332476,0.6188248449042959,0.020140777962379387
315,0.36111696284242834,0.6184932064254938,0.02038983073207789
316,0.36106230396492767,0.6186038662094376,0.0203338298256347
317,0.3573186021040725,0.6222666530110554,0.02041474488487217
318,0.34866203365313564,0.631342372057131,0.019995594289733312
319,0.3514998808269048,0.6280964808228215,0.020403638350273545
320,0.3574462443176279,0.6223612096634165,0.020192546018955686
321,0.3587891525028195,0.6211627743760272,0.02004807312115333
322,0.3549286028944695,0.6247634809696101,0.02030791613592047
323,0.3552134199076914,0.6245243388802766,0.020262241212032038
324,0.3584747145661808,0.6214297398781518,0.020095545555667404
325,0.3539486518324398,0.6264219499232817,0.019629398244278586
326,0.35060347375042916,0.6301385953089716,0.019257930940599268
327,0.35513588605293556,0.6258157159563132,0.019048397990751226
328,0.3628513290065914,0.6177573407882798,0.01939133020512884
329,0.3642267293735196,0.6163135220537901,0.01945974857269028
330,0.3702566824752582,0.6105841086873569,0.01915920883738489
331,0.3700993090692277,0.610677309668103,0.01922338126266942
332,0.37157469489765554,0.6138938200809853,0.014531485021359163
333,0.3495591835599917,0.635498636062868,0.014942180377140159
334,0.35064383691680556,0.6341496676866517,0.01520649539654278
335,0.3509305675647307,0.6336243702408294,0.015445062194439885
336,0.34393959656670636,0.6402287222068367,0.01583168122645692
337,0.35551332444361033,0.6288196451554653,0.01566703040092435
338,0.3277806843335943,0.656704148030827,0.015515167635578657
339,0.32990399193752984,0.6550098554388336,0.01508615262363654
340,0.333689463964304,0.6557235891578185,0.010586946877877625
341,0.33928720758256825,0.6502635194882705,0.010449272929161159
342,0.34052314072853324,0.648762493281853,0.010714365989613743
343,0.3355859943949249,0.6539402840633645,0.010473721541710685
344,0.3368180096857666,0.652724553553038,0.01045743676119537
345,0.33858488245840235,0.6507617372638673,0.010653380277730272
346,0.33657086527565905,0.6521582206855538,0.011270914038787076
347,0.33986089192841235,0.648610697245267,0.01152841082632066
348,0.3432538724744053,0.6450180462754711,0.011728081250123593
349,0.3363481627372359,0.6518481531088556,0.01180368415390852
350,0.3322892864064891,0.6563223899838283,0.01138832360968263
351,0.33102777040315123,0.6574156762581982,0.011556553338650462
352,0.3191888774782243,0.6697392447623914,0.011071877759384226
353,0.31650457053419834,0.6723476922376098,0.01114773722819184
354,0.3186304242575758,0.6703359695966978,0.01103360614572629
355,0.32295914991058505,0.6659914488334346,0.011049401255980397
356,0.30917837376147134,0.680293084371586,0.0105285418669427
357,0.31418761750520696,0.6752093117430386,0.010603070751754488
358,0.3158836540931836,0.673466127608011,0.010650218298805449
359,0.31614812248647833,0.6730456004209977,0.010806277092523972
360,0.31786308961531684,0.6712604115313877,0.010876498853295523
361,0.31612350193210226,0.6733783059829763,0.010498192084921358
362,0.3202258827939574,0.6694874477004289,0.010286669505613603
363,0.32555490014628086,0.6643809006352671,0.010064199218452145
364,0.3244152694307902,0.6657881676961278,0.009796562873081855
365,0.3224189008119778,0.6674961518998589,0.010084947288163356
366,0.325775371992398,0.6641105051913483,0.010114122816253781
367,0.32806296432366033,0.6612683823993974,0.010668653276942233
368,0.3201902349902454,0.6691239240185457,0.010685840991209004
369,0.3216253773109749,0.6675513654456661,0.010823257243358985
370,0.3147083721340307,0.6745532323226396,0.010738395543329641
371,0.31042570800173,0.6784990155121077,0.011075276486162274
372,0.31160594953886966,0.6773946785964697,0.010999371864660492
373,0.31755123903129484,0.6714901986458461,0.010958562322859026
374,0.3169806206052918,0.6720429023903601,0.010976477004348124
375,0.3127539807122444,0.67640448657172,0.010841532716035598
376,0.34303806190620145,0.645980889939645,0.0109810481541536
377,0.3364291641110484,0.6470099176538603,0.016560918235091454
378,0.3344507000998354,0.6489881330710762,0.016561166829088234
379,0.3333672085372206,0.6499057845160283,0.016727006946751003
380,0.33052763188866996,0.6529494299515991,0.016522938159730948
381,0.3316347791054339,0.6516880613706013,0.016677159523964827
382,0.3353207153295212,0.647929240745455,0.016750043925023755
383,0.3346618122022911,0.6488310079877209,0.016507179809987938
384,0.32616835753773127,0.6576988326183577,0.016132809843911106
385,0.3215934361884101,0.6624201345928904,0.015986429218699583
386,0.3244018744838319,0.6597078427657441,0.015890282750423965
387,0.32261928631333636,0.6610767655263687,0.01630394816029491
388,0.3209275746196862,0.6626287144091433,0.01644371097117062
389,0.3529211650092024,0.6306716697811541,0.016407165209643634
390,0.35294884550125655,0.6310308335658552,0.016020320932888157
391,0.353212451954782,0.6308107507861334,0.01597679725908464
392,0.3606679628232579,0.6231758457406603,0.01615619143608178
393,0.35610778494756457,0.6277724666814194,0.01611974837101608
394,0.345353852948639,0.6341077376761807,0.020538409375180304
395,0.34337667109743997,0.6364978563991535,0.020125472503406672
396,0.3757517925503135,0.604322928581054,0.019925278868632625
397,0.373008584551646,0.6036043098425182,0.023387105605835727
398,0.37154841020719886,0.6051688733193953,0.023282716473405855
399,0.373163742876745,0.6036554025798754,0.023180854543379648
400,0.37421886141827326,0.6024539214060073,0.0233272171757194
401,0.37348481648694937,0.6026400727350273,0.023875110778023442
402,0.3760603072546473,0.599987654001316,0.023952038744036695
403,0.37433499876631704,0.6016935049197578,0.023971496313925193
404,0.3775871711684045,0.5983537567344894,0.024059072097106053
405,0.3754442277973521,0.6005586498084865,0.023997122394161286
406,0.3717396869785532,0.6040857146891081,0.02417459833233879
407,0.3688097287286101,0.6073081616128432,0.02388210965854665
408,0.3676063664622574,0.608938761237464,0.02345487230027842
409,0.3657764964295534,0.6109612185245111,0.023262285045935385
410,0.36824833138378266,0.6080395185687312,0.023712150047486044
411,0.37205690465434466,0.6042910392803653,0.02365205606528994
412,0.3735358996880039,0.6029116308846565,0.023552469427339687
413,0.37306114433191284,0.6034227647087759,0.02351609095931145
414,0.3699926652117751,0.6067773572253751,0.023229977562849904
415,0.3484199583123917,0.6328350403704627,0.018745001317145512
416,0.3488241572043221,0.6326637650036709,0.018512077792006924
417,0.3563180499647138,0.6297019783043775,0.013979971730908886
418,0.3571598743088645,0.6287329838162525,0.014107141874883013
419,0.3540800020124879,0.6317518184177136,0.014168179569798715
420,0.358466391977398,0.6274190884658963,0.014114519556705648
421,0.35863671303858047,0.6274633019713071,0.013899984990112456
422,0.3538772141422275,0.6319508112537119,0.014171974604060547
423,0.3540751180057567,0.6316834250660303,0.014241456928213037
424,0.35091639893976617,0.6348747300046358,0.014208871055598054
425,0.3498145228135927,0.6363488436822934,0.01383663350411388
426,0.32880006537140305,0.6573482924240424,0.013851642204554626
427,0.3297582876047498,0.656292618068584,0.013949094326666243
428,0.3362401067258982,0.6542076238797807,0.009552269394321099
429,0.3359677007176812,0.6545085238085968,0.009523775473722004
430,0.3349120465177913,0.6555968621684769,0.009491091313731857
431,0.3380218136593952,0.6524755336957844,0.009502652644820394
432,0.340962291326283,0.6496531974448345,0.00938451122888247
433,0.3436053660984441,0.6468552981335762,0.009539335767979594
434,0.3207671849934713,0.669497879224229,0.009734935782299755
435,0.31452404005094997,0.6760318167233145,0.00944414322573553
436,0.3154001968008092,0.6750921456137654,0.00950765758542529
437,0.3109612489713696,0.6794927780316198,0.009545972997010545
438,0.31509009489073153,0.6753872925569052,0.009522612552363287
439,0.31809841878589823,0.6722837218103966,0.009617859403705213
440,0.31554611465631466,0.6745996590809665,0.009854226262718774
441,0.3118149103784666,0.6783441093113717,0.009840980310161559
442,0.31436621922412417,0.6757208380053435,0.009912942770532236
443,0.3134032139073748,0.6766943024217007,0.009902483670924434
444,0.31989235954344053,0.6701771922682244,0.009930448188335172
445,0.3207763982811904,0.669387963931968,0.009835637786841647
446,0.3181836259907024,0.6721078760421006,0.009708497967196902
447,0.3207474254265776,0.6694280119250255,0.009824562648396946
448,0.3199656414346207,0.67010163500179,0.009932723563589185
449,0.32616354070774495,0.663610704208241,0.010225755084014247
450,0.32163429961733714,0.6680980721776906,0.010267628204972429
451,0.31744172678842675,0.6723164651024229,0.010241808109150263
452,0.31834352284024314,0.6716051187250278,0.010051358434728944
453,0.3214917681508589,0.6684493656705106,0.010058866178630492
454,0.31526678951922954,0.674637386034234,0.010095824446536427
455,0.30704411304010854,0.6828600823012656,0.010095804658625805
456,0.30616701237940436,0.6837729686249461,0.010060018995649695
457,0.3059525125321311,0.6838279378501981,0.010219549617670538
458,0.3072089244558834,0.6826354913202717,0.010155584223844933
459,0.301201990216091,0.6886032126023574,0.010194797181551585
460,0.305065761132114,0.6846446517961864,0.010289587071699519
461,0.30559785953653257,0.6837327197667205,0.010669420696747051
462,0.3126221196665706,0.6764348512294001,0.010943029104029325
463,0.3114219747488921,0.6777123304201871,0.010865694830920787
464,0.3061181382080575,0.6777279210825681,0.01615394070937449
465,0.30529715718447004,0.6788840095456609,0.015818833269868993
466,0.33654845855586196,0.6475636230841212,0.01588791836001673
467,0.33774974003215047,0.6461954389593273,0.016054821008522187
468,0.32770210079026746,0.6566077237926267,0.01569017541710582
469,0.3267402257256785,0.6576659358743968,0.015593838399924786
470,0.3292012318746777,0.6551766425965556,0.0156221255287666
471,0.3222762559260222,0.662523480083576,0.015200263990401872
472,0.3232304423128033,0.6615063825650597,0.015263175122136959
473,0.32429174361573176,0.6601454327978223,0.015562823586445968
474,0.3233624062688607,0.6612208870927587,0.015416706638380634
475,0.3234231111261949,0.6609661598905305,0.015610728983274617
476,0.348893425983931,0.6306995278286657,0.020407046187403476
477,0.34789201872417336,0.6318920959864506,0.020215885289376193
478,0.3481884320222961,0.6314483587136213,0.020363209264082787
479,0.34936017189709073,0.6303203545123047,0.02031947359060455
480,0.3501777429566627,0.6294630826540001,0.020359174389337334
481,0.345774511073095,0.6336391179730105,0.02058637095389466
482,0.3606790815337999,0.6175749450126548,0.021745973453545352
483,0.3646078360589717,0.612741768196056,0.022650395744972327
484,0.36718337141803564,0.6097455566625076,0.023071071919456777
485,0.37639594728718617,0.6063175202267842,0.017286532486029644
486,0.37589496438651226,0.6065298727300169,0.017575162883470826
487,0.37614901480840196,0.6062472010917581,0.017603784099840012
488,0.37553150153696135,0.6072634580537534,0.017205040409285458
489,0.3733426608614041,0.6095484252658584,0.01710891387273756
490,0.37305755868226675,0.6097324267994111,0.017210014518322273
491,0.3752697292056254,0.6074683179599167,0.017261952834457958
492,0.3527064526697081,0.6296881059476613,0.01760544138263054
493,0.35390331323903573,0.6284744705381509,0.0176222162228134
494,0.3553781634340914,0.6272368216486339,0.01738501491727471
495,0.3557354082863243,0.6267584482159864,0.01750614349768941
496,0.35372420331298404,0.6289867226786566,0.01728907400835924
497,0.35529867508049146,0.6272058893896192,0.01749543552988926
498,0.3533766593649409,0.6291710671454616,0.01745227348959753
499,0.3555180714386275,0.6273058756053658,0.017176052956006757
500,0.35823023641786766,0.6244952950789998,0.01727446850313259
501,0.3564873759301884,0.6263135431829664,0.017199080886845314
