,0,1,2
0,0.016878524246875033,0.9116337085035193,0.0714877672496056
1,0.017067205255369214,0.9111308584732685,0.07180193627136228
2,0.017330188648979415,0.911086031803698,0.07158377954732267
3,0.024980417781994547,0.906184583052717,0.06883499916528857
4,0.024785487521571312,0.9040497370126734,0.07116477546575517
5,0.02515982449513758,0.9029932449366881,0.07184693056817427
6,0.02512882610656256,0.902351501460533,0.07251967243290443
7,0.024988732849777935,0.904096412529195,0.07091485462102701
8,0.025288882673267996,0.9034861683613814,0.07122494896535048
9,0.025329892644226686,0.9044768117569364,0.07019329559883691
10,0.025756682858922672,0.9001875657446213,0.07405575139645591
11,0.02527036894951106,0.9002085173339974,0.07452111371649144
12,0.02522427435261685,0.9022970657709355,0.07247865987644769
13,0.02517804145008733,0.8994020221661624,0.07541993638375034
14,0.025153684838937106,0.8974903927340193,0.07735592242704362
15,0.024982954758022955,0.8990347560553666,0.07598228918661036
16,0.02565101874204269,0.9013505640627841,0.07299841719517319
17,0.025642388903461266,0.9027412266972652,0.07161638439927358
18,0.025977461218327332,0.9026786065987812,0.07134393218289141
19,0.026080794801681084,0.9013577229085661,0.07256148228975279
20,0.02570266745258945,0.9011125989060016,0.07318473364140887
21,0.025768985628348166,0.9024976116063226,0.07173340276532927
22,0.025728364300362364,0.9026985463853413,0.07157308931429629
23,0.025786447821751237,0.9030075659477872,0.07120598623046147
24,0.025417515117800323,0.9017663491290884,0.07281613575311137
25,0.02551734357577464,0.904628822270906,0.06985383415331926
26,0.02582739152327339,0.9068605157633182,0.06731209271340839
27,0.026091555833691462,0.9060515913312764,0.06785685283503207
28,0.026068410438769132,0.9066614125649335,0.06727017699629743
29,0.026030460345653095,0.9085496873199324,0.06541985233441444
30,0.025730057964843154,0.9083138085395599,0.06595613349559697
31,0.025848683107518346,0.9096470669998239,0.06450424989265766
32,0.026011997972321246,0.9098801442302034,0.06410785779747548
33,0.02633295842051355,0.9092677562732565,0.06439928530622992
34,0.026915733014659583,0.9080010298368452,0.06508323714849526
35,0.026984229171762027,0.9064539975811776,0.0665617732470604
36,0.02753142907432504,0.9063767647191189,0.06609180620655619
37,0.02774493093436547,0.9054724339971136,0.06678263506852089
38,0.027663878966074824,0.9049274564497201,0.06740866458420515
39,0.027941451145804545,0.9048883920615453,0.06717015679265022
40,0.02835771778176072,0.9056755366874536,0.06596674553078555
41,0.028712610535247967,0.9031947304642932,0.06809265900045867
42,0.03662128094212533,0.9005266072204533,0.06285211183742143
43,0.006326096100055589,0.9315591708883288,0.06211473301161542
44,0.006183688632383554,0.9321092259197796,0.061707085447836776
45,0.006097270247443315,0.933642543125093,0.06026018662746365
46,0.006008549391513434,0.9337516463465959,0.06023980426189055
47,0.00596845146654503,0.9345476003051729,0.05948394822828214
48,0.0059716958726470076,0.933276650853391,0.06075165327396204
49,0.0060288745664597385,0.9329191613329986,0.061051964100541714
50,0.005996078101195503,0.9333445834348196,0.060659338463984816
51,0.006112720521001209,0.9335514999057167,0.06033577957328205
52,0.006004614417262427,0.9338783511895586,0.06011703439317887
53,0.005900845953696512,0.9333090570173201,0.06079009702898332
54,0.005813823253513896,0.9356272985497468,0.058558878196739286
55,0.005856739050613685,0.9361642388242378,0.0579790221251485
56,0.005719771530684553,0.9367191754830265,0.05756105298628897
57,0.005625357577021129,0.9363658391487768,0.058008803274202055
58,0.005566769942125961,0.937485012663793,0.05694821739408119
59,0.0056656784313275,0.9369960319320676,0.057338289636604936
60,0.005620394564057443,0.9367622831491655,0.057617322286777094
61,0.005577053247926328,0.936025849679594,0.058397097072479615
62,0.005490981086057537,0.9368469489510902,0.05766206996285226
63,0.005501246604077037,0.9367774582152002,0.0577212951807228
64,0.005526984484681103,0.9377365906705555,0.05673642484476334
65,0.005494484791666849,0.9384838999463175,0.05602161526201552
66,0.005469504158742605,0.9393638210714973,0.05516667476976019
67,0.0054473012905667745,0.9396718060074032,0.05488089270203005
68,0.005438782540351463,0.9392310289780652,0.05533018848158328
69,0.005461590729374324,0.9379014591375967,0.056636950133029024
70,0.005379702513872748,0.9381607198433825,0.05645957764274475
71,0.005355435451835268,0.9387909465099837,0.05585361803818108
72,0.005371386559185161,0.9386154142705119,0.05601319917030292
73,0.005334979016767976,0.937752859125591,0.05691216185764116
74,0.005302873442633692,0.9380271201040842,0.05667000645328225
75,0.005342715949495508,0.9379254195124419,0.05673186453806259
76,0.005310604245898777,0.9373606735403563,0.05732872221374498
77,0.005374740813735024,0.9365838387144115,0.05804142047185339
78,0.005355297729348629,0.9374752608312035,0.05716944143944787
79,0.00536277537579383,0.93721207228303,0.0574251523411762
80,0.005309591649067989,0.9378347528458695,0.056855655505062525
81,0.005327237168472243,0.9372988893281742,0.0573738735033536
82,0.0052314672923158,0.9383337062675325,0.056434826440151555
83,0.005300007460863376,0.9405275635357019,0.05417242900343478
84,0.005336428479770026,0.9399505917198033,0.054712979800426664
85,0.005198243488357249,0.9408301711927459,0.05397158531889694
86,0.005176932931116686,0.9407919444409159,0.054031122627967436
87,0.005217807767056634,0.9412130049620526,0.05356918727089069
88,0.00526325935643448,0.9411988532207766,0.053537887422789025
89,0.005336552385801026,0.9392154603512012,0.055447987262997746
90,0.005236660088701321,0.9397851764738026,0.05497816343749623
91,0.0051760710350814984,0.9408801510009814,0.05394377796393721
92,0.005183091319662356,0.9410288011436826,0.05378810753665507
93,0.005199411296080619,0.9411644891680402,0.053636099535879285
94,0.00524023468672847,0.9407488085525054,0.05401095676076609
95,0.005183716597766257,0.9402108736209174,0.05460540978131638
96,0.005222891560405871,0.940253145345689,0.05452396309390501
97,0.005187404143893718,0.9405609499009803,0.05425164595512604
98,0.005163735736647478,0.9409819644608791,0.053854299802473506
99,0.0051590994962283105,0.9407225771486162,0.05411832335515549
100,0.005137143687973224,0.9412858912147618,0.05357696509726497
101,0.005251135615200643,0.9392544225788867,0.05549444180591262
102,0.005254754980370304,0.9398024793413255,0.05494276567830413
103,0.005226290820901222,0.9405438860457367,0.05422982313336208
104,0.005182099188277071,0.9406282745601806,0.05418962625154228
105,0.005134731666536181,0.9408924538567173,0.05397281447674649
106,0.005218935785822748,0.9387513402474152,0.05602972396676196
107,0.005229001138146596,0.9388310948049422,0.05593990405691114
108,0.0052208582355363735,0.9380109451823623,0.05676819658210134
109,0.005177340160735008,0.9376590600844713,0.05716359975479372
110,0.005209228733063859,0.9405277127842168,0.05426305848271941
111,0.005184377298749162,0.9407721961659441,0.054043426535306714
112,0.005182065000732019,0.9407201716883324,0.0540977633109354
113,0.005238596377875452,0.9398355958652003,0.05492580775692427
114,0.005170172909594083,0.9406149076621633,0.05421491942824265
115,0.005216705072976474,0.939534261040467,0.05524903388655647
116,0.005138389059240913,0.939813286739728,0.05504832420103108
117,0.005071568357141838,0.9404936125403002,0.05443481910255805
118,0.005073993626863997,0.9404395571497444,0.05448644922339168
119,0.005069532676318312,0.9398524447019676,0.055078022621714004
120,0.005037810826790187,0.9397839727800659,0.05517821639314393
121,0.0050174373387893555,0.9407996386448797,0.05418292401633085
122,0.00499365621033701,0.9416534462933266,0.05335289749633649
123,0.005032538646116215,0.9415609781171074,0.05340648323677643
124,0.005046581673216071,0.9414679303457,0.05348548798108395
125,0.0049954109862687945,0.9423386793721057,0.05266590964162567
126,0.004997111195999303,0.9424703395680737,0.05253254923592707
127,0.00493303397657217,0.9439609663335493,0.051105999689878515
128,0.004906899758776503,0.9446911210441065,0.05040197919711701
129,0.004846371963189185,0.9450004599658757,0.05015316807093509
130,0.00489935935392144,0.9449306144054226,0.05017002624065601
131,0.004910386989993936,0.9451535255300448,0.04993608747996117
132,0.0048799080583173116,0.9459556270305116,0.04916446491117104
133,0.00485858430444426,0.9461182432798403,0.0490231724157154
134,0.004879804650085504,0.9469047085964416,0.048215486753472876
135,0.004839884592113551,0.9478091557534563,0.04735095965443012
136,0.004812020856146275,0.9471080861251323,0.048079893018721384
137,0.004825731504995298,0.9469999930437066,0.04817427545129805
138,0.004799542274265061,0.9476024389196255,0.0475980188061094
139,0.0047343085282556575,0.9479085180332056,0.04735717343853878
140,0.004742067093885746,0.9490135089526367,0.04624442395347754
141,0.004733033328508076,0.9496897582684137,0.045577208403078114
142,0.00475083762037087,0.9484997146737465,0.04674944770588262
143,0.004720116067777135,0.9491959390582789,0.04608394487394407
144,0.004673937326200568,0.949722456529229,0.0456036061445703
145,0.0046791204343387665,0.9490056459076381,0.04631523365802312
146,0.004617703696425634,0.9499778751074927,0.045404421196081846
147,0.004619647771908803,0.950312279864791,0.045068072363300106
148,0.004539934363737774,0.9514101763164435,0.04404988931981868
149,0.004576534868923754,0.9513763666285355,0.04404709850254072
150,0.0045708383976454554,0.9520076956969173,0.043421465905437315
151,0.004550096316303904,0.953195458114155,0.04225444556954118
152,0.004539568119796374,0.9537160482055607,0.04174438367464292
153,0.004529262624031476,0.9538211196697646,0.041649617706203915
154,0.00450406570959023,0.9537541750867568,0.04174175920365303
155,0.0044549305219567506,0.9539664617589662,0.041578607719076975
156,0.00445562964398391,0.9530206308425836,0.04252373951343247
157,0.00451680800905061,0.9530137038392664,0.04246948815168287
158,0.004440536777702087,0.9538239219693752,0.04173554125292273
159,0.00439591776318596,0.9540716455589306,0.041532436677883346
160,0.004431770396233686,0.9533448733381797,0.04222335626558657
161,0.0044610998447143875,0.9530304806599788,0.04250841949530687
162,0.004465822523786433,0.9528568243818455,0.04267735309436796
163,0.004485550364616659,0.9529937141539631,0.04252073548142032
164,0.00447443355881571,0.9528110766107407,0.04271448983044367
165,0.0044212203166455735,0.9531659338133625,0.04241284586999186
166,0.004424204345472122,0.952888775223669,0.0426870204308588
167,0.0044133646291565085,0.9527035781543548,0.042883057216488614
168,0.00437227424764559,0.9530336197381327,0.0425941060142216
169,0.004360771459439383,0.9537842675388065,0.04185496100175398
170,0.004390837670741291,0.9542354940916365,0.04137366823762218
171,0.004337441477021893,0.9551421892824582,0.040520369240519855
172,0.004338557953638583,0.9558803984621557,0.03978104358420579
173,0.004349254559535885,0.9566329550136612,0.03901779042680295
174,0.004395768225319684,0.9554316963571372,0.04017253541754315
175,0.0044077336522937915,0.9554271375782724,0.040165128769433796
176,0.004383612202393214,0.9550075185931082,0.04060886920449859
177,0.004356460500246485,0.9544069547444727,0.041236584755280775
178,0.004388522339873309,0.9535455143889212,0.04206596327120537
179,0.004466294692551116,0.9527673256581071,0.04276637964934182
180,0.004456788329379717,0.9527835368987049,0.04275967477191544
181,0.004470977828563532,0.9562821164295597,0.03924690574187674
182,0.0044662499302635965,0.9562213012788118,0.03931244879092462
183,0.0043312215273368345,0.9579710127761043,0.03769776569655901
184,0.004395319985287907,0.957204863700939,0.038399816313773115
185,0.004520894943166819,0.9563129580681702,0.039166146988663046
186,0.004478413498930059,0.9567291211733332,0.038792465327736836
187,0.004501392590963807,0.9564446376910835,0.039053969717952754
188,0.004512650596998267,0.9566601673392977,0.03882718206370401
189,0.004597951206768237,0.9569371142806227,0.03846493451260918
190,0.004540342658831844,0.9580436505790135,0.037416006762154584
191,0.004509067384976994,0.9580539609300567,0.03743697168496617
192,0.004475813029384271,0.9584592914931059,0.0370648954775098
193,0.004484886952555386,0.9582393032179709,0.03727580982947375
194,0.00450819640777876,0.9586364214613342,0.03685538213088701
195,0.004536726573511733,0.958632170743016,0.036831102683472325
196,0.0045524238532973025,0.9585694310359253,0.03687814511077743
197,0.004496513977299732,0.9581934299564502,0.03731005606625014
198,0.004480591643557172,0.9584658094088933,0.037053598947549476
199,0.004394026505417919,0.9598114297901644,0.035794543704417606
200,0.004345564510382925,0.9597668169789696,0.035887618510647604
201,0.004321252309344356,0.9598937955547026,0.035784952135953056
202,0.004255868819131895,0.9603825255126166,0.035361605668251486
203,0.0042156676305063435,0.9607992977499238,0.03498503461956998
204,0.004146515972649293,0.9609402048549536,0.034913279172397185
205,0.004184448236648844,0.9606884507861445,0.03512710097720671
206,0.004158459932349536,0.9617613967021187,0.03408014336553179
207,0.004145211379407522,0.9614806064399944,0.03437418218059815
208,0.004134346125916957,0.9609348970128568,0.034930756861226306
209,0.004126583468496537,0.9597745911027522,0.03609882542875116
210,0.0360543937428263,0.9311298754250185,0.03281573083215516
211,0.0016801706100077335,0.9302361241949938,0.06808370519499857
212,0.0016386719897011081,0.9312632969841713,0.06709803102612756
213,0.001645496546062216,0.9306076455114375,0.0677468579425002
214,0.0016760894784551932,0.9307106575357484,0.06761325298579637
215,0.0016609866178038616,0.9312946951119079,0.06704431827028834
216,0.0016727072911281182,0.9319667999363541,0.06636049277251777
217,0.0016528520140545824,0.9330551463542605,0.065292001631685
218,0.0016371488114153248,0.9331945313043367,0.06516831988424797
219,0.0016298294615307476,0.9339085092648525,0.06446166127361683
220,0.0016092421814224718,0.9342258894232878,0.06416486839528975
221,0.001611572659695527,0.9348150648219549,0.06357336251834964
222,0.0016026325156954333,0.9350697180930752,0.06332764939122942
223,0.0015911688400760643,0.9361326914575225,0.06227613970240133
224,0.0015767454252707134,0.9378308750288237,0.060592379545905566
225,0.0015608265991214577,0.9380134602658101,0.06042571313506832
226,0.001544662719683769,0.9359095265712377,0.06254581070907854
227,0.0015517885345579174,0.9340698389547004,0.0643783725107416
228,0.0015260905772122818,0.933319130601874,0.06515477882091367
229,0.0015709003521142636,0.9338868649326083,0.06454223471527741
230,0.0016015673440932957,0.9352780519621601,0.06312038069374663
231,0.00161126830744724,0.9332534874688639,0.06513524422368878
232,0.0016028651823076078,0.934428182519778,0.06396895229791436
233,0.0015920475131911522,0.9356144676662096,0.06279348482059925
234,0.0015652228574471255,0.9350659477497101,0.06336882939284273
235,0.001597128416531037,0.9331609357295632,0.06524193585390585
236,0.0016149051602141677,0.9332595926745841,0.06512550216520174
237,0.0015230058868173323,0.9380462815774535,0.06043071253572917
238,0.0015237052114285047,0.9357899340349805,0.06268636075359114
239,0.0015535805948789544,0.9337957602016642,0.0646506592034568
240,0.0014971517802615027,0.933112086779839,0.0653907614398994
241,0.0015295710195165984,0.931654421682246,0.06681600729823736
242,0.001541342419489347,0.9302961699548301,0.0681624876256806
243,0.0015380546650908748,0.9299222896870024,0.06853965564790687
244,0.0015459255243352532,0.9293479504909985,0.06910612398466633
245,0.0015352804133052442,0.930123207566764,0.06834151201993076
246,0.0015333213379307004,0.9301193478288574,0.0683473308332119
247,0.0014994146314867456,0.9312006821127738,0.06729990325573944
248,0.0014974454242642193,0.9319088250052533,0.0665937295704825
249,0.0014890900472118997,0.9318460764777605,0.0666648334750276
250,0.0014981481107762193,0.9311406424283196,0.06736120946090421
251,0.0014897861302893723,0.9321667235493942,0.06634349032031635
252,0.0014914421701770443,0.931575547299705,0.06693301053011788
253,0.0015004921004698438,0.9331267308910564,0.06537277700847385
254,0.0015388148412291637,0.9326884892539458,0.06577269590482511
255,0.0015360012781935075,0.9307800130077344,0.067683985714072
256,0.0015714147044267482,0.9286502065700563,0.06977837872551694
257,0.0016178473235963972,0.9250990502420486,0.07328310243435496
258,0.0016089279601227105,0.9257267424117626,0.07266432962811463
259,0.001599515007978328,0.9269570321867935,0.07144345280522824
260,0.0016250219347525583,0.9257626662255481,0.0726123118396993
261,0.001664410518072313,0.9227211864178007,0.0756144030641271
262,0.0065567700352839806,0.9204222869900288,0.07302094297468716
263,0.006532485835328884,0.920940092585478,0.07252742157919312
264,0.006623964149575023,0.9198526337377151,0.07352340211270993
265,0.0066390731845918085,0.9196402511638692,0.07372067565153907
266,0.006544424636690597,0.9202514772039814,0.07320409815932812
267,0.0066981687936899644,0.9195614154769561,0.073740415729354
268,0.0066238396858280665,0.9210736082434444,0.07230255207072751
269,0.006648491884858634,0.9226849703249242,0.07066653779021707
270,0.006508200884548682,0.921765441520114,0.0717263575953375
271,0.006356475768848231,0.9234949409918191,0.0701485832393328
272,0.0063134924083780635,0.9232061494754139,0.07048035811620802
273,0.006165736015290025,0.9257357188596983,0.06809854512501168
274,0.006176050165248151,0.9268402075191888,0.06698374231556295
275,0.006200123935671621,0.9268864263565899,0.06691344970773853
276,0.00623950457046866,0.9258106344344309,0.06794986099510036
277,0.00619981940848002,0.9293016945570385,0.06449848603448145
278,0.006126018501121006,0.9317713254497622,0.06210265604911689
279,0.006247796846555594,0.9316951154285708,0.06205708772487358
280,0.006349136345039122,0.9307191784037787,0.06293168525118209
281,0.006389883623264988,0.9309765968940973,0.06263351948263784
282,0.006295882495249325,0.9306085610208031,0.06309555648394757
283,0.006311306597710356,0.9301293378413764,0.06355935556091322
284,0.006281545927235963,0.9304588096742112,0.06325964439855274
285,0.0063040821490034284,0.9295541467803111,0.0641417710706855
286,0.006428519129873617,0.9285072085835631,0.06506427228656328
287,0.0065129696677395325,0.9277420762049812,0.06574495412727929
288,0.0063903589955205215,0.9292446925358792,0.06436494846860034
289,0.00203975178275604,0.9302594183868966,0.06770082983034723
290,0.002033559358094233,0.9305895155753126,0.06737692506659325
291,0.0020194438945892574,0.930679464821242,0.06730109128416883
292,0.0019996762826995067,0.9305043710124868,0.06749595270481369
293,0.0019822654345560717,0.9312248519275118,0.06679288263793218
294,0.002007605982769839,0.929771055092057,0.06822133892517314
295,0.0019958336104048268,0.929631008553368,0.06837315783622722
296,0.0020130715817046722,0.9285056647135201,0.06948126370477518
297,0.00199620197306053,0.9282720000206194,0.06973179800632008
298,0.001975785939588228,0.9276062414462146,0.07041797261419706
299,0.0019932833748345894,0.9265106647515373,0.07149605187362813
300,0.0020018401308399872,0.9278946093474825,0.07010355052167756
301,0.0019435945628038366,0.9289366131814742,0.06911979225572193
302,0.0019376863868565337,0.9279400649857916,0.07012224862735189
303,0.0019075149165939886,0.9292934365623089,0.0687990485210971
304,0.001878997942378114,0.9295757055513263,0.06854529650629557
305,0.0018948764948001923,0.9277120721866579,0.07039305131854191
306,0.001880122609334168,0.9269341992232287,0.07118567816743693
307,0.0018987569306181708,0.9270850690774999,0.07101617399188205
308,0.0018839713392267172,0.9266566829847414,0.07145934567603184
309,0.0018910401020488484,0.9261338102194014,0.0719751496785498
310,0.0018607435776550486,0.926874933898904,0.07126432252344103
311,0.001845045568415447,0.9268116169451207,0.07134333748646383
312,0.0018258427388587316,0.9276087738812607,0.07056538337988046
313,0.0018280713028685175,0.9277421161574518,0.07042981253967955
314,0.0018280528752098277,0.9272817050493085,0.07089024207548153
315,0.0018277763496443655,0.9264326475798428,0.07173957607051284
316,0.0018275573638636012,0.9266276425874546,0.0715448000486818
317,0.0017982639290306775,0.9267830616882132,0.0714186743827561
318,0.0017338793835495769,0.9291437600300692,0.06912236058638115
319,0.0017538713488940735,0.9274759666530277,0.0707701619980782
320,0.0018000508998369934,0.9275136653174428,0.07068628378272021
321,0.0018109516752059754,0.9278477765784165,0.0703412717463775
322,0.0017803022373054267,0.9274107533038363,0.07080894445885826
323,0.0017826450329030232,0.9275314193725905,0.07068593559450645
324,0.001808345127625886,0.9277235462956961,0.07046810857667805
325,0.0017752251082576594,0.9297878989032583,0.06843687598848407
326,0.0017510846631853146,0.9313882682123704,0.0668606471244443
327,0.0017863950397164045,0.9316079010625109,0.06660570389777279
328,0.0018450541675522057,0.9296127480770261,0.06854219775542157
329,0.0018556178469304157,0.9292277616425816,0.068916620510488
330,0.0019047613411825226,0.929580302872043,0.06851493578677445
331,0.001903246458544588,0.9293777969474466,0.06871895659400873
332,0.0018766357316790726,0.9294821656192891,0.06864119864903191
333,0.0019764050709266253,0.9261550176235999,0.07186857730547358
334,0.0019839036370739114,0.9248258299007723,0.07319026646215376
335,0.0019847641994013934,0.9237052445551913,0.0743099912454073
336,0.0019232074316373304,0.9227688439694924,0.07530794859887015
337,0.002022637827222224,0.9221512553111981,0.07582610686157969
338,0.0020786050724862447,0.9220944890581295,0.07582690586938418
339,0.0021014471010709084,0.9238378847235247,0.07406066817540438
340,0.006865878950596642,0.9209464330449623,0.072187688004441
341,0.007040847653748984,0.9210999676343194,0.07185918471193159
342,0.007068457274559391,0.9192288704007143,0.0737026723247262
343,0.011672967735393999,0.9214250484631172,0.0669019838014888
344,0.011736644800514217,0.9213466702879494,0.06691668491153648
345,0.011815406319965025,0.9199147289763143,0.06826986470372065
346,0.013372777549277544,0.911528181522357,0.07509904092836546
347,0.013545651907162278,0.9093997934021103,0.07705455469072739
348,0.008155581627873987,0.9076003651321977,0.08424405323992835
349,0.013467140705284692,0.9081390311682239,0.07839382812649136
350,0.01326070304627138,0.9113537717771287,0.07538552517659988
351,0.013176346539129065,0.9105214882574537,0.07630216520341712
352,0.022755296660599382,0.9153271483240694,0.061917555015331346
353,0.022478560461853786,0.9154155199535539,0.06210591958459219
354,0.0227027318683355,0.9156283798209955,0.06166888831066899
355,0.023139293525947634,0.9147596467569998,0.06210105971705255
356,0.02180890025425544,0.9199337598592736,0.058257339886470846
357,0.02229846158843363,0.9186712017923393,0.059030336619227165
358,0.022463509444536095,0.9181255090806896,0.05941098147477432
359,0.0224752130252418,0.9172622968514256,0.060262490123332575
360,0.022640588424530848,0.916588676158087,0.06077073541738215
361,0.017667479855159495,0.9188793891817358,0.0634531309631047
362,0.018011279893216235,0.9194161992847992,0.06257252082198461
363,0.013757906310357958,0.9198229835023265,0.06641911018731556
364,0.013707910221928464,0.9216479126783323,0.06464417709973923
365,0.013566805960617581,0.9201632703974998,0.06626992364188271
366,0.013767713103265541,0.9194813296446026,0.06675095725213187
367,0.013866865839372385,0.915709825207075,0.07042330895355264
368,0.01339135744985404,0.9168157907580913,0.06979285179205477
369,0.013467502126119139,0.9157574059831828,0.07077509189069807
370,0.01306341978209987,0.9173262489903846,0.0696103312275155
371,0.012791351579411919,0.9159399135191577,0.07126873490143032
372,0.01286482135760665,0.9162179720171089,0.07091720662528447
373,0.013216054966025403,0.915559787069045,0.07122415796492959
374,0.01318115159886965,0.915538578973607,0.07128026942752339
375,0.01294210887935803,0.9169965244312245,0.07006136668941756
376,0.012763850172904274,0.9165935894571846,0.07064256036991114
377,0.012685776759341337,0.9156755124330003,0.07163871080765843
378,0.012576888380670524,0.9159780936022253,0.07144501801710426
379,0.01251149821025237,0.9154699145488433,0.07201858724090439
380,0.012364098942281817,0.9167300787481412,0.07090582230957694
381,0.01241877377438201,0.9159370901294733,0.07164413609614466
382,0.012617768414513616,0.915075615161504,0.07230661642398227
383,0.012590451665254233,0.9161656041868342,0.07124394414791148
384,0.012142373093670333,0.9189588230693723,0.06889880383695735
385,0.011903008150020933,0.9202171307711466,0.0678798610788326
386,0.012056049735696154,0.9201964583450828,0.0677474919192212
387,0.011946711826094766,0.9187919674981381,0.06926132067576717
388,0.011852207797003172,0.9184800111086441,0.0696677810943528
389,0.01174033635610573,0.9189399314580075,0.06931973218588677
390,0.00696104412457126,0.9204851413215868,0.07255381455384191
391,0.006969818269348435,0.9206363455489263,0.07239383618172529
392,0.0071901509352457395,0.9188500285589927,0.07395982050576168
393,0.007053254931049879,0.9196317534969325,0.07331499157201757
394,0.0022707785955866627,0.9230706182800196,0.07465860312439378
395,0.002253349810900251,0.924732592595575,0.07301405759352467
396,0.0022329190007640484,0.9256758269622578,0.07209125403697798
397,0.0022558393866237594,0.9294483945277381,0.06829576608563813
398,0.002242309966642119,0.9299089408812271,0.06784874915213067
399,0.0022579579440602376,0.9300131757607579,0.06772886629518181
400,0.0022675554897107746,0.9294792254302412,0.068253219080048
401,0.002258847776601712,0.9280163380659711,0.0697248141574272
402,0.0022832016699689396,0.9274973814887002,0.0702194168413308
403,0.00226664397018777,0.9276449835465479,0.07008837248326429
404,0.0022975326515289065,0.9270135563180301,0.0706889110304411
405,0.0022771587653092635,0.927442315447447,0.07028052578724378
406,0.00224136682155096,0.9273766932769104,0.0703819399015385
407,0.0022146699554217537,0.9285373213160003,0.06924800872857799
408,0.0022046944972108178,0.9298708097976698,0.06792449570511938
409,0.0021882064327300313,0.9306143387745976,0.06719745479267233
410,0.0022099242004258108,0.9290776184072282,0.06871245739234605
411,0.002245984086003744,0.9288103833866963,0.06894363252730003
412,0.0022603405934975263,0.9289210421702189,0.0688186172362836
413,0.002255937441731602,0.9290783198910986,0.06866574266716978
414,0.0022277780739430176,0.9302330771558343,0.0675391447702228
415,0.0023040921627451787,0.9289964779495079,0.06869942988774697
416,0.0023093109272999232,0.929770035062752,0.06792065400994804
417,0.006565772311947177,0.9294071789847506,0.06402704870330227
418,0.006586766174961739,0.9287499412768447,0.06466329254819347
419,0.0064995339750613165,0.928860061298707,0.06464040472623168
420,0.006623332424182145,0.9285575069019392,0.06481916067387863
421,0.006632559102431953,0.9294749367777121,0.06389250411985595
422,0.006493823365614266,0.9288682477485257,0.06463792888585998
423,0.0064979259523210015,0.92854253038213,0.0649595436655491
424,0.006411206918978998,0.9290672273109066,0.06452156577011445
425,0.0063882217491713685,0.9308085771492821,0.06280320110154651
426,0.0067424718325246056,0.9292178413075772,0.06403968685989815
427,0.006769039990380022,0.928674744787453,0.06455621522216685
428,0.006821552757027642,0.9275889405332528,0.06558950670971948
429,0.006814489832635361,0.9278063941597495,0.065379116007615
430,0.006784278584416095,0.9281453731553728,0.06507034826021116
431,0.006876682233294584,0.9276938845036069,0.06542943326309847
432,0.0069697238188906815,0.9281048286680829,0.0649254475130264
433,0.00704398184619697,0.9267693527528051,0.06618666540099792
434,0.0073376527623861204,0.9242481432028969,0.06841420403471693
435,0.007146004829251701,0.9269338751996864,0.06592011997106208
436,0.011554812006294091,0.9264099133059952,0.06203527468771079
437,0.01132282304642472,0.9267711542109442,0.06190602274263102
438,0.011537783491843962,0.9263598711911779,0.06210234531697807
439,0.016136329682973426,0.9253654286854474,0.05849824163157923
440,0.01593521390317952,0.924397164045985,0.05966762205083536
441,0.015670590583102807,0.9250303249302032,0.059299084486694076
442,0.015846593200850505,0.9242400329995848,0.05991337379956463
443,0.015778804063438047,0.924443948638979,0.059777247297582804
444,0.01624206800841964,0.9233035971787965,0.06045433481278389
445,0.01631337523952857,0.9237123388485224,0.05997428591194901
446,0.016135592458359892,0.924833389466091,0.059031018075549134
447,0.016312125961778497,0.9237802971977538,0.05990757684046768
448,0.016247194538205407,0.9232793863620933,0.06047341909970137
449,0.016676051179459184,0.9206374040034522,0.06268654481708856
450,0.016342332633857606,0.9211054133708416,0.06255225399530084
451,0.01604194934005354,0.9219010327697645,0.06205701789018193
452,0.016121115157863564,0.922848661050251,0.0610302237918855
453,0.016348082890250734,0.9223227390822046,0.06132917802754469
454,0.01589725443535453,0.9230638269520559,0.06103891861258962
455,0.015316658855586428,0.9242988594162095,0.06038448172820417
456,0.010689507828344985,0.9246303533472986,0.06468013882435655
457,0.010670361062583148,0.9236955173781304,0.06563412155928645
458,0.01073541112651136,0.9239120303581226,0.065352558515366
459,0.01044072613309033,0.9244827590202773,0.06507651484663225
460,0.010623265404114455,0.9233932358741639,0.0659834987217217
461,0.01062878147825432,0.9210356456954363,0.06833557282630946
462,0.010958939854662274,0.9183996722041254,0.07064138794121239
463,0.010903858963754079,0.9190375653186603,0.07005857571758574
464,0.010897416412984915,0.9187212021744132,0.0703813814126019
465,0.010867343741127578,0.9202166801826278,0.06891597607624447
466,0.010774177474059822,0.9201895108123328,0.0690363117136074
467,0.010825414492946174,0.9193305956094281,0.06984398989762572
468,0.010369552720551272,0.9222424329244064,0.06738801435504232
469,0.005604648345820299,0.9227671154125852,0.07162823624159441
470,0.005665675780931486,0.9223370832679743,0.07199724095109428
471,0.005500950651861001,0.92502125319386,0.06947779615427913
472,0.005523403141068048,0.9246332829871604,0.0698433138717715
473,0.0055443829835896494,0.923204580147924,0.07125103686848648
474,0.005523969212011897,0.923951729218815,0.07052430156917311
475,0.0055220648526894235,0.9231040889828973,0.07137384616441321
476,0.0008121902637766897,0.9243664682277453,0.07482134150847809
477,0.0008090139554184806,0.9251478741646376,0.07404311187994396
478,0.0008097918407946826,0.9245993449364139,0.07459086322279136
479,0.0008139896286945215,0.9246204506893504,0.07456555968195508
480,0.0008168011266049042,0.9243889333451965,0.07479426552819864
481,0.0008009581402163261,0.9240926345142345,0.0751064073455492
482,0.0008518062157802792,0.9182611331487779,0.08088706063544182
483,0.0060922935842807726,0.9145619625560364,0.07934574385968281
484,0.006153514582296831,0.9127875271332098,0.08105895828449347
485,0.0062503589043365615,0.9129230073280991,0.08082663376756431
486,0.011636773724673772,0.9117283936212874,0.0766348326540387
487,0.011648042561610386,0.9115698856031221,0.07678207183526753
488,0.011631598389495776,0.9133082400641247,0.07506016154637953
489,0.011529796335693636,0.9140489073711642,0.07442129629314226
490,0.011512853336506925,0.913678958231782,0.07480818843171093
491,0.01161712081907262,0.9131156946878954,0.07526718449303192
492,0.012068903048441985,0.9101529925289696,0.07777810442258841
493,0.012129739413222483,0.9098902281702764,0.07798003241650106
494,0.012214378117990182,0.9106399203673512,0.07714570151465852
495,0.012228426491547794,0.9100771211974096,0.07769445231104252
496,0.012132562887941638,0.9113050350141334,0.07656240209792509
497,0.012206246672840532,0.9101923891655158,0.07760136416164377
498,0.017553229886560405,0.9106815901764839,0.07176517993695578
499,0.01772570276928714,0.9113805814314658,0.07089371579924703
500,0.01792441481241289,0.9105222257947047,0.07155335939288249
501,0.017797137742148028,0.9111218123656255,0.07108104989222651
