,0,1,2
0,0.06722664231573432,0.8182618932784699,0.11451146440579581
1,0.06792358247110183,0.8171540366175319,0.11492238091136622
2,0.0689248961240029,0.8165771457921558,0.11449795808384121
3,0.06870771601203084,0.8093844071027927,0.12190787688517665
4,0.06805701911844823,0.8061208075067464,0.1258221733748053
5,0.06899575366985067,0.8041398911315604,0.12686435519858905
6,0.06887414688984435,0.8031416092266388,0.1279842438835169
7,0.06860427083011687,0.8060352113702198,0.12536051779966312
8,0.06937085503456916,0.8048246396332709,0.12580450533215995
9,0.06954087849119245,0.8063741747993819,0.12408494670942558
10,0.07041855251413452,0.7992129687680515,0.13036847871781398
11,0.07731552647789668,0.7996247842748537,0.12305968924724965
12,0.07730271487354737,0.8028115357359512,0.11988574939050158
13,0.07699567372563086,0.7985207996293583,0.12448352664501093
14,0.07681183115449045,0.7956907434229503,0.1274974254225593
15,0.07639866675897415,0.7981903148719511,0.12541101836907484
16,0.0785064710724506,0.8009078802731119,0.12058564865443756
17,0.0785644128209498,0.8030057532145067,0.11842983396454346
18,0.07954962915648342,0.8025324429772975,0.11791792786621895
19,0.07977396622200064,0.8004340240377238,0.11979200974027558
20,0.07864453772802951,0.8004927862587771,0.12086267601319337
21,0.07892350406263306,0.8024963963700095,0.11858009956735747
22,0.07881570228822286,0.8028442667075348,0.11834003100424233
23,0.07900581719060255,0.8032429677309947,0.11775121507840271
24,0.07784212943726354,0.8017955401981384,0.12036233036459813
25,0.078308053405212,0.8059894957671411,0.11570245082764691
26,0.07193807352893766,0.8090054329145367,0.11905649355652564
27,0.07260287860390062,0.8074943243235337,0.11990279707256565
28,0.0725789417463836,0.8084886017328827,0.11893245652073364
29,0.07259620108115855,0.8115465149230104,0.11585728399583112
30,0.07176549685558357,0.8114159407985997,0.11681856234581679
31,0.07217211564487375,0.8134607917579447,0.11436709259718153
32,0.0726308951802078,0.8137004585524305,0.1136686462673616
33,0.07346351838688904,0.8124498242440442,0.11408665736906681
34,0.07496148264428053,0.8099365254291949,0.11510199192652464
35,0.07504525870806047,0.8074054910789367,0.11754925021300291
36,0.07651938975871567,0.8068340057700467,0.11664660447123769
37,0.07703516182549267,0.8052176242633481,0.11774721391115923
38,0.07677985838117807,0.8044159696051622,0.11880417201365978
39,0.0775258031605201,0.8041276974894153,0.11834649935006464
40,0.07870168885401654,0.8050411879493548,0.11625712319662862
41,0.07948581513195004,0.8008128528302962,0.1197013320377538
42,0.07949014020625224,0.7965388660194851,0.12397099377426263
43,0.08099240216611217,0.7965023376041743,0.12250526022971349
44,0.07934030211955458,0.7986953522079061,0.12196434567253928
45,0.07843974203779286,0.8021386803866712,0.11942157757553601
46,0.07738256640932344,0.8031062176568939,0.11951121593378271
47,0.0769686302962464,0.8048623867238324,0.11816898297992127
48,0.07689776535746733,0.8025914932716814,0.12051074137085113
49,0.07755459704722956,0.8014629022695795,0.12098250068319086
50,0.07719712521174193,0.8024980248477619,0.1203048499404963
51,0.0786172513699199,0.801843681090693,0.11953906753938708
52,0.0773462185612611,0.8033640312256031,0.11928975021313586
53,0.07604688994561945,0.8032685708880262,0.1206845391663544
54,0.07519276147161774,0.8081374050773903,0.11666983345099192
55,0.07575814788310037,0.8087115311280615,0.11553032098883806
56,0.07414401312873861,0.8109142496609276,0.11494173721033378
57,0.07296652905803289,0.811123958354901,0.11590951258706601
58,0.07234474220062323,0.8136472246249952,0.11400803317438153
59,0.07350944272662019,0.8118897802193009,0.11460077705407881
60,0.07293885586016254,0.8118759040505061,0.11518524008933144
61,0.07235047921748952,0.8109471982298175,0.11670232255269296
62,0.07136762662730813,0.8131825814182037,0.11544979195448808
63,0.0714873470260561,0.8129664300067039,0.11554622296724004
64,0.0648044118044489,0.8144541756062659,0.12074141258928518
65,0.06450418612240202,0.8161260019091523,0.11936981196844582
66,0.06429770483683526,0.8179952981816205,0.11770699698154402
67,0.05720983817353753,0.8187568565918708,0.12403330523459175
68,0.057089433782870666,0.8179295596817178,0.12498100653541146
69,0.05721251520219495,0.8151143345845105,0.12767315021329453
70,0.05641293792475649,0.8161822271547978,0.1274048349204457
71,0.05621882235715499,0.8176082754028455,0.12617290223999955
72,0.056365128884114414,0.8171489168642855,0.12648595425160014
73,0.05593291061531703,0.8156663234885938,0.1284007658960892
74,0.05563215795760075,0.8164309685032459,0.12793687353915337
75,0.05602386174969424,0.815959670152892,0.1280164680974137
76,0.055658262720610654,0.8150455264985583,0.1292962107808311
77,0.056240236510529444,0.8130658170334574,0.13069394645601315
78,0.05611495910201322,0.8149749820782463,0.12891005881974052
79,0.05616937614474512,0.8143991260014843,0.12943149785377053
80,0.05568469855178349,0.8160006496614474,0.1283146517867691
81,0.05582016932562329,0.814810563976481,0.1293692666978957
82,0.05493870442644665,0.817526138822572,0.1275351567509814
83,0.05579694671316423,0.8214760613091295,0.12272699197770622
84,0.056118416199555224,0.8200666847559593,0.12381489904448535
85,0.05479475857977533,0.8227787504380235,0.12242649098220122
86,0.05457683738598371,0.8228465415350651,0.12257662107895119
87,0.0550214404273989,0.8234196583857185,0.12155890118688259
88,0.05547876163608318,0.8230814379562942,0.1214398004076227
89,0.05606235360023446,0.8185876970797168,0.1253499493200487
90,0.05510193843658665,0.820409184983025,0.12448887658038839
91,0.05457485069761567,0.8230307585529132,0.12239439074947121
92,0.05465702265492148,0.8232835855068645,0.122059391838214
93,0.05483208945977237,0.8234468752221619,0.12172103531806577
94,0.055211947591581975,0.8223286805590816,0.12245937184933647
95,0.05460106088212367,0.821626676824987,0.12377226229288925
96,0.05499912528366694,0.8214459626361078,0.12355491208022515
97,0.054664889829606204,0.8223084770541847,0.12302663311620918
98,0.05445807996795401,0.8233207243747316,0.12222119565731447
99,0.05439159759572287,0.8228277117147399,0.12278069068953712
100,0.05421254240227753,0.8241173203457947,0.12167013725192782
101,0.05520688697217675,0.819242933254125,0.12555017977369826
102,0.05528540889981489,0.8203214599316149,0.12439313116857009
103,0.05505566259452467,0.8220096513774215,0.1229346860280537
104,0.05461650609344347,0.8224805810998037,0.12290291280675282
105,0.054158436611391615,0.8233372842883501,0.12250427910025846
106,0.05484457426790326,0.8184491789893865,0.12670624674271022
107,0.05495187698808764,0.8185414776933785,0.1265066453185339
108,0.054807520503407904,0.8169502146629392,0.12824226483365297
109,0.05434361609022853,0.8165376583610886,0.12911872554868284
110,0.05488242959959574,0.8220929602071622,0.1230246101932421
111,0.054650447701883514,0.8227559439187853,0.12259360837933125
112,0.05462315679462703,0.822666526795508,0.12271031640986499
113,0.05512529840721531,0.8204976392632699,0.12437706232951479
114,0.054495170260220216,0.8225347116554204,0.12297011808435951
115,0.054881848832592485,0.820038988802463,0.12507916236494454
116,0.054113928050311066,0.8211322080675334,0.12475386388215542
117,0.05349043642556605,0.8229607813288288,0.12354878224560527
118,0.05351090774740827,0.8228349312895226,0.1236541609630691
119,0.053422096293277405,0.8216788446584529,0.1248990590482697
120,0.05309667921268477,0.8217561631991198,0.12514715758819525
121,0.05296584789559766,0.8239494051222076,0.12308474698219483
122,0.052788118607228034,0.8258441088662476,0.12136777252652432
123,0.053175120161519644,0.8253900776428519,0.12143480219562841
124,0.05331036387666759,0.8251051592634536,0.12158447685987885
125,0.052856525762591255,0.8272253556657483,0.11991811857166064
126,0.05288351062686824,0.8274816783851442,0.11963481098798748
127,0.05234243121351888,0.8309659943225666,0.1166915744639145
128,0.05212987969777366,0.8326429346231248,0.1152271856791016
129,0.05153524738506208,0.8336986005574767,0.11476615205746127
130,0.052070563925892356,0.8331867157942234,0.11474272027988425
131,0.045889347685238835,0.833567720983804,0.12054293133095713
132,0.04567028014209073,0.8354782861090679,0.11885143374884145
133,0.04548879657104034,0.8359542067394733,0.11855699668948629
134,0.04573594105978475,0.8375366592827082,0.1167273996575072
135,0.04543754158468481,0.8397366062170836,0.11482585219823159
136,0.04513601011432485,0.8383735647721567,0.11649042511351837
137,0.04525277597204615,0.8380586494860999,0.116688574541854
138,0.03901618329957015,0.839522203327792,0.1214616133726377
139,0.03851954390779581,0.8405277581282332,0.12095269796397094
140,0.03865220796085082,0.8430242410310405,0.11832355100810883
141,0.03862415424655592,0.8446216896841326,0.11675415606931135
142,0.038688595287821724,0.8418040958262621,0.11950730888591608
143,0.03848974035381516,0.8435468928039794,0.11796336684220522
144,0.03815660975698881,0.8449765533304425,0.11686683691256866
145,0.03815206378172382,0.8433030350251975,0.11854490119307852
146,0.0377255379861569,0.8458316376070389,0.11644282440680404
147,0.07010542733573752,0.8142508542451251,0.1156437184191374
148,0.06345903259293335,0.8175474212232738,0.11899354618379282
149,0.06394026089338128,0.8171302244318412,0.1189295146747774
150,0.06393910035776758,0.8186766446092957,0.1173842550329366
151,0.06380358597284089,0.8216895242406099,0.11450688978654931
152,0.05836187351443082,0.823028066996596,0.1186100594889733
153,0.0582475029530048,0.823374875248549,0.11837762179844623
154,0.05793041227440954,0.8234158475184606,0.11865374020712975
155,0.05735077540149429,0.8243513112505967,0.1182979133479089
156,0.05725209967210563,0.8219880500690677,0.12075985025882659
157,0.058001891038662164,0.8214677827966249,0.12053032616471297
158,0.05715758734298543,0.8241143858565472,0.11872802680046733
159,0.056636390686095404,0.8251024304159879,0.11826117889791674
160,0.05699567635232142,0.8229919034325083,0.12001242021517028
161,0.05732036623028812,0.8219675481326715,0.1207120856370405
162,0.05735864153884819,0.8214968712081958,0.12114448725295593
163,0.0576162403499801,0.8216750162212685,0.1207087434287514
164,0.05745909508374275,0.8213124067883063,0.12122849812795093
165,0.05684587233641253,0.8226330586074347,0.12052106905615255
166,0.0568513644313363,0.8219185703254545,0.12123006524320917
167,0.05669746198335986,0.8215471103065285,0.12175542771011166
168,0.056229393313268775,0.8227068090862809,0.12106379760045022
169,0.056171380408660786,0.824674930096253,0.11915368949508615
170,0.05659220882645913,0.8255544026549306,0.11785338851861024
171,0.05603480957596949,0.8282723592038314,0.11569283122019927
172,0.05613097829450228,0.8301214424093861,0.11374757929611147
173,0.05129826966731639,0.8319317612759202,0.11676996905676347
174,0.051693882402703666,0.8284350945034585,0.11987102309383776
175,0.051828652249340794,0.8283361655610219,0.11983518218963729
176,0.051510172211221436,0.8274126259706754,0.1210772018181031
177,0.05113833840806242,0.8260396725695013,0.12282198902243627
178,0.05681224905570019,0.823563737661336,0.11962401328296378
179,0.05768485879468957,0.8209816183603863,0.12133352284492412
180,0.05756943777789316,0.821100551845791,0.12133001037631584
181,0.053084046113953134,0.829732137789746,0.11718381609630092
182,0.053023309353729585,0.8296073628007803,0.11736932784549009
183,0.05167375069295137,0.8352227837219566,0.11310346558509206
184,0.052323206281576815,0.832720246516179,0.11495654720224417
185,0.05365641535510804,0.829445121227604,0.11689846341728798
186,0.053219202252646786,0.8308517513235142,0.11592904642383906
187,0.053449113533329706,0.8299345179995617,0.11661636846710863
188,0.05360189896867816,0.8304175808230144,0.1159805202083075
189,0.05460574427743733,0.8305155105953699,0.11487874512719283
190,0.049237243192653754,0.8338577968812749,0.11690495992607142
191,0.048911027877085726,0.8340875397374985,0.11700143238541574
192,0.04860721280670674,0.8354184321729248,0.11597435502036856
193,0.04867816769135131,0.8347535994198026,0.11656823288884596
194,0.04896621510925477,0.8356977466329958,0.11533603825774935
195,0.049264757690699684,0.8355017110926435,0.11523353121665675
196,0.04942221997782387,0.8352273994887466,0.11535038053342954
197,0.048794931823504646,0.8345522935815306,0.11665277459496484
198,0.048658026740278006,0.8354055418862225,0.11593643137349952
199,0.04789548479636197,0.8396908429462755,0.11241367225736257
200,0.04738027053842308,0.8398827543500258,0.1127369751115512
201,0.04248349851510671,0.8403943002001195,0.11712220128477384
202,0.041907767945391874,0.8421700864687807,0.11592214558582738
203,0.04156447807708885,0.8436026007139228,0.11483292120898833
204,0.040915146245496026,0.8443964408516654,0.11468841290283846
205,0.04125414592588788,0.8434536753411221,0.11529217873298994
206,0.03665455361250036,0.846724577526007,0.11662086886149256
207,0.036514325157163,0.8459341093233178,0.11755156551951929
208,0.036370333169930213,0.8443331156670704,0.11929655116299956
209,0.036197021348332394,0.8408738743674667,0.1229291042842008
210,0.06563647737478494,0.817351172305992,0.1170123503192232
211,0.06467390407822098,0.8140179316199755,0.12130816430180348
212,0.06323173908410827,0.8169221277434451,0.11984613317244673
213,0.06344133944245342,0.8156560495107389,0.12090261104680766
214,0.06455425747174212,0.8149058846617846,0.12053985786647327
215,0.06404203398238444,0.8163026174986332,0.11965534851898224
216,0.06450551657448295,0.8170383197111278,0.11845616371438925
217,0.06384957501757324,0.8194008855003908,0.1167495394820361
218,0.059001754107598746,0.82010176256783,0.12089648332457129
219,0.05879366394683976,0.821507415794382,0.11969892025877818
220,0.058109966274408946,0.8226212196571633,0.11926881406842774
221,0.05822303013980531,0.8235489344024399,0.11822803545775491
222,0.05375502159709916,0.8242312223603618,0.1220137560425389
223,0.053449267227061385,0.8263858652504706,0.12016486752246802
224,0.04907223274693218,0.8297388484953642,0.12118891875770361
225,0.04860923321638924,0.8304544991685173,0.12093626761509345
226,0.05215050240700598,0.8270393864674683,0.12081011112552567
227,0.05652480009843627,0.8236391114032607,0.11983608849830289
228,0.05559723173032147,0.8231029173504779,0.1212998509192007
229,0.05717294328130072,0.8227867636952103,0.12004029302348897
230,0.054146291483079936,0.8242619161647041,0.12159179235221593
231,0.05434248151455212,0.8204879410198003,0.12516957746564758
232,0.05413984457390873,0.8227481555664065,0.12311199985968489
233,0.053859724525992185,0.825098906311455,0.12104136916255281
234,0.0529671798913786,0.8248479328018558,0.12218488730676574
235,0.053884625795493225,0.8206964670465688,0.12541890715793805
236,0.054459187275236264,0.820403634535109,0.12513717818965472
237,0.0517696942821469,0.8311879990511453,0.11704230666670785
238,0.05166980935459794,0.8272090079742116,0.1211211826711904
239,0.052522934519622526,0.8229398098830304,0.12453725559734703
240,0.05497819707794115,0.8232301502064944,0.12179165271556441
241,0.056025321218713925,0.8198461249926677,0.12412855378861824
242,0.056358570233704545,0.817231050417819,0.12641037934847643
243,0.06071866815674256,0.8166977666541393,0.12258356518911812
244,0.06097942131626869,0.815525079398475,0.12349549928525637
245,0.06062657435204921,0.8171090969517096,0.12226432869624126
246,0.06055347205685647,0.8171631875492016,0.12228334039394201
247,0.059348745854116286,0.819968807610183,0.12068244653570065
248,0.0593135495028942,0.8211841918423575,0.11950225865474823
249,0.058997854421881754,0.821341340622828,0.11966080495529008
250,0.05929820405057932,0.8199102527083246,0.12079154324109612
251,0.05904117349353548,0.8218430641942488,0.1191157623122157
252,0.05907119123766568,0.8208270038486776,0.1201018049136568
253,0.05518908640557487,0.8230780975950396,0.1217328159993855
254,0.05649875028415916,0.8212398505558863,0.12226139915995461
255,0.060736156024809494,0.8181121281659216,0.12115171580926899
256,0.06193349648773456,0.8135738912452245,0.12449261226704084
257,0.06821393859366581,0.8064533003862681,0.12533276102006607
258,0.06789810307300898,0.8077170481219502,0.12438484880504073
259,0.06759642588812294,0.809935463219124,0.12246811089275303
260,0.0685346892421233,0.8072467040897594,0.12421860666811728
261,0.06990614124377442,0.8012734788572904,0.12882037989893527
262,0.07661452635280237,0.7962527579571175,0.12713271569008017
263,0.07638386082948952,0.7972548390998427,0.12636130007066781
264,0.0773094442826469,0.7948322659683473,0.12785828974900568
265,0.07745976690810752,0.7943819281628586,0.12815830492903385
266,0.0815031721435014,0.796083607525961,0.12241322033053767
267,0.08323354794064912,0.7937288696971913,0.12303758236215959
268,0.08247630547466178,0.7966413429820315,0.1208823515433067
269,0.08286899823580468,0.798861532656483,0.11826946910771245
270,0.08118295845226255,0.7986812017823814,0.12013583976535587
271,0.0795318614937491,0.8026170649143839,0.1178510735918671
272,0.07901234021367992,0.8025517905455234,0.11843586924079672
273,0.07272446652035418,0.8077009697890737,0.11957456369057219
274,0.0729097109760422,0.8093705412537675,0.11771974777019042
275,0.0731791967745852,0.8092482250684302,0.11757257815698466
276,0.07354496443086245,0.8072219559193551,0.11923307964978248
277,0.0733323989666964,0.8130954823680373,0.1135721186652663
278,0.06834410638523337,0.8176526805425767,0.11400321307218989
279,0.06961860558904048,0.8165992896416903,0.11378210476926924
280,0.07061524740935712,0.8142152887325164,0.11516946385812647
281,0.07105900842278215,0.8143324035479933,0.11460858802922456
282,0.07005021792283839,0.8144354680352401,0.11551431404192154
283,0.0701796307789607,0.8135268702617119,0.11629349895932747
284,0.06549337343827656,0.8142963993752476,0.12021022718647585
285,0.0656548409279365,0.8125949579198317,0.1217502011522318
286,0.06680838721905831,0.8099530927032706,0.12323852007767112
287,0.06758469646003107,0.8080739504370017,0.12434135310296712
288,0.06648346730301014,0.8114710580171756,0.12204547467981437
289,0.06516969100801374,0.8141737513451845,0.12065655764680164
290,0.0650034492361183,0.8148588452142922,0.12013770554958958
291,0.06458503063931087,0.8153515292978778,0.12006344006281124
292,0.06398085253325762,0.8155553202216517,0.12046382724509083
293,0.06349873597480302,0.8171513646049376,0.11934989942025932
294,0.06417644817276628,0.8141752549097387,0.12164829691749487
295,0.06381469010738636,0.8142384647804168,0.12194684511219682
296,0.06426676527963587,0.8120008081686872,0.12373242655167684
297,0.06374712461186327,0.8120374356066177,0.124215439781519
298,0.06768208660398212,0.8114648272591805,0.1208530861368374
299,0.06817980444527032,0.8092995868320779,0.1225206087226518
300,0.06853312039080021,0.8112261762197326,0.12024070338946714
301,0.06672393056137281,0.8143933449290343,0.11888272450959284
302,0.06647804537148197,0.81299311741628,0.120528837212238
303,0.06108617236687656,0.8159116460883298,0.12300218154479375
304,0.06024035902024015,0.8170738356875269,0.12268580529223294
305,0.060617387128950886,0.8136634425218394,0.12571917034920962
306,0.06012969163729348,0.8127687594894464,0.12710154887326022
307,0.06069981688925344,0.8125552252617346,0.12674495784901202
308,0.06023059289011708,0.8122262117053078,0.1275431954045751
309,0.06041499713995253,0.8112095440555147,0.12837545880453277
310,0.05954155126663683,0.8131488383497569,0.1273096103836061
311,0.05906384637638984,0.8134322554388604,0.12750389818474972
312,0.058525524062313476,0.8151960791732236,0.12627839676446295
313,0.05860012220845648,0.8153572832005508,0.12604259459099265
314,0.0585750023167049,0.8146115143191139,0.12681348336418108
315,0.05852139656205471,0.8132438191376511,0.12823478430029425
316,0.05852515393765009,0.813564688804476,0.12791015725787394
317,0.05764627935075036,0.8145377726657099,0.12781594798353968
318,0.05581108695226133,0.8199734762777436,0.12421543676999497
319,0.056334447370901285,0.8167596255593781,0.1269059270697206
320,0.05773886145283335,0.8156785444700816,0.1265825940770851
321,0.05808702763317031,0.8159514444975294,0.1259615278693003
322,0.057134211981557395,0.8159995575124964,0.1268662305059462
323,0.057211631222668896,0.8161375856997154,0.1266507830776157
324,0.05800143355049092,0.8158142342599672,0.12618433218954175
325,0.0571038311373359,0.8199946068159579,0.1229015620467063
326,0.05645125825666829,0.8232136012407218,0.12033514050260992
327,0.05316490507073381,0.8226890147513359,0.12414608017793029
328,0.05471405614150021,0.8179878598029224,0.12729808405557727
329,0.05499047873597376,0.8171017348538314,0.12790778641019482
330,0.05638926227505686,0.8165781484056913,0.12703258931925188
331,0.05633565289309339,0.8162732995671793,0.12739104753972727
332,0.055594689537047715,0.817051413828891,0.12735389663406116
333,0.06286746424535966,0.8092559084263378,0.12787662732830254
334,0.0677622367622042,0.8069415312980672,0.12529623193972853
335,0.06772603546080092,0.8051839384474274,0.12709002609177172
336,0.06570503758581794,0.8053421317751789,0.12895283063900317
337,0.06884416991106689,0.8018002035091295,0.12935562657980362
338,0.07061798298790194,0.80026479195448,0.12911722505761813
339,0.0714453418155255,0.8023542949647994,0.12620036321967515
340,0.07567354333723691,0.7983671867173109,0.12595926994545223
341,0.07748666585872906,0.797313605662643,0.12519972847862787
342,0.07764329818261283,0.7941880997171328,0.12816860210025433
343,0.08125638929361535,0.7986624225233716,0.12008118818301311
344,0.08166684350890345,0.7982738107962687,0.12005934569482786
345,0.08207247559200835,0.7956525275990365,0.12227499680895518
346,0.0914458862267188,0.7761392648824705,0.13241484889081062
347,0.06642045615964307,0.8036319927984521,0.12994755104190486
348,0.06718686293091862,0.8004113405994224,0.13240179646965894
349,0.07094287095808668,0.8024851785960535,0.12657195044585978
350,0.07007288412629949,0.8078333059961775,0.12209380987752307
351,0.06960616631588502,0.8068526362236677,0.12354119746044732
352,0.06662016893595392,0.8158956334943086,0.11748419756973742
353,0.06583459766591254,0.816279705370256,0.11788569696383158
354,0.06649002717668538,0.8164557897108592,0.11705418311245552
355,0.06767897265103828,0.8146024236949753,0.11771860365398641
356,0.06420961229067713,0.8246276177549716,0.11116276995435119
357,0.06553402411604707,0.8220288790429238,0.11243709684102916
358,0.06597147252334436,0.8209480257300301,0.11308050174662561
359,0.06594759557347828,0.819452395657063,0.11460000876945876
360,0.06637642751487613,0.8181551893017699,0.11546838318335396
361,0.06117529100075138,0.8222149971131577,0.11660971188609084
362,0.062362459378451286,0.8226521837916614,0.11498535682988732
363,0.05907501811212255,0.8227319922271197,0.11819298966075766
364,0.05896298734344302,0.8258019113284272,0.11523510132812968
365,0.058300024745744805,0.8236802104060799,0.1180197648481753
366,0.059097800045743054,0.8221575219273809,0.1187446780268761
367,0.0643972753826209,0.8158594384060508,0.11974328621132832
368,0.0623320735413746,0.8187236682112935,0.11894425824733204
369,0.06261866797303535,0.8168936136408539,0.12048771838611069
370,0.060889767138043845,0.820312898188762,0.11879733467319414
371,0.05960241803927568,0.8188092055929257,0.12158837636779865
372,0.05994528534766064,0.8190649982011083,0.12098971645123098
373,0.06148525439083254,0.8171920564981914,0.12132268911097602
374,0.06132813065245437,0.8172431901802784,0.12142867916726734
375,0.06032978937916142,0.8200923081534368,0.1195779024674019
376,0.059510697929812256,0.8198954011699452,0.12059390090024241
377,0.05911622306049025,0.8186523328546882,0.12223144408482155
378,0.05864207161690885,0.8193877626981507,0.12197016568494043
379,0.05832436361728995,0.818753286282727,0.12292235009998292
380,0.05772147557583346,0.8210785809681228,0.12119994345604376
381,0.057929973778040655,0.8197068243752049,0.12236320184675444
382,0.058782469737890836,0.8178818077332805,0.12333572252882874
383,0.058711905839363164,0.8196475403212989,0.12164055383933803
384,0.056826689878546575,0.8251124250616472,0.11806088505980618
385,0.055803352934577846,0.8276794377474218,0.11651720931800034
386,0.051560677128213495,0.8272706393887942,0.12116868348299228
387,0.05104318382513272,0.8252015403617519,0.12375527581311534
388,0.050637266444151126,0.8248864650471519,0.12447626850869692
389,0.05019377935806891,0.8258666976989635,0.12393952294296758
390,0.05032089942188449,0.82836482276,0.12131427781811556
391,0.050387753145061984,0.8285572313858011,0.12105501546913701
392,0.05184563417739653,0.8248019411042922,0.12335242471831133
393,0.05092783126487427,0.8266285804221813,0.12244358831294436
394,0.04519548551768917,0.8326524845773287,0.12215202990498218
395,0.04023954510631017,0.8354369132983552,0.12432354159533464
396,0.03991796915591646,0.8371965727158298,0.12288545812825367
397,0.06452909665693507,0.8099649346652378,0.12550596867782715
398,0.06419389668697166,0.8110208899658168,0.12478521334721152
399,0.0646212987727922,0.810853621503683,0.12452507972352475
400,0.0648458352630822,0.8097619731469866,0.1253921915899312
401,0.06452067947420956,0.807534555343747,0.12794476518204342
402,0.065141293107752,0.8061545692249925,0.1287041376672555
403,0.06470669882978172,0.806754247394309,0.1285390537759094
404,0.0654945690717104,0.8050506551082585,0.12945477582003112
405,0.06497591951138479,0.8061939894283103,0.12883009106030494
406,0.06401176597835717,0.8068570028995123,0.12913123112213049
407,0.06336547828875254,0.8093504142543437,0.12728410745690374
408,0.06317835819542024,0.8117757209438894,0.12504592086069044
409,0.06277881020149072,0.813369823297244,0.12385136650126517
410,0.06327077152421509,0.8103474618449987,0.12638176663078612
411,0.0642245324375333,0.8091235915319305,0.1266518760305362
412,0.06461714431731194,0.8089956805144115,0.12638717516827655
413,0.0645086652677981,0.8093509026887312,0.12614043204347067
414,0.06382272193736446,0.8118741256850746,0.12430315237756094
415,0.06579567179477398,0.8081743675725934,0.12602996063263255
416,0.07034415552079984,0.8093383408746697,0.12031750360453045
417,0.0711614176640628,0.8080726448310349,0.12076593750490235
418,0.07132788568802172,0.8068104461767922,0.1218616681351861
419,0.07044609631826554,0.8076265968378392,0.1219273068438951
420,0.07168640085433695,0.8062219873897185,0.12209161175594459
421,0.07184726251648484,0.8077042899483,0.12044844753521507
422,0.07038838548822415,0.8076817292952219,0.12192988521655401
423,0.07040695005595524,0.8071015538233532,0.12249149612069149
424,0.06955840549717121,0.8086164535678906,0.12182514093493836
425,0.0694464126681543,0.8117378919004014,0.11881569543144442
426,0.07294709729361501,0.8064770688033699,0.12057583390301507
427,0.07317683075854385,0.8053705800674896,0.1214525891739665
428,0.07362892122895615,0.8031679434522098,0.12320313531883405
429,0.07357351907135443,0.8035837604936696,0.12284272043497588
430,0.07329224842999532,0.8043702228832097,0.12233752868679496
431,0.07419538292163314,0.802949490719307,0.12285512635905979
432,0.0751681855719776,0.8029733643299413,0.12185845009808122
433,0.0803056917964514,0.8002074249032246,0.11948688330032403
434,0.0832215913890341,0.7939081503299491,0.12287025828101679
435,0.08140174231000684,0.799690547324726,0.11890771036526719
436,0.08163544789243034,0.7986469666672431,0.1197175854403266
437,0.0801227877735324,0.8002203588490066,0.11965685337746101
438,0.08151791309233627,0.7986309899762676,0.11985109693139609
439,0.08243575634618526,0.7963091091826223,0.12125513447119253
440,0.08600371281788412,0.7950281043823126,0.11896818279980333
441,0.0847126214669077,0.7968623384104104,0.11842504012268193
442,0.08553597807455675,0.7949910994072864,0.11947292251815676
443,0.08520943236725824,0.7955340026044163,0.11925656502832534
444,0.08746005606677285,0.7922778756317259,0.12026206830150121
445,0.08786338230556488,0.7928032293291901,0.11933338836524497
446,0.08706886116754685,0.7952542938324872,0.11767684499996596
447,0.08786378257656226,0.7929258907816948,0.11921032664174287
448,0.08748374252748957,0.7922216132735702,0.12029464419894023
449,0.09423671424149437,0.786459140910348,0.11930414484815771
450,0.09251198554536964,0.7882317495281822,0.11925626492644821
451,0.09099023443550922,0.7904648780421313,0.11854488752235942
452,0.0915033064008108,0.7918315948755651,0.11666509872362404
453,0.09266106108278427,0.7902672548954849,0.11707168402173086
454,0.0903292723074135,0.7928640959408582,0.11680663175172837
455,0.08733513338716357,0.7967058363041022,0.11595903030873414
456,0.08705043416226627,0.7974482932780675,0.11550127255966622
457,0.08683013731179626,0.7960518637253344,0.1171179989628694
458,0.08734083401937637,0.7960684840817622,0.11659068189886147
459,0.08514754580784512,0.7984751450831172,0.11637730910903768
460,0.08644865269564968,0.7958075246697609,0.11774382263458948
461,0.08630279508133107,0.7920251574391018,0.12167204747956716
462,0.08858323269502275,0.7862050998320645,0.12521166747291265
463,0.08822024102940289,0.7874852587468423,0.12429450022375477
464,0.0881461233650225,0.7870178172515494,0.12483605938342807
465,0.08804033647972666,0.7895316522140577,0.1224280113062157
466,0.08733484639042553,0.7899541210056992,0.12271103260387534
467,0.08765256001656074,0.7883388682229019,0.12400857176053733
468,0.08443047126033781,0.7952532356192098,0.12031629312045244
469,0.08415781499534433,0.7962999057626885,0.11954227924196699
470,0.08497551916826676,0.7950057156159808,0.12001876521575248
471,0.0781524271143138,0.8008083516097286,0.12103922127595759
472,0.0784227978556768,0.7999765811640882,0.1216006209802349
473,0.0786017742693304,0.7975340599859029,0.12386416574476673
474,0.07838349132874912,0.7989043731787968,0.12271213549245409
475,0.07830022890286162,0.7975985670659768,0.1241012040311616
476,0.07730652588484611,0.8003860102058001,0.12230746390935379
477,0.07707339798156823,0.8017825073138655,0.1211440947045663
478,0.07710934323526071,0.8009107398143915,0.1219799169503477
479,0.0774798810232831,0.8006274887694464,0.12189263020727048
480,0.07771322216233618,0.8000741781213471,0.12221259971631689
481,0.07630153159581057,0.8008217746916854,0.12287669371250406
482,0.08040193118421124,0.7884765950626105,0.13112147375317829
483,0.09188492993368266,0.7821819455119801,0.12593312455433733
484,0.061152911506558175,0.8104676357018483,0.12837945279159352
485,0.06207097261196172,0.8100089586962311,0.12792006869180708
486,0.06731431704998543,0.8084034635742616,0.124282219375753
487,0.06736849323261272,0.8081308495030709,0.12450065726431636
488,0.06736406121525693,0.8107632787358123,0.12187266004893077
489,0.06683927035017814,0.8122081244204654,0.12095260522935639
490,0.06672758177475337,0.8117155550740418,0.12155686315120483
491,0.06727474110766843,0.8105264051268821,0.1221988537654494
492,0.06960819403243078,0.8046273679283326,0.12576443803923673
493,0.06992794758811181,0.8040372007418521,0.12603485167003603
494,0.07042983941997609,0.804859091288038,0.12471106929198592
495,0.07047767242932912,0.8039832545461609,0.12553907302450992
496,0.07001597358041245,0.8061134769445646,0.123870549475023
497,0.07036225347641153,0.8042269616015405,0.1254107849220479
498,0.06985380488246604,0.8052732968416272,0.12487289827590674
499,0.07055511970590629,0.8060622007332093,0.12338267956088436
500,0.0712619936236427,0.8043540410152749,0.12438396536108232
501,0.07081244294722348,0.8055260209488013,0.12366153610397514
