,0,1,2
0,0.172867895303431,0.7555413405288094,0.07159076416775952
1,0.1744809883412793,0.7537449952478257,0.07177401641089506
2,0.1767394406809682,0.7518783141686953,0.07138224515033634
3,0.17663474823783032,0.7471683162409175,0.07619693552125209
4,0.1753545416073236,0.7458254668997629,0.07881999149291345
5,0.17755330849820863,0.7430721684813544,0.07937452302043699
6,0.17733519418467236,0.7425467660138398,0.08011803980148781
7,0.1765806463730555,0.7449702776463568,0.07844907598058762
8,0.17835184748382138,0.7430102601465424,0.07863789236963617
9,0.17864734637278634,0.7438510656407957,0.07750158798641796
10,0.18097926574112677,0.7375597915435348,0.0814609427153385
11,0.17807647086396652,0.739713265327608,0.08221026380842547
12,0.17790497298686134,0.7420689903083613,0.08002603670477731
13,0.1774829601598323,0.7392884323151657,0.0832286075250018
14,0.17724153707159385,0.7374269964626095,0.08533146646579669
15,0.17629402534568756,0.7397681105222221,0.08393786413209031
16,0.18040867793882506,0.7392168752137896,0.08037444684738526
17,0.18042770667066366,0.7406846675562856,0.07888762577305074
18,0.1824194122966041,0.7391504212323458,0.07843016647105008
19,0.18296527621559439,0.7373443714603245,0.07969035232408102
20,0.1807044877676139,0.7387459869653424,0.08054952526704366
21,0.18116995863521015,0.7398782402289082,0.07895180113588157
22,0.1809381627872299,0.7402630541595436,0.07879878305322656
23,0.1812999166311338,0.7403256638369581,0.07837441953190816
24,0.17903530879341842,0.7406703434712322,0.08029434773534946
25,0.179776636429526,0.7431791926966871,0.07704417087378686
26,0.18174030307497993,0.7441089479251082,0.07415074899991195
27,0.18327014705000963,0.7421129511519227,0.07461690179806775
28,0.17578011239141447,0.7428413884990419,0.08137849910954346
29,0.1756906266444436,0.7450942285367705,0.07921514481878583
30,0.17393644492851817,0.7460733277763025,0.07999022729517931
31,0.1747145582678753,0.747066683097401,0.0782187586347238
32,0.1756753165963616,0.7466498704550031,0.07767481294863532
33,0.1774847600249754,0.7446444859996267,0.07787075397539785
34,0.18074076083927265,0.7408529394838811,0.07840629967684626
35,0.18102351070974443,0.7388674049490149,0.08010908434124069
36,0.17694129506862602,0.7365635937535456,0.08649511117782843
37,0.17803902688362133,0.7346962713577754,0.08726470175860337
38,0.1775445315085814,0.7343600259126674,0.08809544257875129
39,0.17906846106978952,0.7332738534102275,0.08765768551998299
40,0.18142140117343125,0.7326404898174673,0.08593810900910145
41,0.18313638160483892,0.7284242288046665,0.08843938959049448
42,0.18327887722311442,0.7250608824595111,0.0916602403173745
43,0.1863053978656173,0.7233301434231442,0.09036445871123856
44,0.1829089176787989,0.7269265620185527,0.09016452030264843
45,0.1809815580379232,0.7306610829983173,0.08835735896375936
46,0.17880907172602487,0.7326351629314142,0.088555765342561
47,0.17791467398145613,0.7344935635338499,0.08759176248469384
48,0.17783984980589873,0.7327878618631193,0.089372288330982
49,0.17920862975646473,0.7311443854877486,0.08964698475578667
50,0.17845110409169931,0.7323698126394875,0.08917908326881313
51,0.18134981232173328,0.7302260415575866,0.0884241461206801
52,0.17872738794875404,0.7328798086685477,0.08839280338269828
53,0.1760870011454153,0.7343024303972392,0.08961056845734552
54,0.17419774098772162,0.7391286624423894,0.08667359656988886
55,0.17533426461568227,0.7389234245741938,0.08574231081012382
56,0.17196996364546616,0.7425398973126206,0.08549013904191322
57,0.16954734795534152,0.7440855894832165,0.08636706256144208
58,0.16819453349996538,0.7468087570150941,0.08499670948494063
59,0.1706401354928366,0.7440523329323833,0.08530753157478012
60,0.16946850141376105,0.7447114747815907,0.0858200238046482
61,0.16828464453886022,0.7446702545247754,0.0870451009363644
62,0.16619261392389986,0.7475958515863652,0.08621153448973495
63,0.16644609131557891,0.7472834850499442,0.0862704236344769
64,0.16721280358753346,0.7479948555931667,0.08479234081929983
65,0.16647184834967482,0.7496820590810341,0.08384609256929104
66,0.16593626625093252,0.7513869564396212,0.08267677730944631
67,0.16540417565878632,0.7522769135933646,0.0823189107478491
68,0.16513520721003147,0.7518771352016882,0.08298765758828033
69,0.16556478417025372,0.7496222892922894,0.08481292653745691
70,0.16349780628782315,0.7517395156213755,0.08476267809080124
71,0.16294641623296874,0.7531047416426149,0.08394884212441626
72,0.16333630093376003,0.7525241729975412,0.08413952606869883
73,0.1694035447629833,0.7521698121591393,0.07842664307787739
74,0.16857510948603507,0.7532433515269422,0.07818153898702256
75,0.16962621219388055,0.7522062015598946,0.07816758624622483
76,0.16871637165110906,0.7522422844327876,0.07904134391610325
77,0.17034568631060854,0.749821688275277,0.07983262541411451
78,0.1699166959190875,0.751363292718365,0.07872001136254735
79,0.17008958661174278,0.7508682096374625,0.07904220375079471
80,0.16873548915359374,0.7528515687060227,0.07841294214038369
81,0.16915326725925367,0.751785916196906,0.07906081654384027
82,0.16669659173626705,0.7552630661062766,0.07804034215745631
83,0.1687419865199048,0.7564076780713322,0.07485033540876287
84,0.169656842473801,0.7548548271399228,0.0754883303862762
85,0.16604566964913878,0.7591365403334164,0.07481779001744476
86,0.16546903844868519,0.7595834943268815,0.07494746722443321
87,0.1666079576722176,0.7591599864871434,0.074232055840639
88,0.16782488683412036,0.7580898910803625,0.07408522208551711
89,0.16958825366321734,0.7539420188956664,0.07646972744111621
90,0.16697569676041016,0.7569465159521208,0.07607778728746903
91,0.16545431075718345,0.7597135805906996,0.07483210865211701
92,0.1656574316510622,0.7597359951260112,0.07460657322292669
93,0.1661092191068482,0.7595263058707674,0.07436447502238447
94,0.1671646109425654,0.7580624864221686,0.07477290263526609
95,0.16559573289254884,0.7587014000964941,0.07570286701095713
96,0.16665176643900656,0.7578468182635726,0.07550141529742092
97,0.16572847355083706,0.7590523230653475,0.0752192033838153
98,0.1651320435977438,0.7601273708478637,0.07474058555439253
99,0.16498235780673204,0.7599112845957021,0.07510635759756593
100,0.1644444142021159,0.7611262253911883,0.07442936040669576
101,0.16731203106734754,0.75595320006109,0.07673476887156253
102,0.16746191697801596,0.7565504581767165,0.07598762484526764
103,0.16677098752836353,0.7581300597192685,0.07509895275236815
104,0.16559229693808908,0.7592593737715342,0.07514832929037668
105,0.16434180093627904,0.7606905107053874,0.07496768835833344
106,0.16640101049566242,0.7560705122540909,0.07752847725024666
107,0.16667845285965618,0.7559375414796292,0.07738400566071452
108,0.16638131034309045,0.755106606185359,0.07851208347155056
109,0.16517999392557633,0.7556721635880849,0.07914784248633872
110,0.166311598327766,0.7585049701726819,0.07518343149955205
111,0.16566737568466344,0.7593860072456697,0.07494661706966699
112,0.1656001977411087,0.7593747909823613,0.07502501127652991
113,0.16703244257085836,0.7569644915995825,0.0760030658295591
114,0.16527016731483235,0.7595195915975477,0.07521024108762013
115,0.16641655642769546,0.7570953740642916,0.07648806950801287
116,0.16433750448614262,0.7592573563307397,0.07640513918311773
117,0.16259699567173116,0.7616646642881143,0.07573834004015464
118,0.16265753953552542,0.7615403053729298,0.07580215509154475
119,0.16248129526653193,0.7609092182924171,0.07660948644105087
120,0.16161534349571124,0.7615641515850351,0.07682050491925366
121,0.16115775349495223,0.7633155567005615,0.07552668980448611
122,0.1605911358774994,0.76494771996232,0.07446114416018064
123,0.16163949312316417,0.7639176370010244,0.07444286987581135
124,0.1620118538308233,0.7634713433694421,0.07451680279973459
125,0.16070312383567548,0.7657690969420767,0.07352777922224774
126,0.1607617585374003,0.7658948520594946,0.07334338940310513
127,0.15915260636405848,0.7692923416389816,0.07155505199695977
128,0.15850501629371713,0.7708384738956789,0.070656509810604
129,0.15687165412661988,0.7726760955954395,0.07045225027794073
130,0.15196092199087685,0.7713218430110347,0.07671723499808848
131,0.1522776415222217,0.7713755438100464,0.07634681466773197
132,0.15155527997689938,0.7731669514409404,0.07527776858216023
133,0.15100562981719803,0.7738769270348984,0.07511744314790342
134,0.1516552713253028,0.7744697075664795,0.07387502110821766
135,0.15068971597496458,0.7766271940434004,0.07268308998163492
136,0.14987059998211263,0.7763035550641115,0.07382584495377585
137,0.1502250086649367,0.7758399597023048,0.07393503163275846
138,0.14959016092783517,0.7772709982341647,0.07313884083800004
139,0.14183080308302806,0.7791990508899315,0.0789701460270405
140,0.14216485463603246,0.7806653963537651,0.07716974901020239
141,0.1420116048586412,0.7818690301345285,0.07611936500683048
142,0.14233057373430355,0.7797101748138385,0.07795925145185802
143,0.14161664120089576,0.781421699431534,0.07696165936757032
144,0.14047757859852744,0.7832291078965407,0.07629331350493196
145,0.14052723878487286,0.7820473872657986,0.0774253739493285
146,0.1390394875232351,0.784862484451216,0.07609802802554903
147,0.139129871201694,0.7853185289682506,0.07555159983005535
148,0.16982897573610875,0.7560892093758302,0.07408181488806087
149,0.17096943457258693,0.7550523959466181,0.07397816948079493
150,0.16530252939501325,0.7561300122752133,0.0785674583297735
151,0.164868680434962,0.758528532595131,0.07660278696990702
152,0.16463403692926631,0.7596203065352466,0.07574565653548705
153,0.16433621810186894,0.7600551473480768,0.07560863455005438
154,0.16355288453213135,0.7606105197425567,0.07583659572531198
155,0.16207845907095755,0.7622367009142667,0.07568484001477574
156,0.16194355302199212,0.7607277630997876,0.07732868387822019
157,0.1638199324495911,0.7591133735155328,0.07706669403487613
158,0.1616116595051507,0.7623910936554511,0.0759972468393983
159,0.16027557814880608,0.7639609626749814,0.07576345917621269
160,0.16126256367668027,0.7618662381996377,0.07687119812368207
161,0.16211338253167454,0.7605996134092889,0.07728700405903655
162,0.16222981510247964,0.7602024195050708,0.07756776539244964
163,0.16285832783818457,0.759900368938618,0.07724130322319733
164,0.162486763024737,0.7599046568759291,0.07760858009933382
165,0.1609079401910796,0.7618618306663698,0.07723022914255057
166,0.1609543625604483,0.761346176248049,0.07769946119150271
167,0.16058979781884072,0.7613394306017854,0.07807077157937403
168,0.1593747310254536,0.7629440256279426,0.07768124334660373
169,0.15371098364034538,0.7644365785675875,0.08185243779206715
170,0.15469648753219126,0.7644311368316349,0.0808723756361738
171,0.15324784188646998,0.7673234982555998,0.0794286598579302
172,0.15341258720352,0.7685442494213506,0.07804316337512941
173,0.15386992053000773,0.7695449103960637,0.07658516907392861
174,0.1550587276750529,0.7663211392312148,0.07862013309373236
175,0.15541802571778662,0.7660080742840166,0.07857389999819676
176,0.15461680026431224,0.7659158824055569,0.07946731733013086
177,0.15369154053854364,0.7655957411017767,0.08071271835967955
178,0.15450384082828636,0.7633296367275269,0.08216652244418678
179,0.1566961119115344,0.7600592184475825,0.0832446696408831
180,0.15641477575381896,0.7603258268632147,0.08325939738296635
181,0.1523886715247284,0.7658364324588619,0.08177489601640969
182,0.1522386825903145,0.7658438526131518,0.08191746479653364
183,0.14861180983506808,0.7723161492481434,0.07907204091678838
184,0.15035193092049826,0.7693487115468981,0.08029935753260359
185,0.1538503762250905,0.7646699261712941,0.0814796976036153
186,0.152693330063455,0.7664515233967487,0.08085514653979622
187,0.15330807597269616,0.7653812168764534,0.08131070715085041
188,0.15367863352542935,0.7654896008416632,0.08083176563290755
189,0.15621295481332376,0.7638989441719055,0.07988810101477073
190,0.15475907727292185,0.7672777780491598,0.07796314467791839
191,0.1538490654908173,0.7680649195860504,0.07808601492313243
192,0.1529569825730493,0.7696102889684886,0.0774327284584621
193,0.15317913977245376,0.7689921874233528,0.07782867280419342
194,0.14915958964312745,0.7691285966003801,0.08171181375649235
195,0.14997056602706885,0.7684437934461781,0.08158564052675309
196,0.1504033173262342,0.7679536036967222,0.08164307897704368
197,0.14873348207794168,0.7685686562037888,0.08269786171826962
198,0.14833684793534682,0.7694616678463398,0.0822014842183133
199,0.14614011532039778,0.7740862858522047,0.07977359882739754
200,0.1447367965913672,0.7751668073566513,0.08009639605198138
201,0.1440619266838156,0.775995961709125,0.07994211160705947
202,0.14227062667566118,0.7785167184586587,0.07921265486568023
203,0.14118787034675198,0.7802978025103757,0.07851432714287242
204,0.13920076873230183,0.7822603857617394,0.07853884550595874
205,0.1402568521128078,0.7808455505847787,0.07889759730241354
206,0.13971416334676734,0.7835594215648872,0.07672641508834539
207,0.13927070111170192,0.7833399780336849,0.07738932085461306
208,0.1388440859821986,0.7825483877073591,0.07860752631044231
209,0.13838646843812133,0.7804928399782749,0.08112069158360388
210,0.13821259350550688,0.7876263203110585,0.07416108618343462
211,0.1365292240779995,0.7863931015326837,0.07707767438931679
212,0.16766080032438538,0.7561014519770458,0.07623774769856886
213,0.16820714192865377,0.7548873596907936,0.07690549838055268
214,0.17081188935051825,0.7526683673708829,0.07651974327859878
215,0.1695628156147485,0.7544312956208424,0.07600588876440897
216,0.17059457646669116,0.7542473483862425,0.0751580751470664
217,0.16896739745848646,0.7569101632648972,0.0741224392766163
218,0.1676357829626231,0.7582612032460457,0.07410301379133118
219,0.16704883509325363,0.7595803136584727,0.07337085124827358
220,0.1653007179030426,0.7615059672329625,0.07319331486399484
221,0.16553267138741526,0.76195200454093,0.0725153240716546
222,0.1647776788146735,0.7629156154630892,0.07230670572223742
223,0.16384675386045858,0.7649394663971645,0.0712137797423769
224,0.1626906594881878,0.7678805140065538,0.06942882650525832
225,0.16131979662244725,0.7693255557598884,0.06935464761766434
226,0.1598030341835514,0.7683397545017462,0.07185721131470227
227,0.16032663497677818,0.7658091802691155,0.07386418475410625
228,0.15804769955113884,0.7670189900018687,0.07493331044699234
229,0.16197522953948953,0.7641213154920073,0.07390345496850313
230,0.16049003957090074,0.7632200700537763,0.07628989037532291
231,0.1611792456022861,0.760233556867135,0.07858719753057886
232,0.16054589738225425,0.7621743084410885,0.07727979417665742
233,0.15970768710024796,0.7643158828523524,0.07597643004739978
234,0.1574012629756953,0.7657384117597893,0.07686032526451539
235,0.15998255139317,0.7611942375697643,0.07882321103706566
236,0.16148539520277486,0.7599672045087987,0.07854740028842641
237,0.1539825014269854,0.7723252165365094,0.07369228203650528
238,0.15390489886084535,0.7697257587903275,0.07636934234882713
239,0.156333084799575,0.7652003631933899,0.07846655200703513
240,0.15146364555422917,0.7687454347041345,0.07979091974163643
241,0.15415486812306012,0.7646252002112831,0.0812199316656567
242,0.15507629893638536,0.7622083284099151,0.08271537265369956
243,0.15477328303904617,0.7620387244802084,0.08318799248074531
244,0.1554085265835057,0.7608004852211385,0.08379098819535577
245,0.15454897964108533,0.7624740606752265,0.0829769596836882
246,0.15438161276723766,0.7626183179325199,0.08300006930024234
247,0.15154348757822494,0.7664167346318163,0.08203977778995894
248,0.15141669350123843,0.767365623542102,0.0812176829566594
249,0.15069386033938087,0.7679358432103176,0.0813702964503016
250,0.1514310323215307,0.7664460235716684,0.08212294410680102
251,0.15077297834227055,0.7682442931287606,0.08098272852896882
252,0.15088022726677322,0.7674501080560948,0.081669664677132
253,0.15175179602148314,0.7685053889929858,0.07974281498553108
254,0.15500711377151413,0.7650820990391471,0.07991078718933861
255,0.15465051936328347,0.763155458503016,0.08219402213370056
256,0.16217105336670998,0.7581018399873158,0.07972710664597414
257,0.1659840711371157,0.7507753045979215,0.08324062426496281
258,0.16525216982833704,0.7521184591287066,0.08262937104295649
259,0.16450836805290647,0.7541402913149792,0.08135134063211448
260,0.16663471905665167,0.7509288588556035,0.08243642208774489
261,0.1698279673838525,0.7447527554324078,0.08541927718373968
262,0.17363810981291777,0.7388745762946508,0.0874873138924314
263,0.1731367603217807,0.7398960179192543,0.08696722175896503
264,0.17508067840036237,0.7369991776910632,0.08792014390857451
265,0.17539845517076724,0.736486480444101,0.08811506438513168
266,0.17845710699140316,0.738918206071597,0.08262468693699983
267,0.1818776684286684,0.7352440138288975,0.08287831774243411
268,0.18029664723546499,0.7382435189617425,0.08145983380279267
269,0.17602982812367993,0.7394468077241433,0.08452336415217673
270,0.1728657472194364,0.7410692447839305,0.08606500799663308
271,0.16960451412730246,0.7458403963543081,0.08455508951838951
272,0.17356804461894612,0.7463387312919049,0.08009322408914904
273,0.17031049255819963,0.7519356618293374,0.07775384561246304
274,0.17061088866013374,0.75290118208124,0.07648792925862627
275,0.17116939693875685,0.7524704595292606,0.07636014353198249
276,0.17201636136957474,0.7505489086634216,0.07743472996700365
277,0.16675246320710885,0.7550379346396503,0.07820960215324077
278,0.16085459240389258,0.7592337749919574,0.07991163260414992
279,0.163548980828145,0.7568429663327257,0.07960805283912932
280,0.1657076213044486,0.7538023912221976,0.0804899874733537
281,0.1666226993797697,0.7533399504639376,0.08003735015629267
282,0.16452666604928365,0.7546711448845462,0.0808021890661702
283,0.16482945263777138,0.7538238938286211,0.0813466535336074
284,0.16419896996403455,0.7547655323959114,0.08103549764005408
285,0.1646258657487625,0.7532895082700671,0.08208462598117043
286,0.16727629841921599,0.7497556838658194,0.08296801771496466
287,0.1690599857795687,0.7473087104203493,0.08363130380008206
288,0.1664979861519683,0.7513198025916129,0.08218221125641884
289,0.16348953133093902,0.7551232821721146,0.08138718649694647
290,0.16309395219448222,0.7558581777340961,0.08104787007142153
291,0.16214838397672013,0.7568017399403251,0.08104987608295482
292,0.16080155778224303,0.7577922007471527,0.08140624147060427
293,0.15966673771776388,0.7596409339583178,0.08069232832391844
294,0.1612915792770329,0.7565025435623736,0.08220587716059352
295,0.16048649898723774,0.7570523817274795,0.08246111928528291
296,0.16158078446379953,0.75477274532961,0.08364647020659034
297,0.16042604290681736,0.7555214503473037,0.08405250674587887
298,0.163666554369964,0.7560043647275712,0.08032908090246495
299,0.16482154852797123,0.7537649867594426,0.08141346471258619
300,0.16548808604091989,0.7547038844975826,0.07980802946149743
301,0.1614946414646982,0.7594148993245559,0.07909045921074594
302,0.16102925651742372,0.7587204987208912,0.08025024476168514
303,0.15898535014868587,0.7620485245281374,0.07896612532317683
304,0.15699107195356654,0.7641418880210491,0.07886704002538428
305,0.15801423589122252,0.7611479931786168,0.08083777093016066
306,0.16168511968545357,0.7612392828058565,0.07707559750868975
307,0.16303607410557638,0.7601903090750297,0.07677361681939393
308,0.16195141888586678,0.7607075613879226,0.0773410197262106
309,0.16243940443486996,0.7597186612245573,0.07784193434057282
310,0.1602798447517068,0.7624334242685434,0.0772867309797498
311,0.1591374924364579,0.7633879278776532,0.07747457968588889
312,0.15777223275009108,0.765456395400139,0.07677137184976991
313,0.1579403061170979,0.7654476992307704,0.07661199465213171
314,0.15791986094266458,0.7649765042508299,0.07710363480650557
315,0.15786448759865623,0.7641236601254475,0.07801185227589606
316,0.15785660598005705,0.7643379096764521,0.07780548434349077
317,0.1605205581538715,0.7664121866782578,0.07306725516787058
318,0.1557301854437159,0.7731146775525362,0.071155137003748
319,0.15719502506042413,0.770106544694293,0.07269843024528301
320,0.16067775758999417,0.7670053249001245,0.07231691750988142
321,0.16150602542381776,0.7665944756207109,0.07189949895547139
322,0.15918912775382482,0.7682434717908506,0.0725674004553245
323,0.15936938836457154,0.7682025565791147,0.07242805505631376
324,0.16130670674993303,0.7666493460803727,0.07204394716969421
325,0.158880647901135,0.7709186384874623,0.07020071361140261
326,0.15259263307200954,0.7741425763658467,0.07326479056214359
327,0.15520709410493166,0.7720243426891233,0.07276856320594505
328,0.15941740330007628,0.7661123230709698,0.07447027362895393
329,0.16016960068923858,0.7650282910068144,0.0748021083039471
330,0.16374076963581202,0.7621964812772936,0.07406274908689445
331,0.16362293493822705,0.7620881495015781,0.0742889155601949
332,0.16170489108517658,0.7639202169637159,0.07437489195110751
333,0.1687226290558234,0.7541275830808262,0.07714978786335049
334,0.16919752256353462,0.7523105365067412,0.07849194092972432
335,0.16920954786468798,0.751126569065367,0.079663883069945
336,0.16477549243124454,0.7540899969110444,0.08113451065771116
337,0.16684013126991304,0.7471801040505438,0.0859797646795431
338,0.1706764299686327,0.7437341668399994,0.08558940319136797
339,0.17233003125895982,0.7441817440204762,0.08348822472056408
340,0.17097348270270124,0.7422164190800591,0.08681009821723984
341,0.17461709588805893,0.7393194845031109,0.08606341960883022
342,0.17505836162336907,0.7367929293733988,0.08814870900323216
343,0.17228551502036887,0.7416628331848027,0.08605165179482847
344,0.17307033643286596,0.7409361231917597,0.0859935403753742
345,0.17392759620144274,0.7384930753443526,0.08757932845420473
346,0.19206020095932405,0.7139452032996931,0.09399459574098286
347,0.1939102350551965,0.7099613299869408,0.09612843495786261
348,0.19591110001377482,0.7062630903761384,0.09782580961008676
349,0.1911729101448161,0.7107793112277054,0.09804777862747832
350,0.18903198899531196,0.716287269256931,0.09468074174775691
351,0.1879620692899009,0.7161382847346193,0.09589964597547977
352,0.180755344653723,0.727612570572377,0.09163208477389988
353,0.17888791156750083,0.7290309630896861,0.09208112534281315
354,0.18043633440367365,0.7282497179412674,0.0913139476550589
355,0.18327945928296874,0.7250799597122551,0.09164058100477605
356,0.17485908586743704,0.7381186836167731,0.08702223051578994
357,0.1780601417275932,0.7341201083120946,0.08781974996031215
358,0.17911870456289167,0.7326230715893941,0.08825822384771413
359,0.1842440390236246,0.7314445800962204,0.08431138088015494
360,0.18531626949429514,0.7297911312127955,0.08489259929290939
361,0.1846093355148586,0.7333141974992767,0.08207646698586463
362,0.18273042556485516,0.731634222041453,0.08563535239369179
363,0.18659077570043775,0.7292563359346648,0.08415288836489748
364,0.18618827676399935,0.7317862690996324,0.08202545413636829
365,0.18446217673989426,0.7313625883585392,0.08417523490156671
366,0.18180443145834646,0.7287795245250381,0.08941604401661532
367,0.18763883364983167,0.7234467575967496,0.08891440875341883
368,0.1823637204150976,0.7289541543779894,0.08868212520691299
369,0.18830251970004228,0.727063119825747,0.08463436047421077
370,0.18371768095738528,0.7325554273503478,0.08372689169226692
371,0.1804216335919725,0.7336041114930985,0.08597425491492897
372,0.18130654394478762,0.7332146324398442,0.08547882361536824
373,0.18536803259693582,0.7291926983438562,0.08543926905920791
374,0.18495970107708834,0.7294961541439946,0.08554414477891703
375,0.18227169980727276,0.733338492782244,0.08438980741048323
376,0.1853478052908168,0.7345829081543096,0.08006928655487368
377,0.18435057412668998,0.7343908944993707,0.08125853137393932
378,0.1883271246862958,0.7357809471874072,0.0758919281262971
379,0.18749385592880746,0.7359453749317408,0.07656076913945176
380,0.18572677556042605,0.7387156665486783,0.07555755789089569
381,0.18636747304087467,0.7373621279447102,0.07627039901441508
382,0.18878777601592442,0.7344666524044347,0.0767455715796409
383,0.18850380702253053,0.7358284574062506,0.07566773557121874
384,0.1830686100749294,0.743241830382604,0.0736895595424666
385,0.18012276744204314,0.7470092421900197,0.07286799036793709
386,0.17700596691300732,0.745384643378321,0.07760938970867169
387,0.17557779445254348,0.7449985009123102,0.07942370463514624
388,0.17439393668881847,0.7456222191039733,0.07998384420720822
389,0.17303722602882818,0.7472452039993617,0.07971756997181008
390,0.1733004263997654,0.7487492831074776,0.07795029049275702
391,0.1734894492508,0.7487453231675825,0.07776522758161761
392,0.1779570561719664,0.7430469082094553,0.07899603561857825
393,0.17517229300434042,0.7462497260440328,0.07857798095162687
394,0.17207407087957216,0.7525172359186092,0.07540869320181878
395,0.17103160851740523,0.7551005921541909,0.07386779932840389
396,0.17451327919417392,0.7571686673234805,0.06831805348234554
397,0.17607917843997684,0.7592823612661072,0.06463846029391596
398,0.17075582256730687,0.7604973322638131,0.06874684516887991
399,0.1717490052128737,0.759704817339058,0.06854617744806833
400,0.16785871333054556,0.758643117993474,0.0734981686759804
401,0.1672565853416425,0.7576414947861052,0.07510191987225237
402,0.16873718682572053,0.7557725113225443,0.0754903018517352
403,0.16772220453215114,0.7568345017225827,0.07544329374526623
404,0.1695979378672643,0.7544958046543049,0.07590625747843094
405,0.16836227673039203,0.7560495424152569,0.07558818085435119
406,0.16614642770443427,0.7579596995701687,0.07589387272539688
407,0.16453818273920276,0.7606220575348354,0.07483975972596184
408,0.15949734141573635,0.7625373052204661,0.07796535336379758
409,0.15852925399517656,0.7642304111504385,0.07724033485438486
410,0.15977465139628988,0.7614053940559521,0.07881995454775799
411,0.16195203396808283,0.7591721087543726,0.07887585727754465
412,0.16282724475048732,0.7585172128563193,0.07865554239319338
413,0.162569148655693,0.7589214981660872,0.07850935317821975
414,0.1609219469863329,0.7616730363043299,0.07740501670933699
415,0.16546979383066907,0.7562517574122031,0.07827844875712787
416,0.16138350056987102,0.7567928217378155,0.08182367769231351
417,0.15864228516730555,0.7548571569636645,0.08650055786902998
418,0.15901707536592632,0.7536955130208699,0.08728741161320387
419,0.15723305598498705,0.7553314053454728,0.08743553866954007
420,0.15975016547453874,0.7528339305721813,0.0874159039532799
421,0.16001804716970902,0.7537913272525946,0.08619062557769643
422,0.16161754535890924,0.7554399257097433,0.08294252893134745
423,0.16167924746543177,0.754986356536588,0.08333439599798033
424,0.15988814973984405,0.7571490912308102,0.0829627590293459
425,0.15953246410729277,0.7596040095734347,0.08086352631927252
426,0.1668539784706545,0.7514372970720959,0.0817087244572497
427,0.16736461938261574,0.7503398138195856,0.08229556679779876
428,0.16837031815720585,0.7481619791395837,0.08346770270321048
429,0.16824085599164262,0.7485369863794985,0.08322215762885893
430,0.16764006043791263,0.7494590726165459,0.08290086694554151
431,0.16952054474246842,0.747318714910417,0.08316074034711451
432,0.1714739394658243,0.7461692889644503,0.08235677156972535
433,0.17289405029285138,0.7433464398917317,0.08375950981541692
434,0.17867193685079175,0.735437139417507,0.08589092373170122
435,0.17048431013442011,0.741773217213588,0.08774247265199177
436,0.17095341707279893,0.740717017927542,0.08832956499965913
437,0.16808042525663308,0.7434797647275984,0.08843981001576863
438,0.17073502098547047,0.7408225403690318,0.08844243864549758
439,0.17251857844334206,0.7380748342533489,0.08940658730330905
440,0.17056201601984852,0.7381405131351182,0.09129747084503326
441,0.16821589119805788,0.740787493553319,0.09099661524862307
442,0.16973193932230457,0.7385305326211327,0.0917375280565628
443,0.1691363553303769,0.7392638731868352,0.09159977148278792
444,0.1779574048195049,0.7346117204793453,0.08743087470114991
445,0.1786650365273974,0.7346340906549684,0.08670087281763424
446,0.17714648937201302,0.7373093155082636,0.08554419511972326
447,0.1786613721541902,0.7347293356342075,0.08660929221160227
448,0.17800209172243692,0.7345450745853271,0.08745283369223605
449,0.1865295340349842,0.7282216125780921,0.08524885338692358
450,0.18344709632621053,0.7311840230099288,0.08536888066386068
451,0.18069249276944466,0.7343241862856772,0.08498332094487823
452,0.18154055642423908,0.7349023410157022,0.08355710256005877
453,0.18362886053596023,0.7326180030189365,0.08375313644510321
454,0.1794391182273788,0.7367960617612906,0.08376482001133057
455,0.17401079147685575,0.7425832047244736,0.08340600379867055
456,0.17347901598667437,0.7434272411356704,0.08309374287765531
457,0.17796540174069136,0.7425544193656303,0.07948017889367845
458,0.17888611530525417,0.7420472523325089,0.07906663236223693
459,0.1748123731762641,0.7460763405494689,0.0791112862742669
460,0.17728724842665017,0.7427610883567395,0.07995166321661032
461,0.18221436282619824,0.7400908156603679,0.07769482151343375
462,0.18672354460694712,0.733452017533763,0.07982443785928982
463,0.1859873369737206,0.734760602930141,0.07925206009613832
464,0.18587701010513163,0.734505950524574,0.07961703937029439
465,0.18554497372003165,0.7364196000153511,0.07803542626461733
466,0.1842262367883215,0.7374865123890338,0.0782872508226446
467,0.18489827349096555,0.7359858819723987,0.07911584453663571
468,0.17858313814905233,0.7444490408375848,0.07696782101336293
469,0.178022816320698,0.745497468893287,0.07647971478601506
470,0.17960473791941786,0.7436738427895107,0.07672141929107151
471,0.17539002956373453,0.7501457083443409,0.0744642620919245
472,0.1759663553857962,0.7492369446004727,0.07479670001373104
473,0.1764550616841508,0.7473182957815094,0.07622664253433978
474,0.1759500703080382,0.7485386738824088,0.07551125580955292
475,0.17586087985880583,0.7477306431698374,0.07640847697135673
476,0.1737546779486848,0.7508867521520882,0.07535856989922703
477,0.1732186848083818,0.752144720345838,0.07463659484578021
478,0.17333796206579025,0.7514938028147681,0.0751682351194417
479,0.17408154131978082,0.7508425556716677,0.07507590300855156
480,0.17457047125109876,0.7501717858917343,0.07525774285716691
481,0.17175335425341387,0.7524236696157642,0.07582297613082196
482,0.18049262723345424,0.7388161779499564,0.08069119481658943
483,0.18796334533339998,0.7333715105782166,0.07866514408838346
484,0.18944213500412396,0.7303677700265148,0.08019009496936129
485,0.19187481899640307,0.7283929560604737,0.07973222494312318
486,0.19136472761144213,0.7276795234973069,0.0809557488912508
487,0.19150899273333666,0.7273970994338028,0.08109390783286051
488,0.19137294078540532,0.7292960816324239,0.07933097758217081
489,0.19003221865181066,0.7311734430666229,0.07879433828156644
490,0.18978438729051367,0.7309985332193288,0.07921707949015756
491,0.19116784355993185,0.72926860044048,0.07956355599958813
492,0.19708029339530134,0.7213319605643246,0.08158774604037403
493,0.16621591346401648,0.7520659948824188,0.08171809165356483
494,0.1672243693979711,0.7520049738476547,0.08077065675437413
495,0.16736613956378493,0.7513132357454816,0.08132062469073344
496,0.16630075127122818,0.7534444729585221,0.08025477577024967
497,0.16711368241887323,0.7516382767088271,0.08124804087229981
498,0.1660020665685518,0.7530515663564303,0.08094636707501796
499,0.1619278902998114,0.7527066479969897,0.08536546170319886
500,0.16343253544852074,0.750571153980169,0.08599631057131019
501,0.16247251141445462,0.7519932833407639,0.0855342052447815
