,0,1,2
0,0.7969365594757742,0.09502039201189874,0.10804304851232711
1,0.798395359983928,0.09409000952226404,0.10751463049380797
2,0.7940467559009217,0.09297241321625964,0.11298083088281867
3,0.7883984144089132,0.09178717238537235,0.11981441320571454
4,0.7918141729526939,0.09178324279533763,0.1164025842519685
5,0.7934836178685628,0.09050240643794741,0.11601397569348981
6,0.7924708415747629,0.09043407569178592,0.1170950827334512
7,0.7934757426775225,0.09123247032385735,0.11529178699862015
8,0.7950769421165249,0.09027059263072006,0.11465246525275499
9,0.796583238655234,0.09039419056904412,0.113022570775722
10,0.7947363288677435,0.088269651766923,0.11699401936533362
11,0.7910172748397651,0.08954941874437294,0.11943330641586188
12,0.7931503278462743,0.09016368227520002,0.1166859898785258
13,0.789334712919373,0.08960626722302126,0.12105901985760589
14,0.7951242610257875,0.08922367274331386,0.11565206623089874
15,0.795532393111539,0.09003418683905173,0.11443342004940928
16,0.7954375530346929,0.08875625295356665,0.11580619401174042
17,0.7970215484920227,0.08910018567147322,0.11387826583650415
18,0.7994614059749706,0.0882140374505931,0.11232455657443625
19,0.7986737455181045,0.08764951598322154,0.11367673849867398
20,0.7955485041939644,0.08856686658986548,0.11588462921617002
21,0.7976883773546498,0.08871269117946343,0.11359893146588676
22,0.7976206390696444,0.08886499110253784,0.11351436982781776
23,0.7984241848874832,0.08878453083216614,0.11279128428035065
24,0.7941440946856959,0.08946723118589678,0.1163886741284074
25,0.798326410335352,0.0898709242970945,0.11180266536755347
26,0.7962029626968233,0.08956833237173281,0.11422870493144388
27,0.7971813700854544,0.08869126380606408,0.11412736610848147
28,0.7977779269279132,0.08889623141569787,0.113325841656389
29,0.7998907882022924,0.08944751545883266,0.11066169633887499
30,0.7973150175069255,0.09017701346988792,0.11250796902318658
31,0.7999257063376805,0.09018927723803732,0.10988501642428236
32,0.8014518453742803,0.08981702408057299,0.1087311305451468
33,0.7963130526482968,0.08883949268482132,0.11484745466688184
34,0.7989800092215517,0.08708555833837558,0.11393443244007276
35,0.7974461325011719,0.08655002669938998,0.11600384079943807
36,0.8013212088529063,0.08523476033924987,0.11344403080784378
37,0.8016712169317979,0.08453138297447021,0.11379740009373196
38,0.8003906462015458,0.08459268155938261,0.1150166722390717
39,0.8023077293289581,0.08394931054774135,0.11374296012330051
40,0.7997214539461953,0.08319143229902715,0.11708711375477751
41,0.7717082393754342,0.10904749901106109,0.1192442616135048
42,0.7688950491690113,0.10806422491638176,0.123040725914607
43,0.7733178029379979,0.10666500376670787,0.1200171932952943
44,0.7698695357275389,0.10869901578727947,0.12143144848518152
45,0.7694421974062214,0.11035969011669157,0.12019811247708705
46,0.7668531522859566,0.11162545346444037,0.12152139424960308
47,0.7667556843189264,0.11245688464988204,0.12078743103119151
48,0.771812685682591,0.11198612496334118,0.11620118935406787
49,0.7730787456308968,0.11106343059591305,0.11585782377319007
50,0.7726592335101542,0.11166120625689444,0.11567956023295144
51,0.7764787944201434,0.11009635140133649,0.11342485417852011
52,0.7736589169057209,0.11171057943527106,0.1146305036590082
53,0.7696437250105448,0.11301615346374216,0.11734012152571313
54,0.7701353230375086,0.11506617829467133,0.11479849866782006
55,0.7722568834182022,0.11460341174739597,0.11313970483440185
56,0.7686534207062464,0.11686941739500373,0.11447716189874978
57,0.765024570792785,0.11822529253293576,0.11675013667427925
58,0.7646737617613807,0.1195575025042055,0.1157687357344138
59,0.7672750923532999,0.11780847012419775,0.11491643752250226
60,0.765431022584377,0.11844268316976328,0.11612629424585982
61,0.7629035881788604,0.11887548311156415,0.11822092870957544
62,0.761144500817199,0.12056615163688064,0.11828934754592033
63,0.7613983279507618,0.1203723731743968,0.11822929887484128
64,0.763686589845136,0.12029494213530925,0.11601846801955475
65,0.7636683513548695,0.12110002402644442,0.11523162461868615
66,0.7641062768773565,0.12183700815849964,0.11405671496414387
67,0.7637943915978491,0.1223237680599549,0.11388184034219598
68,0.7628436740775959,0.12230546751569633,0.11485085840670785
69,0.7616719466838189,0.12143548313047767,0.1168925701857034
70,0.7591741219296855,0.12291360776319352,0.11791227030712095
71,0.7592478038498439,0.12356550082206404,0.11718669532809209
72,0.7595547856315926,0.12322532271928599,0.11721989164912136
73,0.7569652268887999,0.12352964596293013,0.11950512714827005
74,0.7562118813716936,0.12419016806466535,0.11959795056364107
75,0.7575009998145933,0.1234607802577714,0.11903821992763533
76,0.7625659314997726,0.12380426101999838,0.11362980748022894
77,0.7637412566813077,0.12241391502934577,0.11384482828934661
78,0.7643082539837722,0.12306658454687198,0.11262516146935585
79,0.7642013323340253,0.12284329613147765,0.11295537153449706
80,0.7631993288969462,0.12399340408725526,0.1128072670157985
81,0.7630697464628697,0.12349111406553993,0.11343913947159037
82,0.7611018911661851,0.1255659846397156,0.11333212419409924
83,0.759960641701147,0.12514351194597773,0.11489584635287525
84,0.7603985285717123,0.1242847351513324,0.11531673627695525
85,0.756702361328122,0.1270872254182205,0.11621041325365765
86,0.7558519836871358,0.12746178605499453,0.1166862302578697
87,0.7580091054280421,0.12688096059464887,0.11510993397730909
88,0.7596486650157885,0.1260554386959656,0.11429589628824588
89,0.7593003134501066,0.12400529391708237,0.11669439263281106
90,0.7565310323298269,0.12598624843262207,0.11748271923755108
91,0.7559548351173969,0.12751231162774132,0.11653285325486183
92,0.756443697896977,0.12744208118675807,0.11611422091626496
93,0.7572564415893791,0.1271968998816054,0.11554665852901551
94,0.7581249126606716,0.12629492479865512,0.11558016254067326
95,0.7552172330629467,0.12710952683905716,0.11767324009799607
96,0.7567341455143404,0.126415203386093,0.11685065109956658
97,0.7558888580464234,0.1271794650819152,0.11693167687166156
98,0.7556502658577381,0.12777924615668554,0.11657048798557636
99,0.7550791712268091,0.1277621892720582,0.11715863950113263
100,0.7551194694757737,0.1283919204247664,0.11648861009945982
101,0.7562602314365455,0.1255230457100864,0.11821672285336801
102,0.7572212101760651,0.12566926564524833,0.11710952417868659
103,0.7573014574492519,0.12646678425210214,0.11623175829864589
104,0.7557942327868215,0.12730283414539667,0.11690293306778181
105,0.7544235792942131,0.12828021442782447,0.11729620627796256
106,0.7543114698043805,0.12590457729571236,0.11978395289990731
107,0.7548050407785067,0.12575513038482047,0.11943982883667278
108,0.7603529708055841,0.12558458484659607,0.11406244434781983
109,0.7582541302051263,0.12624323677308483,0.11550263302178883
110,0.7635384634220027,0.12673138197889364,0.10973015459910376
111,0.7629888684412057,0.12728029030855922,0.10973084125023502
112,0.7628293675937092,0.12730342453681961,0.10986720786947117
113,0.7636038677220617,0.1259389745515228,0.11045715772641554
114,0.7622426493345223,0.1274838341484139,0.11027351651706369
115,0.7623808532355499,0.1262244246489152,0.11139472211553483
116,0.7599120122293144,0.12777120419339238,0.11231678357729333
117,0.758403731495653,0.1292912427433223,0.11230502576102475
118,0.7584161984280886,0.12922414072529495,0.11235966084661654
119,0.7573915774889911,0.12908248035888176,0.11352594215212727
120,0.7560865720008471,0.1296620207934135,0.11425140720573924
121,0.7567965150138,0.13045159392827677,0.11275189105792328
122,0.7571435253188759,0.13125194716578845,0.11160452751533567
123,0.7584920657493543,0.13045702091327777,0.11105091333736793
124,0.7588875024640316,0.13014896164019704,0.11096353589577135
125,0.7582250432118395,0.13148887190098063,0.11028608488717985
126,0.7584852546356294,0.13150761517790455,0.11000713018646589
127,0.7582413091517038,0.13338360547127792,0.10837508537701827
128,0.7583243920232434,0.13421243475694866,0.10746317321980788
129,0.7564138911530404,0.13559068478521527,0.10799542406174434
130,0.7517392176611529,0.1344650783138061,0.11379570402504077
131,0.7525333793592947,0.1343365167260356,0.11313010391466975
132,0.7526076498985932,0.1353036244359192,0.11208872566548754
133,0.7520168693050467,0.1358141229216736,0.11216900777327969
134,0.7541329586200383,0.1357167458612337,0.11015029551872803
135,0.7540068070388702,0.1369439457325987,0.10904924722853114
136,0.7517433204534528,0.13722185882891969,0.11103482071762741
137,0.7521220939433894,0.1368853100592415,0.11099259599736923
138,0.7520429784479941,0.1377053095863027,0.11025171196570312
139,0.7498712630769809,0.13924456614204564,0.11088417078097354
140,0.7520132700507508,0.13957636411849397,0.10841036583075515
141,0.7464984501490758,0.14008168131989493,0.11341986853102923
142,0.7451710704738005,0.13913399241450383,0.11569493711169566
143,0.7450938147125986,0.14012782949769692,0.11477835578970441
144,0.7440604533466344,0.1413944258003864,0.11454512085297915
145,0.7430236771775828,0.14093454877237932,0.11604177405003788
146,0.7775738813314663,0.10729744522386996,0.1151286734446638
147,0.7782808289025197,0.10738759070681264,0.11433158039066757
148,0.7771998184858958,0.10924742200859493,0.11355275950550915
149,0.7785956974448218,0.10856450868210762,0.11283979387307051
150,0.7795753751805906,0.10890880507279266,0.11151581974661677
151,0.7810355208253088,0.10974694727307457,0.10921753190161666
152,0.7816245084320812,0.11014454934630119,0.10823094222161764
153,0.7814191704135058,0.1103783203617755,0.10820250922471876
154,0.7802832938130645,0.11082668207599693,0.1088900241109385
155,0.7787118677643194,0.11184826547429513,0.10943986676138544
156,0.7768926099852527,0.11145883427449582,0.11164855574025151
157,0.7793578831764015,0.11029726308726659,0.11034485373633189
158,0.7778446229862638,0.11206909930989686,0.1100862777038394
159,0.776491096065658,0.11303897180555478,0.11046993212878717
160,0.7765460024234437,0.11204700704568515,0.11140699053087105
161,0.7771355410083797,0.1113581243327273,0.11150633465889306
162,0.7769904624052066,0.1111993286970149,0.11181020889777848
163,0.7780590702090099,0.1108784528115259,0.11106247697946425
164,0.777252709526483,0.11101745494373161,0.11172983552978552
165,0.7757599267997078,0.11217962540453995,0.11206044779575217
166,0.7753411842164857,0.11201087117031146,0.11264794461320299
167,0.7745290429364857,0.11214656666240544,0.11332439040110895
168,0.7734559431150707,0.11308283711331522,0.11346121977161408
169,0.7744528442092178,0.11361668027486432,0.11193047551591787
170,0.7766035161576382,0.11320557796796592,0.11019090587439578
171,0.7761700703762237,0.11464406617546513,0.10918586344831115
172,0.7717690985397606,0.11492848562679267,0.11330241583344683
173,0.77381162674368,0.11503974409665714,0.11114862915966287
174,0.7732561646038975,0.11359792439354292,0.11314591100255973
175,0.7737489447994723,0.11336120268064157,0.1128898525198862
176,0.7718586814515168,0.11365658492912264,0.11448473361936062
177,0.7694497933906027,0.11393633565244442,0.11661387095695284
178,0.7690331055021192,0.11294065330965182,0.11802624118822884
179,0.7707143914996664,0.11112584959008888,0.11815975891024469
180,0.7703504792732889,0.11131219300859554,0.11833732771811545
181,0.7724271877540209,0.11249264983917062,0.11508016240680845
182,0.7720981715197942,0.11255660706411705,0.11534522141608883
183,0.7702249273717968,0.11599589454361049,0.11377917808459267
184,0.7712694427743281,0.11436775645420455,0.11436280077146731
185,0.7745520370500848,0.11156020497897143,0.11388775797094375
186,0.7737081802021718,0.11254470555308678,0.1137471142447414
187,0.7740376263090617,0.11198454631278662,0.11397782737815178
188,0.7749666351594121,0.11186444330515113,0.11316892153543684
189,0.7790012824378559,0.11039268353683734,0.11060603402530668
190,0.7790956541465247,0.11193619141491534,0.10896815443855994
191,0.7778550494164829,0.11253432180589991,0.10961062877761724
192,0.7773878627522925,0.11335027262396297,0.10926186462374436
193,0.7772758348299954,0.11307867808409865,0.1096454870859058
194,0.7737300559839035,0.11280405463476145,0.11346588938133502
195,0.7748906267622028,0.11226230313488945,0.11284707010290773
196,0.77538678763987,0.1119395167024531,0.11267369565767682
197,0.7722326637369333,0.1128260943086015,0.1149412419544653
198,0.7721950505205315,0.11325370550684828,0.11455124397262038
199,0.7716695563470104,0.11556830884370359,0.11276213480928611
200,0.7694862139257557,0.11652108464978146,0.11399270142446284
201,0.7687294185316667,0.11707689809238188,0.11419368337595162
202,0.7670098841158051,0.11867004935530176,0.1143200665288933
203,0.7662093526584882,0.11972860125159038,0.11406204608992129
204,0.7634008438598886,0.12129692840868318,0.11530222773142829
205,0.7645296895834994,0.12034356464832434,0.11512674576817626
206,0.7659435910500549,0.1214550991142107,0.11260130983573437
207,0.7646535355065589,0.12160255332640194,0.11374391116703907
208,0.7628259240723727,0.1215616881333058,0.1156123877943216
209,0.7652899827348434,0.12113786796286753,0.11357214930228907
210,0.7665394050197808,0.12342972406484044,0.11003087091537865
211,0.7611629413170351,0.1238809072556411,0.1149561514273239
212,0.7577664183165846,0.1265909724742738,0.11564260920914168
213,0.7577511057150759,0.12597464541203265,0.11627424887289137
214,0.7612781798999833,0.12426470520814949,0.11445711489186718
215,0.7603069238014385,0.12531321312520907,0.1143798630733525
216,0.7624021441033334,0.12486810622958862,0.11272974966707813
217,0.7615150770314454,0.1263684830532894,0.11211643991526508
218,0.75992520678173,0.12733324383362238,0.11274154938464759
219,0.7599647326900401,0.12800959741763457,0.11202566989232535
220,0.7579996318262919,0.12935595004106593,0.11264441813264213
221,0.7589904236345674,0.12941929585255957,0.11159028051287292
222,0.7582729484949053,0.1300536454961071,0.1116734060089875
223,0.7582556368588507,0.13113653937031847,0.11060782377083078
224,0.7586853708837094,0.1326513216645383,0.10866330745175225
225,0.7570310228962814,0.13373805864933108,0.10923091845438762
226,0.7524321698029987,0.13401533085983589,0.1135524993371654
227,0.750995737691607,0.13288354547537692,0.11612071683301607
228,0.7524885305266656,0.134272955054786,0.11323851441854847
229,0.7585685496060409,0.13157678425504965,0.10985466613890946
230,0.7585141332411545,0.1301350872066536,0.11135077955219194
231,0.7571519356089353,0.1288397833032359,0.11400828108782893
232,0.7576185763784751,0.12975817840422504,0.11262324521729992
233,0.7578237894862385,0.1308411434030655,0.11133506711069592
234,0.7539710265584527,0.13232926782487336,0.11369970561667375
235,0.7553952483334244,0.12966601200029676,0.11493873966627878
236,0.757578512391164,0.1286228950653438,0.11379859254349214
237,0.752589714787066,0.13618088593115069,0.11122939928178335
238,0.7498087514047732,0.13528919527962438,0.11490205331560238
239,0.7509822986520589,0.13261205414736496,0.11640564720057606
240,0.7544418599506745,0.13605812434712025,0.1095000157022053
241,0.7567701252909843,0.13337667941105777,0.10985319529795787
242,0.756659407273385,0.13214576718497748,0.11119482554163763
243,0.7558404231165138,0.1322317421118299,0.11192783477165631
244,0.7561459080562346,0.13153038844009787,0.1123237035036676
245,0.7557303456058939,0.1324800096742526,0.11178964471985357
246,0.7554877771302854,0.13260614810694998,0.11190607476276447
247,0.7525279877457781,0.1352305817478163,0.1122414305064056
248,0.7530934716617832,0.13561321839503412,0.11129330994318268
249,0.7519687347305595,0.13616131048465835,0.11186995478478218
250,0.7523001793384407,0.13529520847483056,0.11240461218672873
251,0.7524262481532897,0.1362273550989649,0.11134639674774531
252,0.7519546847865775,0.13590456657648545,0.11214074863693703
253,0.7548755868923334,0.13583541570854238,0.10928899739912426
254,0.7534585097823123,0.13312452072829853,0.11341696948938913
255,0.7508451750601145,0.13263383601804582,0.11652098892183974
256,0.7526419380727248,0.12965767368673728,0.11770038824053794
257,0.7540284505578345,0.12568599778998646,0.12028555165217912
258,0.7537058159654432,0.12641439822161146,0.11987978581294555
259,0.7540131670742363,0.1273792472976013,0.11860758562816234
260,0.755609476933434,0.1254834052685376,0.11890711779802836
261,0.7566584197231488,0.12228082894434246,0.12106075133250872
262,0.7592527766665853,0.11906048866879027,0.12168673466462449
263,0.7591489989250569,0.11955397624316871,0.12129702483177433
264,0.7605352414925651,0.11797873188082961,0.12148602662660529
265,0.7607230819408584,0.117712126925058,0.12156479113408351
266,0.7647225944222233,0.1191750196174618,0.11610238596031487
267,0.7683002564271649,0.11689660235695702,0.11480314121587804
268,0.7678927103700246,0.11833993550177355,0.1137673541282019
269,0.7703726059695591,0.11848882485319454,0.11113856917724628
270,0.7653732227118997,0.12013761163074076,0.11448916565735967
271,0.7628918092188017,0.12283647205572497,0.11427171872547343
272,0.7612780984315413,0.12337257216652563,0.11534932940193315
273,0.7597014380561176,0.12641287269305576,0.11388568925082664
274,0.7613093070396704,0.12661974882330707,0.11207094413702262
275,0.7621000973396451,0.1262654195898163,0.11163448307053858
276,0.7620459583018244,0.1253139673435026,0.11264007435467308
277,0.7649214793975828,0.1270693486539577,0.10800917194845956
278,0.7601342765034339,0.12905634865837742,0.11080937483818867
279,0.7637739592285722,0.1271363638016217,0.10908967696980616
280,0.7602204600213346,0.12527530351448726,0.11450423646417814
281,0.7617696418311802,0.12476459941480575,0.11346575875401406
282,0.7584654840339021,0.1260283213749984,0.11550619459109951
283,0.7583199183253568,0.12563146623336358,0.11604861544127965
284,0.7578349583552778,0.12619064149399747,0.1159744001507247
285,0.7573627666446392,0.12553900426728143,0.11709822908807932
286,0.759781802661276,0.1233630582101963,0.1168551391285277
287,0.7613108820921026,0.12190798026280222,0.1167811376450951
288,0.7595770564720357,0.12416482225520134,0.116258121272763
289,0.7566119576947644,0.12659367130608568,0.11679437099915006
290,0.7564412172045881,0.12699555671378526,0.11656322608162661
291,0.7552459106981899,0.12769349147564388,0.11706059782616615
292,0.7531840570078474,0.12857954371628458,0.11823639927586808
293,0.752412181039846,0.1296762990355804,0.11791151992457347
294,0.7530410784832545,0.1279464522825463,0.11901246923419914
295,0.757388292335737,0.1284628924786306,0.11414881518563226
296,0.7576894939771298,0.1272592749129187,0.11505123110995165
297,0.7558499143273053,0.12799092501130732,0.11615916066138747
298,0.7531499258254782,0.1287591344620341,0.11809093971248777
299,0.7535459670386635,0.12754515543132963,0.11890887753000687
300,0.7559421492769991,0.12759411994992834,0.11646373077307255
301,0.7515992654382765,0.1308095920926178,0.11759114246910571
302,0.7557383667707758,0.1307633604866257,0.11349827274259855
303,0.7543189804231849,0.13277555542175037,0.11290546415506475
304,0.751802833644577,0.13438183983464466,0.11381532652077833
305,0.7512803959109876,0.13289618682509435,0.11582341726391797
306,0.7489183978788836,0.13340601066410107,0.11767559145701531
307,0.7509610554962082,0.13247861953108186,0.11656032497271
308,0.7489942852079864,0.13310710525481131,0.11789860953720244
309,0.7491180876488833,0.13255662800136353,0.1183252843497531
310,0.7530264738544488,0.13441877725814,0.11255474888741124
311,0.7513600350913736,0.13525320037912025,0.11338676452950627
312,0.7502473076620396,0.13659066257447422,0.1131620297634863
313,0.7506241213155515,0.13651228769970072,0.11286359098474771
314,0.7501195828694097,0.1363542028023563,0.11352621432823395
315,0.7491656744818587,0.13607669580855045,0.11475762970959075
316,0.7493551926975358,0.13615608089469072,0.11448872640777347
317,0.7464432770229598,0.13785945356468657,0.11569726941235357
318,0.7420492745454101,0.14249901545310018,0.11545171000148967
319,0.7423999221217226,0.14068828508568895,0.11691179279258844
320,0.7474361931799466,0.1380145081633403,0.11454929865671316
321,0.7489540186975971,0.13751184606342554,0.11353413523897732
322,0.7452101351364967,0.139114445642022,0.11567541922148135
323,0.7455959520388769,0.13902163282150995,0.11538241513961332
324,0.7485434911459411,0.13761614391728536,0.11384036493677357
325,0.7473024793251275,0.1402626267825841,0.1124348938922883
326,0.7464789990436184,0.14228407671085233,0.11123692424552939
327,0.7505273776812342,0.1402611143841209,0.1092115079346448
328,0.748437574332104,0.1362122233007246,0.11535020236717132
329,0.7490830250807834,0.135497455718144,0.11541951920107263
330,0.754423617443415,0.13299311844310469,0.11258326411348017
331,0.7540450996668594,0.13300321336445534,0.11295168696868536
332,0.7515101271153714,0.1344508235150907,0.11403904936953803
333,0.7575016412060961,0.12822090910925607,0.11427744968464786
334,0.7567496095194476,0.12742631732972096,0.11582407315083139
335,0.7556075826950353,0.12702474990725343,0.11736766739771125
336,0.7549258855338586,0.12974882761166817,0.1153252868544732
337,0.7575211470914686,0.12470657996606746,0.11777227294246398
338,0.7625041876931294,0.12213953099827991,0.11535628130859069
339,0.7663442403797165,0.12164990512233924,0.11200585449794431
340,0.7617569576114593,0.12155926360604571,0.11668377878249488
341,0.7666778766713611,0.11932409635186145,0.11399802697677744
342,0.7653306707033813,0.11840813472349146,0.11626119457312732
343,0.7639847283152307,0.12089609117304244,0.11511918051172687
344,0.7649528277673785,0.12038229453643028,0.11466487769619121
345,0.764531871526003,0.11932827409089715,0.11613985438309996
346,0.7727083069708972,0.10639811343769519,0.12089357959140759
347,0.7727378667973135,0.1047989668876219,0.12246316631506457
348,0.7732954863562418,0.1032627740465656,0.12344173959719253
349,0.7744171650042383,0.10580235859650677,0.11978047639925497
350,0.7750184929006391,0.10791354154981231,0.11706796554954862
351,0.7728747228980934,0.10820509975383902,0.11892017734806747
352,0.7687577510102445,0.11371310159245876,0.11752914739729682
353,0.7662903640238812,0.11475465091139153,0.11895498506472721
354,0.7686810248632673,0.11400251743106472,0.11731645770566805
355,0.7715076046449244,0.11215645401910268,0.11633594133597283
356,0.7661660244629437,0.1188427892069572,0.11499118633009901
357,0.7690893748278694,0.11651696630298883,0.11439365886914171
358,0.7698847166091813,0.11571170733737927,0.11440357605343934
359,0.7688004972733485,0.11538000072812325,0.11581950199852814
360,0.7694185035549396,0.11454511165276578,0.11603638479229457
361,0.7712896059804885,0.1158198009853176,0.11289059303419392
362,0.7701591008686056,0.1143427100942033,0.11549818903719121
363,0.7756484792541523,0.11240868575783163,0.11194283498801613
364,0.7718057668613627,0.11326453097233198,0.11492970216630524
365,0.7678822906703956,0.1136773788740048,0.1184403304555996
366,0.7699017802257868,0.11222989350693256,0.11786832626728061
367,0.7723153603903222,0.11049128145609673,0.1171933581535812
368,0.7726879426320715,0.11374114131828744,0.11357091604964094
369,0.7725538692724104,0.11294789024476105,0.11449824048282849
370,0.7684867913004864,0.11602706584348797,0.11548614285602564
371,0.7688904212336904,0.11742867281748445,0.1136809059488252
372,0.7703092701347698,0.1170090152308389,0.11268171463439129
373,0.774734077562877,0.11447131874003272,0.11079460369709025
374,0.7742065666569691,0.1146936300652821,0.11109980327774888
375,0.7723363206993867,0.11671542421374587,0.11094825508686734
376,0.7692127387786124,0.11781504113968826,0.11297222008169923
377,0.766985043398812,0.1180784338406661,0.11493652276052183
378,0.7656502796624566,0.11893275513142539,0.11541696520611791
379,0.7640534821546876,0.11923882044166366,0.11670769740364885
380,0.763172641246931,0.12068712895783194,0.11614022979523718
381,0.7631288335698387,0.12004496417491693,0.11682620225524426
382,0.7652589964899835,0.1183701036011405,0.11637089990887603
383,0.7660736232343159,0.11889465626503334,0.11503172050065069
384,0.7622001261189849,0.12303272651853174,0.11476714736248328
385,0.7597518276716763,0.12527502262072215,0.11497314970760157
386,0.7622473399950986,0.12408823217719483,0.11366442782770649
387,0.7587964015623057,0.12446671224557254,0.11673688619212175
388,0.7568504010471171,0.12509491344695045,0.11805468550593239
389,0.7555020101242691,0.12612505303891736,0.11837293683681371
390,0.7575763325970322,0.12653344502841435,0.1158902223745534
391,0.7579853676199692,0.12646315779821454,0.11555147458181622
392,0.7619713346744742,0.12299339731549831,0.1150352680100275
393,0.7591593101655459,0.12502412908346955,0.11581656075098455
394,0.7586661914861248,0.12826078541496908,0.11307302309890614
395,0.7589778616829804,0.12953874483310976,0.11148339348390982
396,0.7582827056392768,0.13073748704972363,0.11097980731099963
397,0.7584964803302778,0.13094640797285675,0.11055711169686547
398,0.7578943797939399,0.13169714978467342,0.11040847042138678
399,0.7593043302053191,0.1310424616179001,0.10965320817678079
400,0.7594929417020799,0.1304452950189594,0.1100617632789607
401,0.7571433653100907,0.1303375915904799,0.11251904309942935
402,0.7585640771473408,0.12911705279078894,0.11231887006187027
403,0.7573725553000313,0.1298766171121313,0.11275082758783735
404,0.75919163362625,0.1283508413537337,0.11245752502001635
405,0.7580099574717899,0.12935744235068322,0.11263260017752683
406,0.7549748714445116,0.13088764337914327,0.11413748517634512
407,0.7540260022609593,0.1324645249238618,0.11350947281517891
408,0.7546865362505655,0.13337170773897833,0.11194175601045628
409,0.7541219537602605,0.13438349959806575,0.11149454664167376
410,0.7542328730895818,0.132862674558984,0.11290445235143416
411,0.7569652945760398,0.1311653942061953,0.11186931121776493
412,0.7582768603276644,0.13057367655317867,0.11114946311915687
413,0.758089948155873,0.13081842772306418,0.11109162412106276
414,0.7570477181651041,0.1324542875283279,0.110497994306568
415,0.7562941215709253,0.12871844834896806,0.11498743008010648
416,0.757615673889742,0.1287591011236905,0.11362522498656759
417,0.7595632812386743,0.12740799061688865,0.11302872814443704
418,0.7593632272379682,0.12687866921798202,0.11375810354404978
419,0.7569379234867109,0.12818607083492392,0.1148760056783654
420,0.7601857190614901,0.12628869023826964,0.1135255907002402
421,0.7615791925407214,0.1264690117011596,0.11195179575811894
422,0.756778641621432,0.12827292920284883,0.11494842917571921
423,0.7564964183735191,0.12809920036958694,0.11540438125689377
424,0.754550871962268,0.12957116753131415,0.1158779605064178
425,0.7560405325412818,0.13053830605476127,0.11342116140395704
426,0.7643824518130241,0.1248307578507422,0.11078679033623379
427,0.764464546788777,0.12428147653918269,0.11125397667204039
428,0.7646100731604174,0.12320400759123089,0.11218591924835163
429,0.7646768649684912,0.12337139178849264,0.11195174324301614
430,0.7642472611800476,0.12389640979248331,0.11185632902746916
431,0.7662535815571608,0.1224928543216655,0.1112535641211738
432,0.769263210999249,0.12138609106591408,0.10935069793483694
433,0.7696506923202099,0.11999401910645148,0.11035528857333862
434,0.7742708521292925,0.11556779869475646,0.11016134917595108
435,0.7725134400842814,0.11874189961021614,0.1087446603055026
436,0.7725653758585824,0.11825540330976549,0.1091792208316521
437,0.7691237477493026,0.1201875416775728,0.11068871057312474
438,0.7668835597051599,0.11837056888764967,0.11474587140719052
439,0.7681175980496979,0.11690012451105838,0.11498227743924369
440,0.7641971192423361,0.11764808156372698,0.1181547991939368
441,0.7672007854250781,0.11932035099210185,0.11347886358282006
442,0.7683717361826734,0.11807423087222735,0.11355403294509919
443,0.7677865460969608,0.11851733456725232,0.11369611933578679
444,0.7720437832678541,0.11563252535795866,0.11232369137418732
445,0.7734619097981359,0.11538961583395786,0.11114847436790627
446,0.7727894266071351,0.11670101498948023,0.11050955840338454
447,0.7735375615661525,0.1154182308842793,0.11104420754956817
448,0.7720742891922534,0.11559757575082784,0.11232813505691866
449,0.7737600858926991,0.11254769284250694,0.11369222126479397
450,0.770347613933546,0.11439759855457035,0.11525478751188357
451,0.767682760108235,0.11623684837250928,0.11608039151925562
452,0.769941133126427,0.11612555573263737,0.11393331114093556
453,0.7720325076108564,0.11475894566399171,0.11320854672515188
454,0.767421273260807,0.11740276308450474,0.11517596365468817
455,0.7672773835550295,0.12108403937341793,0.11163857707155263
456,0.766945920291137,0.12154072590531065,0.11151335380355237
457,0.7654588061256303,0.12139986176462192,0.11314133210974775
458,0.7668969804150335,0.12091929786678889,0.11218372171817763
459,0.7621951455596994,0.12364624685309605,0.1141586075872046
460,0.7642323586841617,0.1217028440608717,0.1140647972549665
461,0.7614674980796382,0.12089016738676486,0.11764233453359703
462,0.7642737845967019,0.11734343237328192,0.11838278303001619
463,0.7640513994638144,0.11798376779907778,0.11796483273710796
464,0.7635606457883475,0.11793708164595183,0.11850227256570063
465,0.7648052594090844,0.11864903503741217,0.11654570555350337
466,0.7630993501836955,0.11940455239005057,0.11749609742625391
467,0.762995632599312,0.11871234381903457,0.1182920235816533
468,0.7641506118797797,0.12352455631128556,0.11232483180893477
469,0.7639960796350824,0.1240627629924992,0.11194115737241843
470,0.765549242598157,0.12291861594697243,0.11153214145487042
471,0.7629785899572945,0.12654147489795672,0.11047993514474883
472,0.763312523494449,0.1260293643903178,0.11065811211523315
473,0.7624491988243742,0.1252166900077778,0.1123341111678479
474,0.7625791601581609,0.12580257901139502,0.11161826083044409
475,0.7615803801876286,0.1255658375108849,0.11285378230148647
476,0.7601687545939793,0.12738777851515903,0.11244346689086168
477,0.7602633417345884,0.1280119572470847,0.11172470101832685
478,0.759868515307313,0.12774678541408338,0.1123846992786036
479,0.760837363791243,0.12725293304132582,0.11190970316743129
480,0.7612278019034936,0.12684822555716446,0.11192397253934186
481,0.7573216906082579,0.12865226317388478,0.11402604621785717
482,0.7626585283756813,0.12105615460781845,0.11628531701650031
483,0.7616762513389614,0.11866152677249536,0.11966222188854309
484,0.7617074772034463,0.11725783944679766,0.12103468334975605
485,0.7647792458160011,0.11592376990849128,0.1192969842755076
486,0.7629872273384,0.11584683650946129,0.12116593615213866
487,0.7630000806727644,0.11571658943848931,0.12128332988874639
488,0.7646576268760176,0.11635338500042797,0.11898898812355448
489,0.7637781821068592,0.11734080592498684,0.11888101196815391
490,0.763076907318556,0.1173580764398872,0.11956501624155672
491,0.7642011531929696,0.11640429655277666,0.11939455025425386
492,0.7683165859935936,0.11228476436523106,0.11939864964117536
493,0.768997785170649,0.11178837407419354,0.1192138407551576
494,0.7711383964751184,0.11141448911498711,0.11744711440989446
495,0.7707508928647209,0.11116182709778866,0.11808728003749051
496,0.7705749277300145,0.11216571095084403,0.11725936131914151
497,0.7705282644441919,0.11134575183277277,0.11812598372303543
498,0.7695233758290495,0.11215567087361723,0.11832095329733322
499,0.7722882736914127,0.11154899269756277,0.11616273361102446
500,0.7734945048480814,0.11038058770548359,0.11612490744643507
501,0.7727827164098997,0.11114081737350918,0.11607646621659112
