,0,1,2
0,0.9323040651180513,0.03167726427508907,0.03601867060685962
1,0.9257126056262222,0.03132886998459558,0.042958524389182254
2,0.9268780253809055,0.03089078128301143,0.042231193336083155
3,0.9243823104083522,0.030632761771399557,0.04498492782024812
4,0.922485218147676,0.03073773272215261,0.04677704913017135
5,0.9231747981081505,0.03026762815628716,0.04655757373556239
6,0.9227044824287863,0.030268000354289993,0.04702751721692363
7,0.9232162477042809,0.03051346353819972,0.046270288757519346
8,0.9238923132581056,0.030153017252857572,0.04595466948903687
9,0.924590159316868,0.030159970374878633,0.04524987030825336
10,0.9236125540555344,0.02948834929739848,0.046899096647067214
11,0.9219796216412952,0.030003395905193478,0.048016982453511464
12,0.9230005802787388,0.030161323406637283,0.04683809631462391
13,0.9212054473063566,0.030061176157647952,0.04873337653599541
14,0.9200420437479131,0.02998840882708654,0.04996954742500038
15,0.9203135469009646,0.030254226266189073,0.04943222683284628
16,0.9239076920314196,0.029657548916455386,0.04643475905212498
17,0.9246548447612044,0.029737331827983625,0.04560782341081212
18,0.925714927832888,0.029385377041323175,0.04489969512578879
19,0.9253206782003454,0.029213674437767484,0.045465647361887136
20,0.9239469046554152,0.029591394721363126,0.04646170062322173
21,0.9249360091843267,0.029592249580690653,0.04547174123498259
22,0.9249144300244176,0.02964487868452553,0.04544069129105687
23,0.9252767191722817,0.029599819262160935,0.045123461565557424
24,0.9233575282189813,0.029925980209161967,0.04671649157185678
25,0.9252990825553716,0.029966405132695825,0.04473451231193258
26,0.9275548144590001,0.029752063127676916,0.042693122413322925
27,0.9279424375403778,0.029436864117531318,0.042620698342090826
28,0.928206984506532,0.02949123569828007,0.042301779795187906
29,0.9291352516947313,0.02962533895441034,0.041239409350858264
30,0.9280572353993052,0.029928673511014456,0.04201409108968032
31,0.9291787896492126,0.029871108855397194,0.0409501014953901
32,0.929817674994155,0.029711585620532506,0.04047073938531243
33,0.9304628957080746,0.029350043711594775,0.040187060580330655
34,0.931513683038082,0.02870694145875989,0.03977937550315804
35,0.930881829767568,0.02856589667163996,0.0405522735607921
36,0.9324266503117286,0.028042210327610707,0.03953113936066073
37,0.9325550907989381,0.027802486474069042,0.039642422726992824
38,0.9320391833372818,0.02785174535887525,0.04010907130384301
39,0.9328011168331866,0.027596415336634483,0.039602467830178976
40,0.934353887129765,0.02726028007008589,0.03838583280014905
41,0.9340394643775445,0.026840555309308515,0.039119980313146965
42,0.9328747932739873,0.026662565477039837,0.04046264124897291
43,0.9410199907055119,0.026211796823459702,0.03276821247102841
44,0.9399352007042403,0.02680034533992682,0.03326445395583277
45,0.9398365251734486,0.027222047675107372,0.03294142715144415
46,0.9390099321263476,0.027602931883920927,0.033387135989731406
47,0.9389989458777609,0.02781173915179266,0.033189314970446394
48,0.9384021287717405,0.027741183547350258,0.03385668768090924
49,0.932074237742279,0.02747934420330425,0.04044641805441671
50,0.9319599833217255,0.027638857709281227,0.0404011589689932
51,0.9333634935599798,0.027158304059477827,0.03947820238054232
52,0.9323717400199241,0.027627550384994808,0.04000070959508112
53,0.9308564479546482,0.028050590575552214,0.04109296146979957
54,0.9312523820822969,0.028553315979900223,0.04019430193780299
55,0.9320750128879328,0.02838540749115405,0.0395395796209131
56,0.9308166253874565,0.029043099006587744,0.04014027560595584
57,0.9294526636185898,0.02947615276320313,0.04107118361820708
58,0.9294347590408427,0.02982140252737381,0.04074383843178352
59,0.9303399497568675,0.029314034548441698,0.040346015694690776
60,0.9296410396100523,0.029520653943463527,0.04083830644648423
61,0.9286377530958091,0.029694600163852128,0.04166764674033879
62,0.9280694087669199,0.030168050842795925,0.04176254039028423
63,0.9281563249509056,0.030112342502029217,0.041731332547065236
64,0.9290971263757583,0.030033215251392742,0.04086965837284897
65,0.9291663393876956,0.030237188964332855,0.0405964716479717
66,0.9294176288828995,0.030411992397983853,0.04017037871911665
67,0.929335144100194,0.030543250588669055,0.04012160531113677
68,0.9289400543797453,0.030563741729029092,0.04049620389122573
69,0.928371346594139,0.03037441214002276,0.04125424126583817
70,0.9274738583726188,0.030815467221524978,0.04171067440585633
71,0.9275668576820935,0.030979001878191397,0.041454140439715126
72,0.927662209870138,0.030884404639840983,0.04145338549002097
73,0.926610589680922,0.03103137611903138,0.042358034200046565
74,0.9263584930893866,0.031219886129534767,0.04242162078107879
75,0.9268279965287871,0.030999412258450848,0.04217259121276211
76,0.9260223210573787,0.031140984653746335,0.04283669428887489
77,0.9263762810558888,0.03075563194314259,0.04286808700096858
78,0.9267003326042663,0.030907480859034508,0.042392186536699274
79,0.9266276120036461,0.030853298410002006,0.04251908958635198
80,0.9263221596867698,0.031172766664086724,0.042505073649143355
81,0.9262069976099174,0.031047899429425523,0.04274510296065708
82,0.925583733276724,0.03162988485245701,0.042786381870818777
83,0.9279801770981864,0.031374863185547094,0.04064495971626661
84,0.9280802691188953,0.031144973579861283,0.0407747573012434
85,0.9268063256383791,0.03195889110935044,0.04123478325227062
86,0.9264860689321296,0.032078055887293275,0.041435875180577175
87,0.9273328360979995,0.03187011108208804,0.04079705281991246
88,0.9279375113406972,0.03161501877763373,0.040447469881669
89,0.9275963210363084,0.031103665169317934,0.041300013794373674
90,0.9266291531495577,0.03168314318698799,0.04168770366345417
91,0.926534012936592,0.032088065863002786,0.04137792120040524
92,0.9267320464834088,0.0320565168007852,0.04121143671580588
93,0.927048602718467,0.03197142234370211,0.040979974937830885
94,0.9273250900145408,0.03171779914079305,0.0409571108446661
95,0.9261861259115468,0.032005925161824676,0.04180794892662844
96,0.926755258432478,0.031786809531288804,0.04145793203623321
97,0.9264744683762153,0.03200504259411688,0.041520489029667915
98,0.9264319389102887,0.03216465554839334,0.04140340554131787
99,0.9261907564203582,0.03217630727166134,0.04163293630798055
100,0.9262680426876437,0.032335874548657384,0.04139608276369896
101,0.926471382361745,0.03157258331352447,0.0419560343247305
102,0.9268875892762534,0.03158342888467532,0.04152898183907131
103,0.9269975053367403,0.031784263472396074,0.04121823119086357
104,0.9264466307969802,0.03203913694801748,0.04151423225500228
105,0.9259651513531871,0.032326967719978915,0.04170788092683408
106,0.9256902534639081,0.03172359542202336,0.04258615111406857
107,0.9258832880494003,0.03167182353311091,0.04244488841748878
108,0.9252195891740758,0.03167079165006712,0.043109619175857226
109,0.9243697447975423,0.031895695128183646,0.04373456007427401
110,0.9267529308481532,0.03187940683927658,0.041367662312570226
111,0.9265757712549813,0.03203442314587246,0.041389805599146325
112,0.9265084849635483,0.032044617801389126,0.04144689723506262
113,0.926689484952879,0.03167519384080851,0.041635321206312574
114,0.9262719042078702,0.03210653038112874,0.0416215654110012
115,0.9261861181249851,0.03178064442866102,0.04203323744635395
116,0.9252797332276657,0.032243022090413215,0.04247724468192115
117,0.9247909913688321,0.0326742217467079,0.04253478688445997
118,0.9247886808437759,0.03265664544585579,0.042554673710368314
119,0.9243189320865689,0.03264838415577074,0.04303268375766043
120,0.9238081344006303,0.03283341496710617,0.04335845063226339
121,0.9242150268305273,0.03301690078434465,0.042768072385128156
122,0.9244621058090421,0.03321311956400637,0.04232477462695155
123,0.9249659131113284,0.03297123052993264,0.042062856358738916
124,0.9251046735591054,0.03288116485488736,0.042014161586007244
125,0.9249682200837294,0.03324380294021186,0.041787976976058856
126,0.925085395953673,0.0332413457554498,0.04167325829087717
127,0.9251964236872134,0.033730437138353206,0.04107313917443336
128,0.9253298470194252,0.033941209393220276,0.0407289435873545
129,0.9246453691502297,0.03435093558482502,0.041003695264945295
130,0.9253892439538093,0.03400424737047436,0.0406065086757164
131,0.9257118314936783,0.0339477149933697,0.04034045351295204
132,0.9258361375545694,0.03419332612126185,0.039970536324168734
133,0.925636176199595,0.03434188172988353,0.04002194207052133
134,0.9265177336448879,0.0342535565116367,0.039228709843475436
135,0.9265826979601498,0.034571496142547405,0.03884580589730274
136,0.9256562414862599,0.03471121951591097,0.03963253899782913
137,0.9257836232716226,0.034613411834822756,0.03960296489355479
138,0.925829176433114,0.034826137169085856,0.03934468639780017
139,0.9250599221198585,0.035288063761408535,0.039652014118733
140,0.9259967709838588,0.03530711784944393,0.038696111166697335
141,0.9263607562047607,0.03541362915707597,0.03822561463816338
142,0.9257504167522929,0.03521348664972428,0.039036096597982815
143,0.9257967400539572,0.03547046936758855,0.03873279057845425
144,0.925477176146011,0.035828417816545846,0.038694406037443244
145,0.9250206029648225,0.0357440758726831,0.03923532116249443
146,0.9247870869166779,0.036247435041942624,0.038965478041379426
147,0.9250714780761992,0.036256081392902206,0.03867244053089859
148,0.92463763359237,0.03691797561778763,0.038444390789842374
149,0.9251986950719889,0.036643646888572315,0.03815765803943876
150,0.9255921523152749,0.03672927454892866,0.03767857313579636
151,0.9200513484218972,0.036966107227012525,0.04298254435109026
152,0.920340704317656,0.037083734380641706,0.042575561301702244
153,0.920259287154548,0.03716891795482196,0.042571794890630066
154,0.9197642925789041,0.0373541241514044,0.042881583269691464
155,0.9190989549239144,0.03774719824432384,0.043153846831761655
156,0.9182443710037305,0.03766879873037653,0.04408683026589315
157,0.9193136258079097,0.03720158898571493,0.04348478520637545
158,0.918713109441728,0.03784799963752486,0.04343889092074715
159,0.9181425203862029,0.03821833903814069,0.043639140575656266
160,0.9181158991004673,0.03787918008257962,0.044004920816953126
161,0.9183506458348037,0.03762735246417774,0.04402200170101855
162,0.9182757427876427,0.03757764674391873,0.04414661046843854
163,0.9187492225981758,0.03743704501723972,0.04381373238458447
164,0.9183866264617399,0.037508056619514125,0.04410531691874591
165,0.9177614373718593,0.03794778567272281,0.04429077695541787
166,0.9175599171870208,0.0379028393720422,0.04453724344093708
167,0.9171929175187844,0.03797335392973944,0.04483372855147624
168,0.9167468645621406,0.03832485655357065,0.04492827888428876
169,0.9172346839783078,0.03847667853429946,0.044288637487392764
170,0.9182028800058814,0.03827164364040246,0.04352547635371618
171,0.9180788942729065,0.038774363939065054,0.04314674178802857
172,0.9187938670735708,0.03882455788193127,0.04238157504449796
173,0.9196955146851451,0.03879759963984969,0.04150688567500525
174,0.9194036316605789,0.038326693415401715,0.042269674924019424
175,0.9196121490756819,0.03823113643396897,0.04215671449034911
176,0.9187909627815215,0.038390313329749036,0.04281872388872945
177,0.9177375435158215,0.038561026961963084,0.04370142952221541
178,0.9175201052247919,0.0382356944062167,0.04424420036899151
179,0.9182023666388653,0.037567142832728384,0.044230490528406184
180,0.9180479818847368,0.037641584349891025,0.04431043376537222
181,0.921504475227241,0.03780169248787427,0.04069383228488465
182,0.9213674504838486,0.037833675593189266,0.04079887392296213
183,0.9206357050578496,0.0390535091506578,0.04031078579149242
184,0.9210487119711608,0.03847045091841386,0.04048083711042538
185,0.922379174918029,0.037421000344821966,0.04019982473714908
186,0.9220421182551822,0.037778598389457275,0.04017928335536048
187,0.9221709194726047,0.03757981569940405,0.04024926482799125
188,0.9225573452675166,0.0375102218164421,0.039932432916041184
189,0.9242132548427163,0.03689109207149735,0.038895653085786415
190,0.9242773425226259,0.0374049649442747,0.03831769253309935
191,0.9237718146888427,0.03764421375420622,0.038583971556951056
192,0.9235907178195378,0.03793250935261973,0.038476772827842454
193,0.9235397164425836,0.0378449847493947,0.038615298808021704
194,0.9242911797587393,0.037695558614657315,0.03801326162660342
195,0.9247546314462041,0.03747711811586009,0.037768250437935955
196,0.9249524102409716,0.03735343553330372,0.03769415422572466
197,0.923691323641379,0.0377515148820663,0.03855716147655459
198,0.9236765719186938,0.03789583382850379,0.038427594252802434
199,0.9234674941364409,0.038687898194963946,0.0378446076685952
200,0.9225899453181006,0.03908035720597216,0.0383296974759273
201,0.9222851726077737,0.03929244598993083,0.03842238140229561
202,0.9215914674592739,0.03988639077846825,0.038522141762257905
203,0.9212680573360594,0.040270090492634025,0.03846185217130645
204,0.9201281851922927,0.04089701719262978,0.038974797615077605
205,0.9205867549701038,0.040535858044343044,0.038877386985553146
206,0.9211616769404267,0.040860244409261885,0.037978078650311456
207,0.9206380866132179,0.04095557833167974,0.038406335055102526
208,0.9198941161483702,0.04100674069165308,0.039099143159976646
209,0.9185979752103035,0.04097645433157794,0.04042557045811858
210,0.9160740416581412,0.04152737123768836,0.042398587104170396
211,0.9136465175078708,0.041862343346529204,0.04449113914559993
212,0.9122108522974288,0.0429023623343242,0.04488678536824703
213,0.9121761259987495,0.04269272322133815,0.045131150779912414
214,0.9137164243285352,0.04198889386742078,0.0442946818040441
215,0.9133191023567829,0.04237883873724419,0.04430205890597291
216,0.9142568564967064,0.04215549883507859,0.043587644668214985
217,0.91391908926736,0.042695942522407895,0.043384968210232036
218,0.9132349499866856,0.043079640155259336,0.043685409858055184
219,0.9132834232458307,0.043308511618444706,0.04340806513572466
220,0.9124422706119585,0.04383705824030701,0.04372067114773464
221,0.9129000605406442,0.043823248012647135,0.043276691446708745
222,0.9125991903536811,0.044065189004200186,0.043335620642118676
223,0.912639896359361,0.044435094883207606,0.042925008757431306
224,0.9129052791841022,0.04493597616498202,0.04215874465091567
225,0.9121937962110426,0.04536772924325154,0.04243847454570579
226,0.9100818698765131,0.04563375231403167,0.04428437780945511
227,0.9093640547551028,0.04529915583895599,0.04533678940594128
228,0.9075080403904711,0.04593099501176091,0.04656096459776809
229,0.9102720191152516,0.04478394403806832,0.0449440368466801
230,0.9126667067958261,0.04410758313382789,0.043225710070346
231,0.9119820015469402,0.0437143010882628,0.04430369736479692
232,0.9122380624567789,0.044011141950824464,0.04375079559239667
233,0.912381151376094,0.04437340177009875,0.0432454468538072
234,0.9106707565083464,0.04502284826154754,0.04430639523010608
235,0.9112092140831148,0.04405957777428057,0.04473120814260465
236,0.9121685832058348,0.043625062863967314,0.04420635393019788
237,0.910204352229334,0.0463945650174814,0.043401082753184675
238,0.9088714960148042,0.046193983503056785,0.044934520482139154
239,0.9092970357306688,0.04523029291145695,0.045472671357874174
240,0.9116599598265516,0.0467173532379486,0.041622686935499864
241,0.9126235316062632,0.04570400206927238,0.04167246632446438
242,0.9125323273346688,0.04528430698876005,0.04218336567657117
243,0.9121650459210107,0.04534461067920212,0.04249034339978721
244,0.9122796966495629,0.045091548762776344,0.04262875458766079
245,0.9121235681757949,0.045434297126702806,0.042442134697502375
246,0.9120180418634483,0.04548689516319496,0.04249506297335669
247,0.9107633075022946,0.046505512169136315,0.042731180328569006
248,0.9110331581105294,0.04661588893143825,0.04235095295803234
249,0.9105400869488712,0.04684892777453046,0.0426109852765983
250,0.9106618621854802,0.046536642441432616,0.04280149537308723
251,0.9107504582409224,0.046853973998747106,0.042395567760330446
252,0.9105250825912059,0.04676069321709509,0.04271422419169896
253,0.9118490304753478,0.04662375232452181,0.04152721720013029
254,0.913647959515652,0.04553092824478575,0.04082111223956211
255,0.9125043792284603,0.045464015833012385,0.04203160493852725
256,0.9132369651506652,0.04437334763094402,0.04238968721839072
257,0.913773307961292,0.04296022360506439,0.043266468433643616
258,0.9136454221467349,0.043221641664075994,0.04313293618918898
259,0.9137943717599474,0.04354087255622798,0.042664755683824614
260,0.9144539399942302,0.042833112684155024,0.04271294732161475
261,0.9148543886075481,0.04170031942447365,0.04344529196797828
262,0.9159182387414216,0.04051043250831107,0.04357132875026729
263,0.9158817247504883,0.040682281011348125,0.04343599423816345
264,0.916450675375854,0.04009796912458886,0.0434513554995571
265,0.916526798219791,0.04000080042227945,0.04347240135792965
266,0.9156796364739384,0.04056874819221614,0.0437516153338455
267,0.9171948058025652,0.039673383261658486,0.04313181093577628
268,0.9170621030859043,0.04017873611439565,0.04275916079970003
269,0.9181652211777411,0.040148020783545194,0.041686758038713696
270,0.9160017778712425,0.04087603735085945,0.0431221847778979
271,0.9149840365126488,0.04188366146134524,0.04313230202600598
272,0.9142791234962445,0.042123148773557155,0.04359772773019832
273,0.9136726654597348,0.04322208621277048,0.0431052483274947
274,0.9144015898885332,0.04323585204223902,0.042362558069227854
275,0.9147441573945528,0.043086259652187264,0.04216958295326001
276,0.9146881323092725,0.042762009022790745,0.0425498586679367
277,0.916031680528618,0.04326146100672397,0.040706858464657866
278,0.9164004070841132,0.04391666060306895,0.03968293231281791
279,0.9179255823817297,0.04312880166007594,0.0389456159581942
280,0.9186736958279725,0.042430513697992514,0.03889579047403495
281,0.9193080686513008,0.04220072242652029,0.03849120892217891
282,0.9179531446781451,0.04275077007696013,0.03929608524489474
283,0.917892861701615,0.04262153196268129,0.03948560633570365
284,0.9176936294691956,0.04282933470025094,0.03947703583055329
285,0.9174983911008777,0.04262566218145896,0.039875946717663355
286,0.9184918880724818,0.04179868922523537,0.03970942270228284
287,0.9191176537288335,0.041250793263923335,0.0396315530072433
288,0.9184085230528863,0.04207786896061753,0.03951360798649618
289,0.9171895272000182,0.043011934883691,0.0397985379162909
290,0.9171193800418563,0.04315491947468994,0.03972570048345369
291,0.9166257833736242,0.04343737247385201,0.03993684415252388
292,0.9157716340032975,0.043817646483441136,0.040410719513261355
293,0.9154517799866196,0.044221285285655006,0.04032693472772535
294,0.915711655180919,0.043607322407197474,0.0406810224118835
295,0.915179358912616,0.043832437688111806,0.04098820339927211
296,0.9152894957190864,0.04340971714838764,0.04130078713252594
297,0.9145075556587282,0.04372816029919127,0.04176428404208044
298,0.9133504018349842,0.044092460444320046,0.04255713772069579
299,0.91350243460844,0.043661054996023026,0.042836510395537
300,0.9145409276504174,0.043588863364658115,0.0418702089849246
301,0.9127097756936963,0.04485555611109381,0.04243466819520994
302,0.9119481144238482,0.04490655154094147,0.04314533403521037
303,0.9113719125185045,0.045654512018685825,0.042973575462809575
304,0.9102811646296629,0.04630598801480188,0.043412847355535286
305,0.9099930757545905,0.04581139591943136,0.04419552832597811
306,0.9089304041618989,0.04607830582581122,0.044991290012289784
307,0.909833329025887,0.04567885346799421,0.044487817506118806
308,0.9089551274396407,0.04597165645696499,0.04507321610339443
309,0.9089933436486957,0.04577589471856526,0.04523076163273907
310,0.9080262768505657,0.04650891021486576,0.04546481293456857
311,0.9072730907443796,0.04686250937282545,0.04586439988279485
312,0.9068100918875047,0.047371917250858105,0.04581799086163712
313,0.9069867032209902,0.04733018474366035,0.045683112035349444
314,0.9067363517900355,0.04729411505568233,0.045969533154282066
315,0.9062636066916696,0.0472333203362758,0.046503072972054506
316,0.9063588634065738,0.047253889169227355,0.04638724742419886
317,0.9050462329276495,0.04796214062266259,0.0469916264496879
318,0.9031625735780869,0.049766042082239136,0.04707138433967397
319,0.9032373601233181,0.049114526569368114,0.04764811330731376
320,0.9055333258559388,0.04797810685404091,0.04648856729002033
321,0.9062374635120422,0.04774358427573483,0.04601895221222307
322,0.9045165679858359,0.04845047665328867,0.04703295536087534
323,0.9046982214349512,0.04840281624866937,0.04689896231637941
324,0.9060455205450182,0.0477958747989871,0.046158604655994674
325,0.9055873923518959,0.04877125863669623,0.04564134901140789
326,0.9052968121527493,0.049512829796802854,0.0451903580504479
327,0.9071377498965095,0.048644308864735766,0.04421794123875461
328,0.9087812637288796,0.04708205959352782,0.044136676677592565
329,0.9090530225676321,0.046808636303455275,0.04413834112891267
330,0.9114042523657317,0.04573624791993502,0.04285949971433317
331,0.9112326920216006,0.04575406586904377,0.0430132421093556
332,0.9101272770981187,0.046351772770289644,0.04352095013159161
333,0.9126382749260161,0.04397537394648806,0.04338635112749584
334,0.9122717240847826,0.04372871641138485,0.04399955950383243
335,0.9117412274048696,0.0436314075181051,0.04462736507702534
336,0.9086538077334251,0.04482996328778938,0.04651622897878559
337,0.9124996955875097,0.042777943552288325,0.04472236086020202
338,0.9146565319751269,0.04172195228298097,0.04362151574189206
339,0.916356062364748,0.041423300672346404,0.04222063696290564
340,0.9143019777636516,0.04154835723923739,0.044149664997111114
341,0.9164269923170583,0.0406167960339921,0.042956211648949624
342,0.9157959384056444,0.040348156971206056,0.0438559046231494
343,0.9152778228714826,0.041245169114139786,0.04347700801437768
344,0.9156932243104716,0.041036520539182705,0.043270255150345716
345,0.9154700052608138,0.040689696536288344,0.043840298202897816
346,0.9273491261608277,0.03584904012440672,0.036801833714765766
347,0.933564884829487,0.035311136085375915,0.031123979085137095
348,0.9338605594134307,0.03477945101162077,0.03135998957494852
349,0.9320522978756892,0.03579990958209311,0.03214779254221771
350,0.9321141582797262,0.0364883524689072,0.03139748925136658
351,0.9313827482335708,0.03665963062861247,0.03195762113781669
352,0.9296464051977199,0.038659840825349415,0.031693753976930784
353,0.9287478277169896,0.03910173357594591,0.032150438707064556
354,0.9296017231784307,0.03876024118341318,0.03163803563815606
355,0.9306689481553583,0.03803650039943125,0.031294551445210476
356,0.928438375080474,0.04048781119127548,0.031073813728250535
357,0.9234783087064508,0.03959294792040583,0.03692874337314331
358,0.923800901315189,0.03929241910387539,0.03690667958093563
359,0.9233834511614393,0.039217305502913434,0.037399243335647196
360,0.9236375533785328,0.03891296276167939,0.037449483859787774
361,0.9243456708520624,0.03928063770848641,0.036373691439451135
362,0.9261208091759338,0.03862739596778777,0.03525179485627851
363,0.9282083986994758,0.03779028593449242,0.03400131536603179
364,0.928742284391997,0.03802522443915121,0.03323249116885167
365,0.9273293113313268,0.038300464621373015,0.03437022404730018
366,0.9281113235165828,0.03774539320786112,0.03414328327555617
367,0.9270014786780695,0.03727715520811478,0.0357213661138157
368,0.924867301823925,0.038558460202291256,0.03657423797378375
369,0.9248277516319611,0.03829455392104217,0.03687769444699675
370,0.9231962682055542,0.03947696469334875,0.037326767101096905
371,0.9209116209179635,0.04015607684596385,0.038932302236072594
372,0.9214926033095466,0.03996406667355835,0.038543330016894986
373,0.9232948630191026,0.038950054289305376,0.03775508269159205
374,0.9230806792434109,0.03904322919141692,0.03787609156517211
375,0.9223203324498552,0.039794879871112715,0.03788478767903192
376,0.9210439510646099,0.040277105018529887,0.03867894391686024
377,0.9201292356051745,0.040444189851953805,0.039426574542871684
378,0.9195798194473266,0.040783461842579576,0.03963671871009402
379,0.9189205534076209,0.04094449308087279,0.04013495351150632
380,0.9185567088688847,0.041473220209000745,0.03997007092211447
381,0.9185382637600983,0.041254084828280115,0.04020765141162167
382,0.9194181392784019,0.04060413592087714,0.03997772480072096
383,0.9197543217561628,0.04075559940528917,0.03949007883854802
384,0.9181547065069645,0.04231468559282861,0.03953060790020678
385,0.9171379586151598,0.043176857086540656,0.039685184298299626
386,0.918174787754067,0.04267599588385082,0.03914921636208215
387,0.9167392246238615,0.04293360838344333,0.040327166992695083
388,0.9159261233609769,0.04322287717410919,0.040850999464913905
389,0.9153613965527736,0.04362967240461941,0.04100893104260698
390,0.9162305475943212,0.04369254302945374,0.04007690937622509
391,0.9164014968795791,0.04365285082326995,0.039945652297150976
392,0.918059756903354,0.042309484715550065,0.039630758381095976
393,0.9168908746523634,0.04311239873239306,0.03999672661524358
394,0.9166866686488082,0.04424739434008532,0.03906593701110659
395,0.9168173180971618,0.04467628018489799,0.038506401717940265
396,0.9165277232312243,0.045116791746536246,0.038355485022239594
397,0.9130301081519109,0.044960204762785574,0.04200968708530348
398,0.9127831665591158,0.04524165392300416,0.041975179517880094
399,0.9133979215554269,0.04496342099478035,0.04163865744979265
400,0.9134630093560507,0.04475059397286296,0.04178639667108639
401,0.912397955425353,0.044800105388019325,0.04280193918662776
402,0.9129994526690296,0.04432666023198959,0.04267388709898077
403,0.912486252862059,0.04463246737954181,0.04288127975839919
404,0.9132570887540586,0.044039615630252466,0.04270329561568893
405,0.9127571423030177,0.044429856542693456,0.04281300115428866
406,0.9114330712665033,0.04507067848971887,0.043496250243777713
407,0.9110545267939533,0.045652103751349454,0.04329336945469724
408,0.9113852593391318,0.045941193293945255,0.042673547366922866
409,0.9111624657072297,0.04631304600778582,0.04252448828498442
410,0.9111619644353959,0.045782159845443614,0.043055875719160516
411,0.9123450434297472,0.04509263134694913,0.042562325223303686
412,0.9129184369091121,0.04483972795427417,0.04224183513661373
413,0.9128421659141046,0.04493109898607762,0.0422267350998178
414,0.912425492899992,0.04553479005578067,0.04203971704422736
415,0.9144929721882105,0.04406772879373817,0.04143929901805128
416,0.9150651788807005,0.04403228662114985,0.040902534498149644
417,0.9158828953328735,0.043497357843028335,0.04061974682409821
418,0.9157880286527619,0.04332357025505069,0.04088840109218738
419,0.9147627871527737,0.043861076337019994,0.04137613651020627
420,0.9161323393724685,0.04309165667707388,0.04077600395045763
421,0.916733971556122,0.04310251431256896,0.04016351413130893
422,0.91469532145061,0.04389679655609796,0.04140788199329206
423,0.9145703375498779,0.043847706176768336,0.041581956273353815
424,0.9137511623204697,0.04442608198989625,0.04182275568963401
425,0.9144131544427357,0.04470185886237285,0.04088498669489143
426,0.917907130936181,0.042442393469003865,0.039650475594815104
427,0.9179331668491908,0.04225229874918561,0.03981453440162355
428,0.9179776046470073,0.04188004409828975,0.04014235125470289
429,0.9180088691620766,0.04193470718755537,0.04005642365036805
430,0.9178340326584088,0.042128811983187436,0.04003715535840371
431,0.9186666470775937,0.04158018440278512,0.03975316851962108
432,0.9199266691682451,0.041099581245933346,0.0389737495858215
433,0.9200679407161817,0.040614027482496304,0.03931803180132196
434,0.9219439486487166,0.03896176956226299,0.0390942817890203
435,0.9212565064298615,0.04009301727716437,0.0386504762929743
436,0.9212704215737536,0.03992667141032958,0.038802907015916835
437,0.9198479276682083,0.040697664760402624,0.039454407571389086
438,0.9211266790048945,0.039977200451152266,0.038896120543953104
439,0.9216266824981316,0.03943855621132548,0.03893476129054283
440,0.9200299902393098,0.03982540006150378,0.04014460969918659
441,0.9189951819574185,0.04048007388812508,0.0405247441544564
442,0.9194721599943632,0.040017034954160126,0.04051080505147678
443,0.91923095966022,0.04018727877544557,0.04058176156433458
444,0.9209857501605565,0.039067315476995476,0.039946934362448124
445,0.9215792274896238,0.038938843807474095,0.03948192870290215
446,0.9213175605709107,0.03940446083640865,0.03927797859268065
447,0.921611528123191,0.03894605593754478,0.03944241593926423
448,0.9209980447557692,0.03905448568942216,0.03994746955480873
449,0.9216581550995638,0.03796843726051128,0.040373407639925
450,0.9202490527918211,0.03870420254776628,0.041046744660412596
451,0.9191494520482109,0.03941583666065905,0.04143471129113013
452,0.920105373829424,0.039303427872666136,0.040591198297909886
453,0.9209666862537594,0.03877193372802481,0.0402613800182158
454,0.9190574543247613,0.03982077653357681,0.041121769141662
455,0.9166138407236407,0.041275490627356436,0.0421106686490029
456,0.9164813844339105,0.041443083627767746,0.042075531938321885
457,0.915813221147587,0.04144523508566874,0.04274154376674419
458,0.9164388833809404,0.04123190744948777,0.04232920916957187
459,0.9144263916696578,0.04232869134554765,0.04324491698479442
460,0.9152749253955463,0.04159088863088269,0.043134185973570945
461,0.9140074929120716,0.04140575365309167,0.04458675343483681
462,0.9151481981939218,0.04009337197757141,0.044758429828506884
463,0.9150699761782074,0.040320445484804436,0.04460957833698812
464,0.9148485921404286,0.04032063790460157,0.0448307699549698
465,0.9154294786761094,0.040523744460556566,0.044046776863334164
466,0.9146907141782034,0.04083996877149109,0.044469317050305435
467,0.9146211233873004,0.04060564232517755,0.044773234287522015
468,0.9125732650041005,0.04242978153384703,0.044996953462052396
469,0.9125286776434526,0.04262118866047676,0.04485013369607069
470,0.9131983038263705,0.0421733736119601,0.044628322561669466
471,0.9121792181774451,0.04351404246052115,0.04430673936203371
472,0.912309695326324,0.043325178950349055,0.04436512572332693
473,0.9118607809471054,0.04307334116575365,0.04506587788714099
474,0.9119525680449695,0.043271861583657346,0.04477557037137322
475,0.9114692970964776,0.04322415493688593,0.045306547966636364
476,0.910897518510472,0.04390520256267803,0.04519727892684994
477,0.9109748240306575,0.044118585426595046,0.044906590542747385
478,0.9107742376369841,0.044040372606758284,0.04518538975625773
479,0.9112065059222818,0.043835049138017286,0.04495844493970081
480,0.911369779544929,0.04368105261454387,0.044949167840526966
481,0.909614106132586,0.04444500283549607,0.045940891031917876
482,0.9117425142266581,0.04162532776719526,0.04663215800614668
483,0.9111545488849165,0.04082820453022039,0.04801724658486306
484,0.9110961326340803,0.04034099343619842,0.04856287392972116
485,0.9124727163091235,0.0397818528649184,0.04774543082595806
486,0.9116259382792331,0.03981184470800314,0.04856221701276378
487,0.9116252080993278,0.03976638232937508,0.048608409571297286
488,0.9124379616027942,0.03993411463326005,0.04762792376394572
489,0.9120760135307687,0.04030338931985063,0.047620597149380745
490,0.9117468854520159,0.04033180668871069,0.04792130785927345
491,0.9122261256554003,0.039966171238524105,0.04780770310607558
492,0.9139400768123576,0.038417319721777886,0.04764260346586458
493,0.9142322627371632,0.03822582001359391,0.04754191724924291
494,0.9152098755145027,0.03803284028666018,0.04675728419883707
495,0.9150165115245172,0.03795764744513546,0.04702584103034735
496,0.9149867772603737,0.03830793783586495,0.046705284903761385
497,0.9149224636433421,0.038027527190379044,0.04705000916627892
498,0.9144964657985233,0.03833629769068023,0.04716723651079653
499,0.9157510547967282,0.03804454168903778,0.04620440351423397
500,0.9162497472880516,0.037607810865931415,0.0461424418460169
501,0.9159592684198157,0.03788969108221508,0.04615104049796933
