,0,1,2
0,0.5196107714700309,0.4732149667355305,0.007174261794438656
1,0.5225042666435491,0.47032992153006065,0.007165811826390299
2,0.5263413831143209,0.4665713193440588,0.007087297541620227
3,0.527483607484324,0.46493014950116285,0.007586243014513124
4,0.5259735097734701,0.46614443164476843,0.007882058581761482
5,0.5299561030016983,0.4621453232330708,0.007898573765230964
6,0.5297839013412178,0.4622363252626599,0.007979773396122396
7,0.5280111411783877,0.46416818383068015,0.007820674990932232
8,0.5311330106938245,0.4610594537932747,0.007807535512900819
9,0.5313281665759564,0.4609870206349018,0.007684812789141882
10,0.5060688397096389,0.48588135507151475,0.008049805218846299
11,0.5012724100168965,0.49054956433560126,0.008178025647502083
12,0.5003582507970233,0.4916878615698464,0.007953887633130168
13,0.5005282586430516,0.4911770595301729,0.008294681826775471
14,0.500702608501803,0.4907785856494459,0.008518805848751091
15,0.49865309087806986,0.49295667653717656,0.008390232584753696
16,0.5047818659720543,0.4872708363102905,0.007947297717655224
17,0.5043943911370006,0.4878121352385356,0.00779347362446366
18,0.5076715509200519,0.4846149740782462,0.0077134750017018965
19,0.5089570958303177,0.48320908739241003,0.007833816777272332
20,0.505339390584599,0.48670025573527914,0.007960353680121853
21,0.5056854630018592,0.4865267961550994,0.007787740843041319
22,0.5052451361453322,0.4869790359465375,0.0077758279081302974
23,0.505744755413772,0.48652909191687604,0.007726152669351941
24,0.5023923660994104,0.4896452249121662,0.007962408988423375
25,0.5027549488331523,0.48963096032071884,0.007614090846128903
26,0.5053065224531029,0.4874077258989669,0.007285751647930185
27,0.508040048345478,0.48465026773743775,0.007309683917084306
28,0.507684654733311,0.4850674990635624,0.0072478462031264875
29,0.5069091798021504,0.48604283830965667,0.007047981888192976
30,0.5040423374957954,0.4888095998078525,0.007148062696352121
31,0.5049100163200901,0.4881193733495464,0.0069706103303633455
32,0.5064428551603828,0.4866519662646026,0.006905178575014558
33,0.5096579205770778,0.48344655843598433,0.006895520986937862
34,0.515432866739868,0.47767201126300646,0.006895121997125459
35,0.5164065783899036,0.47654627113137815,0.007047150478718345
36,0.5214648962292924,0.47160960819242476,0.006925495578282881
37,0.5235998742907333,0.46942766060920815,0.006972465100058587
38,0.5229838061735285,0.46996605284671983,0.007050140979751607
39,0.525497519950964,0.4675136418249645,0.006988838224071441
40,0.5290356818253027,0.4641559088182919,0.0068084093564054786
41,0.5326900350410814,0.46032106058190103,0.006988904377017523
42,0.5338820754579406,0.4588639281601651,0.007253996381894211
43,0.5385950342104572,0.4543075871177934,0.00709737867174949
44,0.5328125679006965,0.4600516977187736,0.007135734380529936
45,0.5289935496403021,0.46398992339463596,0.007016526965062108
46,0.5253124824242371,0.46761932405738593,0.00706819351837694
47,0.523479725248149,0.46951839286596697,0.007001881885883862
48,0.5238715452757382,0.4689758862602131,0.007152568464048648
49,0.5263234673519936,0.46652345530791917,0.007153077340087156
50,0.5248755996627374,0.4679981091056651,0.007126291231597499
51,0.529643342082358,0.4633404782752791,0.007016179642362947
52,0.5251233566418706,0.46782077363503966,0.00705586972308975
53,0.5208828183731351,0.47191547565957437,0.0072017059672904934
54,0.5167011613749499,0.47631414830092084,0.0069846903241291385
55,0.5184320649373854,0.4746800853745983,0.006887849688016317
56,0.5124015813198838,0.48067792137354654,0.006920497306569817
57,0.5083076448612498,0.484657628787851,0.007034726350899366
58,0.5054617766097395,0.4875985029691916,0.006939720421068905
59,0.5099681479361792,0.4831053708875923,0.006926481176228593
60,0.5080068825426373,0.4850038339620785,0.0069892834952842995
61,0.5062176379695161,0.4866685803093484,0.007113781721135341
62,0.5021587911429458,0.4907640630145549,0.00707714584249934
63,0.5026403548724799,0.49028166886778124,0.007077976259738945
64,0.5036156820821308,0.4894460708632893,0.006938247054579788
65,0.5019889733074633,0.49114193010910234,0.006869096583434414
66,0.5006712894588075,0.49255138522578784,0.006777325315404709
67,0.49959110840419874,0.4936537996470915,0.006755091948709888
68,0.4992879136709244,0.4938951646800092,0.006816921649066401
69,0.5006029657723992,0.4924299522815751,0.006967081946025727
70,0.49676904485954965,0.4962339743048153,0.006996980835635081
71,0.49551058827915856,0.4975537763151625,0.006935635405678815
72,0.46532815488201923,0.5277261361437439,0.006945708974236982
73,0.4638102305118796,0.5291076055878632,0.007082163900257371
74,0.4622516752428555,0.5306774397333295,0.0070708850238149325
75,0.46413589246440357,0.5288096534909454,0.007054454044651022
76,0.4627501640678081,0.530099471334221,0.00715036459797082
77,0.4658983443791254,0.5269001226120217,0.007201533008852862
78,0.46481353783958695,0.5280839435709961,0.007102518589417013
79,0.4652148170513038,0.5276546930333399,0.00713048991535628
80,0.46260601665004286,0.530303479316973,0.007090504032984186
81,0.4635412627231325,0.5293128885027263,0.007145848774141221
82,0.45881697704905644,0.5340984049121554,0.007084618038788182
83,0.4616080323458173,0.5316384744458253,0.006753493208357411
84,0.4634300057933715,0.5297689263709576,0.006801067835670831
85,0.45672619618290167,0.5364861800668831,0.006787623750215236
86,0.4872334338284408,0.5059586103281879,0.0068079558433712505
87,0.48911650510934535,0.5041607366046845,0.006722758285970091
88,0.49128958342164136,0.5020200146196282,0.006690401958730382
89,0.49514910625631925,0.49796327333186674,0.006887620411813964
90,0.49030554108318924,0.5028030052528814,0.006891453663929443
91,0.4871740854452825,0.5060286604502116,0.006797254104505822
92,0.4874833210270662,0.5057439240468852,0.006772754926048663
93,0.48824257673798865,0.5050145210798845,0.006742902182126959
94,0.4902828072061183,0.5029519094116816,0.0067652833822002
95,0.4876776384576875,0.5054447845830444,0.006877576959267901
96,0.48955280492335773,0.5036051781338106,0.006842016942831625
97,0.48778527059240573,0.5053850595266727,0.006829669880921541
98,0.4865568190549986,0.506649609692929,0.006793571252072343
99,0.4863841738113496,0.5067852386621582,0.006830587526492129
100,0.48520449383254155,0.5080208164973661,0.006774689670092411
101,0.5223580994285589,0.4706936258130637,0.006948274758377465
102,0.5224226469583988,0.47070204059477055,0.006875312446830734
103,0.5209199461646625,0.4722766225942284,0.006803431241109075
104,0.5187809483938257,0.47439084189817265,0.006828209708001769
105,0.5164331902018853,0.47673424347655763,0.006832566321557064
106,0.5209199825230246,0.472040871939098,0.007039145537877487
107,0.5213857998468889,0.4715935945351516,0.0070206056179594484
108,0.5211575416478252,0.47170991169246745,0.007132546659707316
109,0.5191347032764477,0.47365081181612023,0.00721448490743212
110,0.5201058795144357,0.4730748957680946,0.006819224717469756
111,0.5188625746782666,0.47432955898018564,0.0068078663415476505
112,0.5187612631946228,0.47442231605331275,0.006816420752064654
113,0.5216466400691552,0.47146920990573987,0.006884150025104951
114,0.5182075579960916,0.47495285482709076,0.006839587176817517
115,0.5206593462626197,0.47240009442467407,0.006940559312706309
116,0.5168231559709282,0.4762078277394808,0.006969016289590936
117,0.5134157721253111,0.47964811576338645,0.006936112111302387
118,0.5135459853134784,0.4795128823368102,0.006941132349711407
119,0.5134413134423894,0.47953744973595047,0.007021236821660125
120,0.511884449369379,0.48105871281258805,0.007056837818032816
121,0.5106709843394229,0.4823878236052636,0.006941192055313416
122,0.50931450372358,0.483836328392654,0.006849167883766079
123,0.5112734255456373,0.4818973328086675,0.006829241645695334
124,0.5119888714637552,0.481181272094954,0.006829856441290862
125,0.5092679403035408,0.48397407662119285,0.006757983075266296
126,0.5093272649825489,0.48393337300613637,0.006739362011314701
127,0.505805090168066,0.4875993240296233,0.0065955858023107865
128,0.504332482826103,0.48914718466759705,0.006520332506299993
129,0.5011650583783017,0.49230702182719954,0.006527919794498661
130,0.5039006371682233,0.4896046143294609,0.006494748502315837
131,0.5044197384608894,0.48912367075387836,0.006456590785232252
132,0.5027042153209745,0.4909210134809439,0.006374771198081621
133,0.5015762030612919,0.49205377408542655,0.006370022853281693
134,0.5025132388005297,0.49123727915818244,0.00624948204128799
135,0.5002802666517802,0.49355918245698344,0.006160550891236294
136,0.49897206241188785,0.49475278025124114,0.006275157336870921
137,0.49970539004480163,0.4940157836623276,0.006278826292870867
138,0.4982254685010803,0.495555433837053,0.0062190976618667
139,0.4554268114747044,0.5321429070713147,0.012430281453980795
140,0.45568348350042415,0.5321913386113751,0.012125177888200712
141,0.455117502117736,0.5329243244637318,0.011958173418532237
142,0.4562128214435516,0.5315380008345086,0.012249177721939914
143,0.45450546659050955,0.5333866220452783,0.012107911364212161
144,0.4519920037662716,0.5359748220022928,0.012033174231435627
145,0.4523645494114001,0.5354179786393957,0.012217471949204153
146,0.44895426554066786,0.5390007197310491,0.012045014728282935
147,0.4490132792586105,0.5390343940275653,0.011952326713824348
148,0.44455295189526467,0.5436777138438774,0.011769334260857944
149,0.4465454613869868,0.541727742857061,0.011726795755952148
150,0.4461515475499535,0.5422840241077942,0.011564428342252383
151,0.4448649069738174,0.5438627780060115,0.011272315020171052
152,0.44422131560537403,0.5446327608020475,0.011145923592578622
153,0.43809294155730855,0.5452236742927556,0.016683384149935872
154,0.4027227026509824,0.580516131926778,0.016761165422239616
155,0.4000614902320603,0.5831702565093703,0.016768253258569486
156,0.40017799737730086,0.5826702841374328,0.017151718485266306
157,0.40346629343582585,0.5794970360840136,0.017036670480160554
158,0.39929454823466154,0.5838517219166232,0.016853729848715318
159,0.39684697623688214,0.5863149271585187,0.01683809660459907
160,0.39885907082039135,0.5840751138531769,0.01706581532643184
161,0.43457286331303846,0.5482900142349355,0.017137122452026008
162,0.43484669332948556,0.5479554442532316,0.017197862417282828
163,0.4359234478949679,0.5469749206714024,0.017101631433629673
164,0.4353250968889444,0.5474763010709138,0.017198602040141748
165,0.4323506151944038,0.5504847874397677,0.017164597365828444
166,0.43253744670062655,0.5501911884614401,0.017271364837933328
167,0.4319473765697545,0.5506830540328926,0.017369569397352836
168,0.429621854259132,0.5530572335589778,0.01732091218189
169,0.42891845840075365,0.5540442469856947,0.01703729461355166
170,0.43057389764987275,0.5526354864629012,0.016790615887226027
171,0.4274997694620639,0.5559723207784248,0.01652790975951117
172,0.4275079880785573,0.5562695305215251,0.016222481399917648
173,0.4280565892114994,0.5560509439834868,0.015892466805013876
174,0.46514389996102756,0.5185641602546542,0.016291939784318206
175,0.46582279335939414,0.5179087795567904,0.01626842708381546
176,0.46447979999249067,0.519029214498464,0.016490985509045358
177,0.46855458423834695,0.5202367009228306,0.01120871483882234
178,0.5048467521187334,0.48375561657203675,0.011397631309229883
179,0.5093409914879217,0.4791720182164219,0.011486990295656462
180,0.5088052475141799,0.4796971714364658,0.011497581049354423
181,0.5091843904927167,0.48028822464040566,0.010527384866877732
182,0.5089265721781152,0.48052264425011443,0.010550783571770372
183,0.5010257352489447,0.48870338225427845,0.010270882496777017
184,0.5047982810020217,0.4848145061899409,0.010387212808037248
185,0.5119619926592669,0.4775916069355848,0.010446400405148293
186,0.5095474327369925,0.4800569490545517,0.010395618208455594
187,0.5108634168939526,0.47869742175855584,0.010439161347491416
188,0.5114634390621853,0.4781717527116608,0.01036480822615395
189,0.5161200371277621,0.473710597017987,0.010169365854250857
190,0.5128310344360489,0.4772152410425781,0.00995372452137287
191,0.5110984961049092,0.4789070032284918,0.009994500666598965
192,0.5091958931904899,0.480872529017318,0.009931577792192184
193,0.5097294541943311,0.48029221657253957,0.009978329233129333
194,0.5109807802171236,0.4791803510169978,0.009838868765878635
195,0.5125614444437725,0.47763777729032875,0.00980077826589878
196,0.5134339851653763,0.4767699082088602,0.009796106625763456
197,0.5103835232270685,0.4796420232198493,0.009974453553082317
198,0.5094624472786242,0.4806143989267704,0.009923153794605373
199,0.5044142081502061,0.485907828296905,0.009677963552888955
200,0.5016404320893123,0.4886021819464181,0.009757385964269578
201,0.5002194072705725,0.49002409683457543,0.009756495894852236
202,0.49634083596745693,0.4939458760609157,0.009713287971627512
203,0.49391328284087993,0.4964326756108505,0.009654041548269428
204,0.4897533560231884,0.5005342289546073,0.009712415022204395
205,0.4920642950582264,0.4982066988505755,0.00972900609119819
206,0.4903761938008419,0.5001583667198854,0.009465439479272635
207,0.4896103201652287,0.5008270186405915,0.00956266119417963
208,0.4890178420293428,0.5012509135542891,0.009731244416368192
209,0.4886851161294215,0.5012461685487202,0.010068715321858332
210,0.48656111042758676,0.5042624799527918,0.00917640961962154
211,0.483708860989333,0.5066928470601565,0.0095982919505106
212,0.43612201315149035,0.5495466372458812,0.014331349602628423
213,0.43725271797245335,0.5483000037905379,0.01444727823700885
214,0.4417764950659913,0.5439214456810493,0.014302059252959435
215,0.4394479719663404,0.5463167928497539,0.01423523518390561
216,0.4410713177222914,0.5448856851860494,0.014042997091659203
217,0.4379490061220554,0.5481671125460297,0.013883881331914719
218,0.43557633399578627,0.5505089617821066,0.013914704222107123
219,0.39783264269723506,0.5883804168193608,0.013786940483404052
220,0.39473717583820395,0.5914719407771039,0.0137908833846923
221,0.39498591268399147,0.5913614971079035,0.013652590208105133
222,0.3936145802605677,0.5927572117874612,0.013628207951971021
223,0.3872643783154281,0.594839620750072,0.017896000934499914
224,0.34777907670043473,0.6347578680669997,0.017463055232565562
225,0.3410977173188683,0.6370701873327603,0.021832095348371317
226,0.3389874811022917,0.6383192164994052,0.022693302398303233
227,0.34021992196405787,0.6364446014673601,0.02333547656858193
228,0.3365594567713846,0.6396843285433091,0.02375621468530634
229,0.3476434691940394,0.6337059744409245,0.01865055636503611
230,0.3886594415778727,0.5932334114844353,0.01810714693769193
231,0.4316824114983474,0.5543117956586449,0.014005792843007773
232,0.4302073513274706,0.5560127750911555,0.013779873581373833
233,0.4652656680449923,0.5211744392919985,0.013559892663009152
234,0.46112485029760847,0.5250803717537018,0.01379477794868981
235,0.4664487951162478,0.5194716909655442,0.014079513918208083
236,0.4691906620778579,0.5168279557610718,0.013981382161070345
237,0.4161729371794939,0.5705201400928289,0.01330692272767719
238,0.41664923727932085,0.5695376879631963,0.013813074757482946
239,0.421702788931282,0.5641557816884867,0.014141429380231375
240,0.4128125209357618,0.572657964950684,0.014529514113554047
241,0.45569112890581026,0.5295857757630762,0.014723095331113531
242,0.462770798640817,0.5272154077024891,0.010013793656693842
243,0.4623123811960048,0.5276068869731176,0.010080731830877463
244,0.463693664489455,0.5261638237534557,0.010142511757089384
245,0.46182441463192253,0.5281164615797128,0.010059123788364698
246,0.4615076944200827,0.5284263799841844,0.010065925595732867
247,0.45574364734369216,0.5342471447652666,0.0100092078910413
248,0.4552804604030805,0.5348124124367956,0.009907127160124029
249,0.45390472964484324,0.536152052926985,0.009943217428171707
250,0.45554559441406073,0.5344319678549261,0.010022437731013183
251,0.4539585961515895,0.536149565194266,0.009891838654144542
252,0.45434849509133285,0.5356742877462191,0.009977217162448048
253,0.493341239100599,0.49694729399981064,0.009711466899590307
254,0.4997315609851184,0.4906174849434057,0.009650954071475893
255,0.49963584069845174,0.4904164719851484,0.009947687316399821
256,0.5057412567030178,0.48411186062716677,0.010146882669815506
257,0.5136976339739261,0.4757888478262231,0.01051351819985075
258,0.5121962566633904,0.47735184285757043,0.010451900479039005
259,0.5104952063248841,0.47920235643001935,0.010302437245096538
260,0.5146771046833398,0.47493182989573274,0.010391065420927461
261,0.5212390975909434,0.46806160514411527,0.010699297264941248
262,0.5285678776363164,0.4605635528129257,0.01086856955075778
263,0.5275450413098932,0.46164068282282406,0.010814275867282919
264,0.4964381108199277,0.49267521452892205,0.010886674651150107
265,0.4970496524608099,0.49204588829077367,0.010904459248416343
266,0.4933357466898406,0.49576167995214176,0.010902573358017741
267,0.4992845849582432,0.4898556567192153,0.010859758322541484
268,0.49619861787247804,0.493100443512215,0.010700938615306932
269,0.4968195678031763,0.49274736817624687,0.010433064020576829
270,0.4916548467853878,0.49763980838673394,0.010705344827878292
271,0.4854178208999223,0.5039984008199861,0.010583778280091462
272,0.4837753638670403,0.5055546293317371,0.010670006801222456
273,0.47736904796979757,0.5122142636555068,0.01041668837469543
274,0.4775758136592823,0.5121907044508485,0.010233481889869295
275,0.47853945701917705,0.5112569456719764,0.010203597308846535
276,0.48032810274232485,0.5093371711646887,0.010334726092986387
277,0.4780663478632278,0.5121075524993371,0.009826099637435163
278,0.4746037648172081,0.5158905033513078,0.009505731831484095
279,0.4795376911106507,0.5110518728434535,0.009410436045895748
280,0.4837479634350409,0.506778843975297,0.009473192589662057
281,0.520935146265852,0.4696666175176458,0.009398236216502164
282,0.5172961566974537,0.4731620447681868,0.009541798534359497
283,0.517996885762994,0.47240167837339125,0.009601435863614699
284,0.5167534377429122,0.47366817457531113,0.009578387681776756
285,0.5178166918813663,0.47248616156738715,0.009697146551246587
286,0.5228985950631183,0.46736053059906457,0.009740874337817063
287,0.5263016044080863,0.46392001594717996,0.009778379644733898
288,0.5212737206271726,0.46906268193282014,0.009663597440007386
289,0.515534603519253,0.47482648328542865,0.009638913195318531
290,0.5147120938207705,0.4756812492115886,0.009606656967640728
291,0.5129539613461136,0.4774161275076722,0.009629911146214207
292,0.5105278824149156,0.4797649823611065,0.009707135223978
293,0.5082044112068471,0.4821492971790233,0.009646291614129703
294,0.5116566078401923,0.47854908043785743,0.009794311721950277
295,0.5102127573075631,0.47994109836982923,0.009846144322607607
296,0.512576687790888,0.47745731139127406,0.009966000817837958
297,0.5105171540146071,0.47943691246496717,0.010045933520425935
298,0.5080731422035031,0.4817263112491992,0.01020054654729776
299,0.5104864142317785,0.47919902398778147,0.010314561780440058
300,0.5112941081076543,0.47861951973170497,0.010086372160640797
301,0.503711575494855,0.4861974697864431,0.010090954718701951
302,0.5031395817924876,0.4866035586732549,0.010256859534257477
303,0.4989567102816673,0.4909057881512635,0.010137501567069145
304,0.495135454922625,0.4946896729943645,0.010174872083010598
305,0.4975946170508657,0.4919923286436505,0.010413054305483732
306,0.4957875056769685,0.4936380973524835,0.01057439697054813
307,0.49822567036734644,0.49127727212629957,0.010497057506354053
308,0.4963518408844156,0.4930427370231602,0.010605422092424039
309,0.49738817357892245,0.49194756285219343,0.010664263568884138
310,0.4932074778172125,0.49615185493775893,0.010640667245028379
311,0.49110084829874023,0.49820194009013685,0.010697211611123025
312,0.4503658550034233,0.5390025543765683,0.010631590620008248
313,0.4506421265457374,0.5387531428360175,0.010604730618245172
314,0.45072889362142,0.5385948853275292,0.010676221051050663
315,0.4508561269743887,0.5383350556155292,0.01080881741008205
316,0.45078861106163165,0.5384322407121382,0.010779148226230044
317,0.4467592737365796,0.5424030448492028,0.010837681414217502
318,0.3984379322310326,0.5909135197692542,0.010648547999713131
319,0.4015113792373409,0.5876273572364396,0.010861263526219538
320,0.44600939090614694,0.5432558230111261,0.010734786082727004
321,0.4855841974226983,0.5037637090099285,0.010652093567373356
322,0.4814023556937329,0.5077840600826987,0.010813584223568306
323,0.4817079189071907,0.5075046261112978,0.010787454981511619
324,0.4852478395195877,0.5040728803643822,0.010679280116030102
325,0.48023769446158787,0.5093064382233113,0.01045586731510071
326,0.43766586217155035,0.5520585167799592,0.010275621048490415
327,0.4425453895537806,0.5473086371715865,0.010145973274632876
328,0.48882092062855104,0.5008787681211996,0.010300311250249453
329,0.490321475809516,0.49934929280711954,0.010329231383364494
330,0.49679167592067575,0.4930722294592162,0.01013609462010814
331,0.49663114774268746,0.4931977706409212,0.010171081616391252
332,0.4930896408325026,0.4966801994289832,0.010230159738514048
333,0.5066789591741752,0.4828702870251148,0.010450753800710167
334,0.5078793425098,0.48149281860272086,0.010627838887479082
335,0.5082015479389104,0.4810058557037287,0.0107925963573609
336,0.5005000929245094,0.48838334467424377,0.011116562401246815
337,0.5132243993055781,0.4758622129085037,0.010913387785918252
338,0.5200553333844287,0.46918366824931323,0.01076099836625812
339,0.5224519935720956,0.46710399800911423,0.010444008418790122
340,0.5209077791063884,0.4681788504952441,0.01091337039836745
341,0.5271695016801925,0.462109414852992,0.010721083466815433
342,0.5284949536397261,0.4605243342796769,0.01098071208059695
343,0.5230468635296724,0.46617341323135486,0.010779723238972794
344,0.5244233635200323,0.46482482140882103,0.010751815071146724
345,0.5263560532011259,0.4627076748611443,0.010936271937729903
346,0.5263989354838623,0.46231833856222354,0.011282725953914108
347,0.5300135969346252,0.458479149527624,0.011507253537750914
348,0.5337298391187114,0.4545980495018003,0.01167211137948829
349,0.5260689283208242,0.4621146061934706,0.011816465485705122
350,0.5215942804568869,0.4669639630689948,0.011441756474118254
351,0.520151564855557,0.46822564951738666,0.011622785627056131
352,0.5067752465536584,0.4819733850300138,0.01125136841632771
353,0.5036756749431577,0.4849696650841761,0.011354659972666261
354,0.5061396967925482,0.4826422613739293,0.011218041833522544
355,0.5110920024722954,0.47771602446584466,0.011191973061859945
356,0.49526508698827065,0.4939401464994722,0.01079476651225722
357,0.5010797964436108,0.48809674880742376,0.01082345474896548
358,0.5030337176210136,0.48611090635712895,0.010855376021857524
359,0.503315615318271,0.48567299033653044,0.011011394345198619
360,0.5052810799301718,0.4836527211235622,0.011066198946265997
361,0.5033333193293004,0.4859680097315982,0.010698670939101375
362,0.5080826489134863,0.4814708912632729,0.010446459823240802
363,0.5092282603943653,0.4756310675312864,0.015140672074348195
364,0.508044022620226,0.47720056143583267,0.014755415943941332
365,0.5056598691057795,0.4791280265759135,0.015212104318306796
366,0.5094577841530057,0.4753298821510961,0.01521233369589817
367,0.5118184765878767,0.47217319358626986,0.016008329825853398
368,0.5028789149665589,0.4809796657507378,0.016141419282703236
369,0.5044613735216301,0.4792113683983947,0.016327258079975263
370,0.4965671835290402,0.48713660007399573,0.01629621639696394
371,0.4914791420844809,0.49165611770452217,0.01686474021099694
372,0.49287813747558035,0.4903886485007077,0.016733214023711983
373,0.49974961021340625,0.48366331121743744,0.016587078569156373
374,0.49908756074528077,0.48429038583548095,0.016622053419238305
375,0.49426947628534024,0.4892515827656554,0.01647894094900438
376,0.45656039389742864,0.5267087534951922,0.016730852607379033
377,0.45517161157345826,0.5278091167721439,0.01701927165439786
378,0.4529762477651537,0.5299861184647128,0.017037633770133533
379,0.4517561026355915,0.531026226050171,0.017217671314237397
380,0.4486129412458877,0.5343526788378907,0.017034379916221472
381,0.44983249685742227,0.5329849432588966,0.017182559883681153
382,0.453924028615736,0.5288527745377635,0.017223196846500588
383,0.45321591411986584,0.5298037255933673,0.01698036028676687
384,0.44377557857652256,0.539551695420483,0.016672726002994458
385,0.4386488347030397,0.5447882683750741,0.016562896921886023
386,0.4418165981520509,0.5417447830887493,0.016438618759199764
387,0.4397739251712424,0.5433447330930379,0.01688134173571966
388,0.43785572745106,0.545103124022886,0.017041148526054192
389,0.43544069649,0.5475361326594925,0.017023170850507474
390,0.43549897454066705,0.5478783020721695,0.016622723387163515
391,0.435785442189368,0.5476384702681636,0.016576087542468348
392,0.4437607353281209,0.5395231288520298,0.01671613581984938
393,0.4388824063090712,0.5444112828941533,0.016706310796775557
394,0.43279227175830753,0.5511130457644463,0.016094682477245992
395,0.4306263040707307,0.5535911787942723,0.015782517134997037
396,0.39209183263306613,0.5922697729898465,0.015638394377087406
397,0.35781663425343196,0.6274510321586663,0.014732333587901826
398,0.3515616468866667,0.6289768258499161,0.019461527263417235
399,0.3531358936475846,0.6274852095247518,0.019378896827663528
400,0.390201601866224,0.5902946463060996,0.01950375182767648
401,0.38948485701625524,0.5905508067125863,0.01996433627115851
402,0.43291949672153046,0.5519909204158434,0.015089582862626117
403,0.4311077195518389,0.5537843279731784,0.015107952474982683
404,0.43453731442633026,0.5503105509740576,0.015152134599612234
405,0.4322774905900968,0.5526021728908903,0.015120336519012862
406,0.46455134720284064,0.5202026460070553,0.015246006790104105
407,0.46138399399835583,0.5235383131965595,0.015077692805084596
408,0.46004855055057664,0.5251380149222991,0.014813434527124235
409,0.42142829397418147,0.563870090399869,0.01470161562594966
410,0.4240914238489509,0.5609291756200189,0.01497940053103023
411,0.4280964951102473,0.5569753545578391,0.014928150331913635
412,0.4296403622143956,0.555499803300765,0.014859834484839398
413,0.4652585646049886,0.5199030977041699,0.01483833769084143
414,0.4619477749561101,0.5233780290274592,0.014674196016430786
415,0.506287629252164,0.47901217922753425,0.014700191520301711
416,0.5067355999645359,0.47875086333826655,0.01451353669719755
417,0.509974749232294,0.47553287500737734,0.014492375760328613
418,0.5108705602671982,0.4745140738618933,0.0146153658709084
419,0.5075125890152996,0.47777845272341524,0.014708958261285189
420,0.5122860770153589,0.47310384108439135,0.01461008190024982
421,0.5125014606876082,0.473111310988215,0.014387228324176752
422,0.5120997828398457,0.4779940623725867,0.009906154787567548
423,0.512318181208506,0.4777284170635282,0.009953401727965876
424,0.5088569102902942,0.48119076956257684,0.009952320147129093
425,0.5076353912397873,0.48266582565960897,0.009698783100603726
426,0.5214375784141188,0.46893752787598786,0.009624893709893313
427,0.5225212926482007,0.4677941777572325,0.009684529594566716
428,0.5246537890225799,0.46554256786147175,0.009803643115948382
429,0.5243546730363925,0.4658685795268514,0.00977674743675603
430,0.5231813365435349,0.46706662830433293,0.009752035152132067
431,0.5266457085457328,0.46361614483861024,0.00973814661565701
432,0.5299261493090652,0.46048032395698424,0.009593526733950647
433,0.5328176228857021,0.4574527900009189,0.009729587113378907
434,0.5434574886644976,0.44669518665913444,0.00984732467636806
435,0.5363729726751743,0.4540112338551618,0.009615793469664012
436,0.5373685789686901,0.4529599315735675,0.009671489457742507
437,0.5322386722623446,0.45800626923693094,0.009755058500724601
438,0.5370094475184262,0.4533007971462266,0.009689755335347232
439,0.5404390338259903,0.44980493578708497,0.009756030386924654
440,0.5374716891030682,0.4525069937285652,0.010021317168366576
441,0.5331728368495638,0.45678056522713245,0.010046597923303587
442,0.5361041909351899,0.45380268873817975,0.01009312032663039
443,0.5349964708581197,0.4549109740697869,0.010092555072093348
444,0.5424261611830927,0.44752038860560295,0.010053450211304205
445,0.5434491116470165,0.4466021381915484,0.009948750161435097
446,0.5405194482980066,0.4496337529099404,0.009846798792053066
447,0.5434182683237968,0.4466438504236164,0.009937881252586723
448,0.5425091315651667,0.44743587994693873,0.010054988487894583
449,0.5166975127899176,0.47301741732234415,0.010285069887738276
450,0.5115350175279586,0.4780970048959247,0.010367977576116743
451,0.5067294416802697,0.48289050314073045,0.01038005517899993
452,0.5077954440857999,0.48202500907981793,0.010179546834382188
453,0.5114035037250259,0.4784374304419952,0.010159065832978873
454,0.5042422870812492,0.4855055917075952,0.01025212121115567
455,0.4946692516558587,0.4950039432123344,0.010326805131807022
456,0.49364513713716035,0.4960565479039247,0.010298314958914893
457,0.4933696739881091,0.4961672089078341,0.010463117104056825
458,0.49485368533111657,0.4947600641016996,0.010386250567183798
459,0.4877680338812271,0.5017499459603717,0.010482020158401061
460,0.49231667088393277,0.4971404330919364,0.010542896024130851
461,0.49288668678002245,0.4961876320788008,0.010925681141176766
462,0.5010525736738818,0.48781186663017084,0.0111355596959474
463,0.49966917434246716,0.4892619958655865,0.011068829791946401
464,0.4995800955878735,0.4892954828021566,0.011124421609969811
465,0.498607214945287,0.4904911123598314,0.010901672694881629
466,0.4964524980867715,0.4925799618526444,0.010967540060584093
467,0.49780313944782145,0.491123480361046,0.011073380191132536
468,0.48647089560147927,0.5026293284362866,0.010899775962234114
469,0.48537536816585924,0.5037843570060259,0.010840274828114895
470,0.48816780847887326,0.5009914261779379,0.010840765343188948
471,0.4802732425185674,0.5091263307697221,0.010600426711710272
472,0.48136584807110994,0.5079971303417568,0.010637021587133344
473,0.4825872204066558,0.5065749964960068,0.010837783097337362
474,0.48152179106562787,0.5077350954988771,0.010743113435495055
475,0.4815977384589511,0.5075242702264335,0.010877991314615365
476,0.47763299385539854,0.5115978312756844,0.010769174868917169
477,0.4765024387238724,0.5128238813439607,0.010673679932166837
478,0.476849467038147,0.5124003975127077,0.010750135449145269
479,0.47813560733300187,0.511144488668698,0.0107199039983002
480,0.4790415132118167,0.5102224121415335,0.010736074646649755
481,0.47421237443542646,0.514904329351978,0.010883296212595523
482,0.49072745818674446,0.4978674442079835,0.011405097605272056
483,0.49512050531815793,0.493022859483918,0.011856635197924034
484,0.49796718887325325,0.4899717298370475,0.012061081289699169
485,0.5018520423169444,0.48621541588320794,0.01193254179984775
486,0.5013336956534327,0.48653090515930303,0.012135399187264312
487,0.5016063902034508,0.4862400504525551,0.012153559343994107
488,0.5009250172998235,0.4871933433576448,0.01188163934253175
489,0.49858012669442386,0.48959098024000053,0.011828893065575507
490,0.4982806314832055,0.4898186353010767,0.01190073321571759
491,0.5006486926454435,0.48742862980108204,0.011922677553474433
492,0.5107784334608114,0.47712239440754534,0.012099172131643288
493,0.5120891145730306,0.4758101704306022,0.01210071499636712
494,0.5136919342442265,0.47438256383603467,0.011925501919738806
495,0.514086134541202,0.4739081272093111,0.012005738249486916
496,0.5118811903892417,0.47624566606511304,0.011873143545645155
497,0.5136091608835306,0.4743888418776675,0.012001997238801975
498,0.5115067855838612,0.47650498239971667,0.011988232016422153
499,0.5138370710656862,0.47438207657155945,0.011780852362754243
500,0.5167947302498905,0.4713789362527651,0.011826333497344299
501,0.5148949375192687,0.4733162707097648,0.01178879177096643
