,0,1,2
0,0.851817664701006,0.1265912293604226,0.02159110593857141
1,0.8531942074315573,0.12532488493007937,0.021480907638363255
2,0.8551594551059465,0.12370130235596531,0.021139242538088174
3,0.8545295301697392,0.1229086550565353,0.022561814773725507
4,0.8531458333552996,0.12338334831845672,0.02347081832624379
5,0.8549458009535368,0.1216617045820085,0.023392494464454697
6,0.8546794205716004,0.12168728749303753,0.023633291935362098
7,0.8542305974781873,0.12254174328179268,0.023227659240019953
8,0.8556951041181583,0.1212130371263223,0.023091858755519293
9,0.8560673861548764,0.12120218779622344,0.022730426048900118
10,0.8575425147842283,0.11883302671466119,0.023624458501110505
11,0.8550665462738504,0.12077300425134489,0.024160449474804706
12,0.8551673096285929,0.12128870907128035,0.023543981300126773
13,0.8544553141412886,0.1210207081461533,0.02452397771255814
14,0.8540167026193037,0.1208183713197782,0.025164926060918108
15,0.8533706716286207,0.12176116994535463,0.024868158426024696
16,0.8571976687550871,0.11942864839962568,0.02337368284528725
17,0.8573779617828869,0.11967833241872974,0.02294370579838327
18,0.8590393229053245,0.11835535386027264,0.02260532323440285
19,0.8593372932686886,0.11775475162342065,0.0229079551078908
20,0.8574196428572594,0.11918804944163354,0.023392307701107055
21,0.8579746833154084,0.11914110678901604,0.022884209895575543
22,0.8578034816128783,0.11933196455097458,0.022864553836147185
23,0.8581437751577825,0.11915117905943587,0.02270504578278162
24,0.8560774220969921,0.12042381926063017,0.02349875864237766
25,0.8570497629610764,0.12047014076735893,0.022480096271564626
26,0.8589657619732721,0.11958431489731819,0.021449923129409642
27,0.8601369719471785,0.1184292518187908,0.02143377623403066
28,0.8601210734722324,0.11861198933464802,0.021266937193119662
29,0.860236773465394,0.11904831634183197,0.0207149101927741
30,0.8587148881101286,0.12019393780033878,0.021091174089532642
31,0.8595184678118922,0.11993008262868615,0.020551449559421675
32,0.8603590117953909,0.11932422094380482,0.020316767260804294
33,0.8618155832983867,0.11798991799525829,0.02019449870635501
34,0.8354851822571429,0.14448879989104108,0.020026017851816125
35,0.8356601394525203,0.14390660969923147,0.020433250848248256
36,0.8385276964750873,0.14151833923843227,0.01995396428648034
37,0.8395147168293515,0.14045435240945334,0.0200309307611951
38,0.8390333272595716,0.1407003584996852,0.020266314240743363
39,0.8404419596531857,0.139530480227129,0.020027560119685418
40,0.8426126343666706,0.13795728234404533,0.019430083289284136
41,0.8440476155474997,0.1361102917807132,0.01984209267178707
42,0.8440705404033908,0.13538017353721118,0.02054928605939793
43,0.8467265126204211,0.13328109388049889,0.019992393499079976
44,0.8437934028382817,0.1359584009225979,0.02024819623912033
45,0.8421434108775243,0.13784212910101595,0.020014460021459762
46,0.8401771022849854,0.13956718388798642,0.02025571382702821
47,0.8393900523214496,0.140492877399464,0.020117070279086522
48,0.8392639309087387,0.14020451739294176,0.020531551698319453
49,0.8405054491191442,0.13902696034604636,0.02046759053480944
50,0.8398304124778244,0.13973881534788773,0.020430772174287834
51,0.8424697467388181,0.13753359164443996,0.0199966616167419
52,0.8401078956605641,0.13966609120291157,0.020226013136524425
53,0.8376322306535953,0.1416169746270806,0.02075079471932417
54,0.8359483328476176,0.1438040857066625,0.02024758144571972
55,0.8370525779048336,0.1430209440502847,0.019926478044881728
56,0.8338491689950297,0.14597179833987478,0.02017903266509571
57,0.8314444399354197,0.14793787979046538,0.020617680274114803
58,0.8301396889300484,0.1494386608484693,0.020421650221482388
59,0.8325578366702684,0.14718073673728593,0.0202614265924457
60,0.8313843587229761,0.14812050028361107,0.020495140993412913
61,0.8301619000276579,0.14893493441337388,0.02090316555896834
62,0.828068778625343,0.1510204773303815,0.020910744044275408
63,0.828326034478821,0.1507743132523449,0.020899652268834085
64,0.8291557973946841,0.1503763322742672,0.02046787033104879
65,0.8284336597606345,0.15125450420815123,0.020311836031214187
66,0.8279247686726422,0.15199436151811557,0.020080869809242233
67,0.8273894846895875,0.15256521522388258,0.02004530008652993
68,0.8270892137180345,0.15267707229030394,0.020233713991661656
69,0.8274710467027349,0.15189434127129214,0.020634612025973047
70,0.8253225631973012,0.153848558749709,0.02082887805298976
71,0.8247693306247444,0.15454584587563638,0.0206848234996192
72,0.8251738801161733,0.15413365451299074,0.020692465370835897
73,0.8240327435221355,0.154828490481907,0.021138765995957407
74,0.8231927248713454,0.15565260205712378,0.02115467307153081
75,0.8242744570557692,0.15467808701327923,0.021047455930951493
76,0.8232933908566958,0.1553345805041068,0.02137202863919721
77,0.8249212143937351,0.15365699480998413,0.021421790796280794
78,0.8245423966050047,0.1542907591272963,0.021166844267699075
79,0.8247018629801256,0.15406215642358967,0.02123598059628477
80,0.8233461797690822,0.15545274832546643,0.02120107190545146
81,0.8237424520800548,0.15492383814868935,0.021333709771255857
82,0.8212415508269725,0.15745463385421232,0.021303815318815165
83,0.8235403349072393,0.15621784793611565,0.020241817156644925
84,0.8244463282010146,0.1552270663279795,0.020326605471005902
85,0.8207258918210195,0.1587828093871962,0.020491298791784324
86,0.8201073739271826,0.15930980189693436,0.020582824175883103
87,0.8213501415634118,0.15837218551072577,0.020277672925862394
88,0.8226308638150719,0.15724699215321525,0.02012214403171278
89,0.8243246718063714,0.15507917553173342,0.020596152661895253
90,0.8216386314607106,0.1576179901986838,0.020743378340605568
91,0.8200978485103148,0.15934941762775906,0.020552733861926138
92,0.8203257013824884,0.1592029470321125,0.020471351585399172
93,0.8208171671590309,0.1588212169507619,0.02036161589020727
94,0.8219056202560168,0.15772321420212318,0.020371165541860064
95,0.8202018602219407,0.159021372971915,0.02077676680614413
96,0.8213289370815531,0.15805259814113531,0.020618464777311628
97,0.8203685199553477,0.15899979896839692,0.02063168107625537
98,0.8197593963201687,0.15968143387646094,0.020559169803370282
99,0.8195800721506751,0.15974592296456638,0.020674004884758523
100,0.8190399331768826,0.16041893984026115,0.020541126982856265
101,0.821956066322152,0.15715541452168785,0.020888519156160138
102,0.8221521558280026,0.15717629422376433,0.020671549948233062
103,0.8214755933417671,0.15802685097639596,0.020497555681836907
104,0.8202277090788871,0.15914663988341224,0.020625651037700574
105,0.8189009165461185,0.16039998336667774,0.02069910008720361
106,0.820957347610017,0.15784831133800947,0.021194341051973573
107,0.821257243574272,0.1576154082872756,0.021127348138452406
108,0.8208844026014102,0.1576517290634827,0.02146386833510713
109,0.8195758081292125,0.15866389604040088,0.0217602958303868
110,0.8209874273792288,0.15844750497087462,0.020565067649896587
111,0.820318171839576,0.1591185948187585,0.02056323334166553
112,0.8202426627088447,0.15916613988295564,0.020591197408199587
113,0.8217020828387245,0.1575803527946507,0.02071756436662486
114,0.8198816602946924,0.1594441871966633,0.02067415250864423
115,0.8210289208906775,0.15806128994116175,0.020909789168160817
116,0.8188195005819745,0.16008605506673781,0.021094444351287822
117,0.8169679463431274,0.16194565987002216,0.021086393786850594
118,0.8170306933445355,0.16187138107708102,0.02109792557838343
119,0.8167945359733179,0.1618658759433167,0.021339588083365352
120,0.8158312053366045,0.1626811452100119,0.021487649453383634
121,0.8153948130005394,0.16343078177528358,0.02117440522417712
122,0.8148226039223295,0.16424276879277389,0.020934627284896555
123,0.8159860850410947,0.16319047811545878,0.02082343684344651
124,0.8163921711682642,0.16280126886580384,0.02080655996593186
125,0.8149978597880642,0.16433988944181438,0.020662250770121307
126,0.8150730867561454,0.16432209391789035,0.02060481932596423
127,0.8133661892680621,0.16637067323462215,0.020263137497315616
128,0.8126812922236648,0.1672451911519837,0.020073516624351515
129,0.8108207854657459,0.16900162438678834,0.02017759014746585
130,0.8124877273308382,0.1675051498694986,0.02000712279966311
131,0.8128736527726506,0.1672478003748928,0.019878546852456727
132,0.8120595721755766,0.1682665322458831,0.01967389557854038
133,0.8114127844509083,0.16889945538525303,0.019687760163838715
134,0.8122276602812949,0.16847378929472723,0.019298550423977837
135,0.811122802721227,0.1697943495548948,0.01908284772387814
136,0.810099783909118,0.17043598273021562,0.01946423336066646
137,0.81052192966872,0.17002090356860072,0.019457166762679244
138,0.8097861223150336,0.17090210327598995,0.019311774408976582
139,0.8077039872856893,0.17286729054522415,0.019428722169086622
140,0.8081639966802913,0.172884050203347,0.018951953116361702
141,0.8079897793274473,0.17330009000452712,0.01871013066802552
142,0.8083588010861674,0.1725130359308345,0.019128162982998083
143,0.8074700140426773,0.17357226316081129,0.01895772279651147
144,0.8409306261289743,0.14015793724428127,0.01891143662674443
145,0.840919771320097,0.13989520895806706,0.019185019721836023
146,0.839342868622532,0.14163498422350218,0.019022147153965697
147,0.8394760316344125,0.14164768576463038,0.01887628260095712
148,0.8373398940322755,0.14393410328996964,0.018726002677754833
149,0.8384358246403398,0.14296479794800843,0.018599377411651692
150,0.8384091371726345,0.1432333995827146,0.018357463244650804
151,0.8320967258335732,0.14400530608412804,0.023897968082298632
152,0.8319477344423024,0.1443922565680353,0.023660008989662234
153,0.8316612423353421,0.1446868963092106,0.023651861355447338
154,0.8308435786163605,0.1453430632086742,0.023813358174965205
155,0.8293471899984107,0.14671410070632748,0.0239387092952619
156,0.8290389089845065,0.14649116682077626,0.02446992419471727
157,0.8309896121072383,0.1448459700530354,0.024164417839726282
158,0.8288318098071377,0.14707621900134463,0.02409197119151759
159,0.8274602715286944,0.14836172978602405,0.024177998685281556
160,0.8283789186065226,0.147212649263523,0.024408432129954367
161,0.8292187874976206,0.1463447974174279,0.02443641508495149
162,0.8293102034376273,0.1461795110089297,0.024510285553442968
163,0.8299902583025155,0.14567686970289045,0.024332871994594094
164,0.8295708625751169,0.14593703902101507,0.02449209840386791
165,0.827971860587364,0.14746373830666695,0.02456440110596886
166,0.8279720193607705,0.14732145537843624,0.024706525260793224
167,0.8275519881933825,0.1475796852430074,0.024868326563609985
168,0.826309943629967,0.14879458019296368,0.024895476177069276
169,0.8261922055384534,0.14928330053327665,0.024524493928269903
170,0.8273505654656,0.14853919305723087,0.024110241477169093
171,0.8258929420084915,0.15024549615051405,0.023861561840994486
172,0.8261936545481303,0.1503776574007462,0.02342868805112347
173,0.8268201915729951,0.150239763502307,0.02294004492469788
174,0.8279357716846788,0.14866365758057848,0.0234005707347427
175,0.828326827416083,0.14832940807187486,0.02334376451204213
176,0.8273848738998695,0.1489105773699507,0.023704548730179728
177,0.8262691642238147,0.14954251049804101,0.024188325278144438
178,0.8270302813658279,0.14845260826779705,0.024517110366375054
179,0.8292941564028199,0.1461475004701606,0.024558343127019534
180,0.8289934387064344,0.14640861639854105,0.024597944895024662
181,0.8306723650006765,0.14677652026840204,0.022551114730921418
182,0.8304999499885846,0.1468920559104091,0.022607994101006248
183,0.82669393276027,0.15105323417187214,0.0222528330678578
184,0.8285482674912015,0.14906494337475926,0.022386789134039173
185,0.8322626757169396,0.14543848801064535,0.022298836272415135
186,0.8310657345871307,0.1466707411725915,0.022263524240277676
187,0.8316948827823036,0.14598904959789352,0.022316067619802798
188,0.8321245360464187,0.1457329035853982,0.022142560368183087
189,0.8348593266233518,0.14354089533966852,0.02159977803697965
190,0.8334699962440084,0.14528806650797496,0.021241937248016735
191,0.8324971188997233,0.14612660400630012,0.02137627709397654
192,0.8315883908200216,0.14711381590422687,0.021297793275751507
193,0.8317992385033613,0.14681969071639084,0.02138107078024788
194,0.8326727547602587,0.1462745457906498,0.021052699449091553
195,0.8335619145326169,0.14550923739110086,0.020928848076282286
196,0.8340262576469515,0.14507878696250126,0.02089495539054734
197,0.8321506966392651,0.14649490791077618,0.021354395449958607
198,0.8317423447851024,0.14698512298580355,0.021272532229094074
199,0.8294297782481449,0.14967393460361042,0.020896287148244805
200,0.8278154418587341,0.15104152417544875,0.021143033965817206
201,0.8270479303681948,0.15177056333839878,0.021181506293406364
202,0.8250010087310812,0.15379910313347187,0.021199888135446925
203,0.8237585495746682,0.15509919935769456,0.02114225106763724
204,0.821361630214191,0.15725003096170828,0.021388338824100867
205,0.8226205592545695,0.1560225013822004,0.02135693936323023
206,0.8220916601059955,0.1570718538217755,0.020836486072228884
207,0.8215141691108367,0.1574172105599926,0.021068620329170555
208,0.8209218568608224,0.1576275982952853,0.021450544843892166
209,0.8202125155952293,0.1575971332428496,0.02219035116192107
210,0.8204076043668703,0.15927547388919894,0.020316921743930745
211,0.8181407503552574,0.16054201968103018,0.021317229963712454
212,0.814499262642105,0.16405596759226512,0.02144476976562973
213,0.8150517576107592,0.16337127935320195,0.021576963036038833
214,0.8178322248329375,0.16095430113154596,0.021213474035516478
215,0.8165435614470621,0.16226364776140242,0.021192790791535434
216,0.8176750936784802,0.1614663921718637,0.020858514149656053
217,0.816009486081012,0.16326362282211618,0.020726891096871904
218,0.8145841398215266,0.16456628242756988,0.020849577750903642
219,0.813988257984964,0.16531078534001323,0.020700956675022815
220,0.8120879361713024,0.16709152783171996,0.02082053599697763
221,0.8123789058791143,0.16701494319550567,0.020606150925379974
222,0.8115573741641464,0.16782248661690694,0.020620139218946648
223,0.810580664897442,0.16902006607257306,0.02039926902998496
224,0.8093782820181151,0.1706221358353814,0.019999582146503353
225,0.8078255361036538,0.1720651315780187,0.020109332318327382
226,0.8059445068744031,0.1730717651625484,0.02098372796304859
227,0.8064426890527617,0.17204466099991436,0.02151264994732391
228,0.8037240611224163,0.1742118559744368,0.022064082903146747
229,0.8083293702026132,0.1703157728315733,0.02135485696581349
230,0.8114801118298423,0.16795552658217283,0.02056436158798502
231,0.8121655131638109,0.16672363917843203,0.021110847657757007
232,0.8115035654810012,0.1676718847083196,0.020824549810679195
233,0.8106039200761799,0.16883811091025852,0.020557969013561647
234,0.8079081217136032,0.17106017608571372,0.021031702200683098
235,0.8108024211174963,0.16790074783481101,0.021296831047692557
236,0.8125108915965981,0.1664199979090812,0.021069110494320715
237,0.803982394182993,0.17550524637180256,0.020512359445204485
238,0.8037787401220959,0.17495840542907204,0.02126285444883202
239,0.8065901422706604,0.17182719490218934,0.02158266282715029
240,0.8445618184629693,0.13295241254084417,0.0224857689961865
241,0.847118500144304,0.13032452904623906,0.02255697080945693
242,0.8478858562285899,0.12925765948495146,0.022856484286458655
243,0.8475469689671844,0.12943015052159437,0.023022880511221387
244,0.8481121621676405,0.12877746265140438,0.02311037518095515
245,0.8473463005961394,0.12966133949224729,0.022992359911613358
246,0.8471798618415183,0.12980096389998075,0.023019174258501123
247,0.8444360062684537,0.13246010011331436,0.023103893618231848
248,0.8443830715535765,0.13272683368871457,0.022890094757709104
249,0.8436332783890099,0.13334407336597853,0.023022648245011393
250,0.8443144006933536,0.1325444427967367,0.023141156509909777
251,0.8437498187762166,0.13334605020218956,0.022904131021593947
252,0.8437959494718327,0.13312079205245392,0.023083258475713422
253,0.8448576177202635,0.13270498475072234,0.02243739752901421
254,0.8480723252473671,0.12983145879484018,0.022096215957792775
255,0.8475168506522502,0.1297181088410167,0.022765040506732948
256,0.8500993968427769,0.12689013220082815,0.02301047095639483
257,0.8532144147367147,0.12322694428721746,0.023558640976067916
258,0.8526194714131922,0.12390768761722919,0.023472840969578707
259,0.8520773314954098,0.1247231556669522,0.02319951283763806
260,0.8538759592373363,0.12286608391470587,0.023257956847957877
261,0.8563708567656607,0.1199136755668502,0.023715467667489103
262,0.8593922897359672,0.1167672508776189,0.02384045938641397
263,0.8590255640047999,0.1172172208100964,0.023757215185103698
264,0.8605415341031051,0.11566568860282926,0.023792777294065603
265,0.8607828347695757,0.11540816657790195,0.023808998652522347
266,0.8591315924415145,0.11693032861472691,0.02393807894375861
267,0.8618444129190654,0.11452121620099166,0.02363437087994295
268,0.8607471935606936,0.11584907472084344,0.02340373171846291
269,0.8614725724199753,0.11571887070840652,0.022808556871618098
270,0.858709470740952,0.11771672018025053,0.023573809078797307
271,0.8560832420950025,0.12038338450019703,0.023533373404800495
272,0.8551819063403541,0.12103750368990457,0.023780589969741202
273,0.8526349785628768,0.12390752095566175,0.023457500481461384
274,0.8530460486284902,0.12390788810262626,0.023046063268883536
275,0.8535483847097586,0.12350562127105519,0.022945994019186188
276,0.8541579187192547,0.12267121245587471,0.023170868824870443
277,0.8539746398564314,0.12389537426875656,0.02212998587481194
278,0.8528995831617158,0.12556290870358772,0.021537508134696504
279,0.8553739738601308,0.12346258889133002,0.02116343724853912
280,0.8572102497763383,0.12162526326326126,0.021164486960400495
281,0.8580483565847099,0.12100129195510365,0.020950351460186475
282,0.8561411094071452,0.1224864955038257,0.02137239508902907
283,0.856361859436191,0.12215572047497217,0.021482420088836853
284,0.8558293420270001,0.1227015964458069,0.021469061527192843
285,0.8561169609806216,0.12218513087272853,0.021697908146649892
286,0.8583607799013536,0.11999872544856585,0.02164049465008047
287,0.8598317019807675,0.11854795867184238,0.021620339347390116
288,0.8577537510249729,0.12072574304873564,0.02152050592629148
289,0.8551643684737715,0.12319665592819823,0.021638975598030286
290,0.854838635380361,0.12356856746527244,0.021592797154366582
291,0.8539827737109237,0.12431971843619877,0.02169750785287754
292,0.8527179689559716,0.1253391382996904,0.021942892744338062
293,0.8517291543510506,0.12639119811035754,0.021879647538591906
294,0.8530977982263401,0.12480124842007906,0.02210095335358081
295,0.8523332016067847,0.1254059792126443,0.022260819180571084
296,0.8532353232072032,0.1243130535059543,0.02245162328684241
297,0.852135746102928,0.12517053891134708,0.022693714985724825
298,0.8507211524941385,0.12616345419173464,0.02311539331412695
299,0.8516642144405266,0.12504673175658107,0.023289053802892257
300,0.8524311641063271,0.12481050691420856,0.02275832897946425
301,0.8488340092791565,0.12815210513022982,0.023013885590613604
302,0.8482760033331069,0.12832054269208565,0.023403453974807347
303,0.8464634301834895,0.13026138604548862,0.023275183771021963
304,0.8445351914199233,0.1319771602697466,0.02348764831033023
305,0.8453275022504608,0.13073138618292646,0.023941111566612817
306,0.8441667917921174,0.1314660351421272,0.024367173065755324
307,0.8454904963647485,0.13040117746565602,0.02410832616959548
308,0.8443898305542287,0.13119283975388596,0.024417329691885363
309,0.8447951937828638,0.1306913977592694,0.024513408457866724
310,0.8427832289883697,0.13260901872582026,0.024607752285810133
311,0.8416419529048974,0.13354705501257919,0.024810992082523346
312,0.8403745260865807,0.1348642763430215,0.024761197570397794
313,0.8405617584198871,0.13474924392174237,0.02468899765837047
314,0.8404809558199902,0.13467078245084457,0.02484826172916517
315,0.840314106143167,0.13454111410707378,0.025144779749759157
316,0.8403316031538058,0.13458835926978036,0.025080037576413857
317,0.8381699787456951,0.1364518173339744,0.025378203920330578
318,0.8335658062733075,0.14109983013996152,0.025334363586731003
319,0.8348602311935364,0.13945730649933824,0.025682462307125408
320,0.838432563405702,0.13646655755569556,0.02510087903860244
321,0.8393100182261575,0.13583598767305033,0.02485399410079218
322,0.8369085718075623,0.13771427927152188,0.025377148920915905
323,0.8371098726820979,0.13758427142392787,0.02530585589397419
324,0.8390932926314517,0.1359784469244083,0.024928260444139996
325,0.8369354498237124,0.13846658752562904,0.02459796265065868
326,0.8353355508756065,0.14034829845972777,0.02431615066466581
327,0.8381124245771022,0.13806401723173803,0.023823558191159718
328,0.8421230251525584,0.1340266182832515,0.02385035656419006
329,0.8428178510931021,0.13331834966900197,0.02386379923789574
330,0.8463229664872731,0.13046831064359155,0.0232087228691353
331,0.846185005368929,0.13052243151469756,0.023292563116373326
332,0.8443534047362762,0.13210154803208346,0.023545047231640193
333,0.8505238784787533,0.1258974121948137,0.023578709326432995
334,0.850790170898007,0.12528076858872406,0.023929060513268915
335,0.8506629973650861,0.1250560196901366,0.024280982944777204
336,0.8464429956691725,0.12828830813564224,0.025268696195185434
337,0.8528092153492445,0.12281700124577047,0.024373783404985035
338,0.8562085995727815,0.1199790992427865,0.023812301184432054
339,0.8578275073443704,0.1191241574497382,0.02304833520589137
340,0.8563415185586571,0.11954478310338523,0.024113698337957644
341,0.8594851368918681,0.1170214810436587,0.02349338206447319
342,0.859644422362305,0.11634916427647557,0.02400641336121954
343,0.8575348484439723,0.1187111075224025,0.02375404403362513
344,0.8582023539788621,0.11814889404831834,0.02364875197281951
345,0.858762774325558,0.11725543212591821,0.023981793548523644
346,0.8378441534068162,0.1384858455832835,0.02367000100990026
347,0.8452762352360801,0.1366424643761481,0.01808130038777192
348,0.8469436275804642,0.13480780502925724,0.0182485673902786
349,0.8429654139624466,0.13837933802976124,0.01865524800779211
350,0.8411022815432794,0.14071934497524963,0.018178373481470955
351,0.8401693564812965,0.14133397612769863,0.018496667391004834
352,0.833607751715339,0.14815757326193008,0.018234675022730972
353,0.8318449799697097,0.14967885266189426,0.018476167368395843
354,0.833307156283675,0.1484959148459499,0.01819692887037509
355,0.8359471241465407,0.14601718799665328,0.018035687856805982
356,0.8660170446215519,0.1162039057408207,0.017779049637627404
357,0.8685069189297333,0.1138229870739964,0.017670093996270345
358,0.8693068017853318,0.11302356978418612,0.017669628430482136
359,0.8692382590525789,0.1128496078128994,0.017912133134521616
360,0.8700103388547702,0.11204247305123485,0.017947188093994985
361,0.8696250145698496,0.11296442556014494,0.01741055987000538
362,0.8719451581292444,0.11116869709333607,0.016886144777419603
363,0.8748228154287604,0.10887303795571718,0.016304146615522413
364,0.874616357761439,0.10946107757551382,0.01592256466304713
365,0.8732797843333293,0.1102526452547288,0.01646757041194189
366,0.8748649601590508,0.10876031620015157,0.016374723640797607
367,0.8752529179331898,0.10758741148174263,0.01715967058506758
368,0.8714142733050657,0.11105304789616502,0.01753267879876935
369,0.8719454108452284,0.11036491019987105,0.017689678954900548
370,0.8685962566541999,0.11353590409836295,0.017867839247437057
371,0.8659512746209744,0.11542299400366109,0.018625731375364576
372,0.8666637115602638,0.11489311123988889,0.018443177199847394
373,0.8697480286437933,0.1121570705754331,0.018094900780773623
374,0.8694379937288593,0.11241136983019383,0.01815063644094694
375,0.8674621714643841,0.11440934959245852,0.018128478943157493
376,0.8657717338471033,0.11573023944585055,0.018498026707046235
377,0.8649310939870967,0.11621291019995059,0.018855995812952782
378,0.8639317728545282,0.11712231777185683,0.01894590937361498
379,0.8632422801465337,0.11757521801411991,0.019182501839346257
380,0.8619543350787744,0.11896291538679037,0.019082749534435377
381,0.8623962140183867,0.11839738280224377,0.019206403179369544
382,0.864215345190068,0.1166661147097065,0.01911854010022553
383,0.8640837610173993,0.11704068296635388,0.01887555601624676
384,0.8600061822822843,0.12115529045792421,0.018838527259791397
385,0.857690205949206,0.12342762287417297,0.018882171176621203
386,0.8592760829175515,0.12208339034241485,0.018640526740033577
387,0.8579717759486827,0.12282595070584326,0.019202273345474034
388,0.8569400037890963,0.12361443846545236,0.019445557745451317
389,0.8558038320599134,0.12468928718247262,0.019506880757613962
390,0.8561464593962168,0.12480045728023867,0.019053083323544606
391,0.8563199307365725,0.12468908270907705,0.018990986554350428
392,0.8599654902051863,0.12114719569501335,0.018887314099800233
393,0.8576882268626712,0.12327628604295786,0.019035487094370866
394,0.8552637559457995,0.12619217035740113,0.018544073696799362
395,0.8544632920224909,0.1272779477478273,0.01825876022968167
396,0.8534137905572433,0.12841560911896116,0.018170600323795586
397,0.8550540239152598,0.1278741817761966,0.017071794308543678
398,0.8543484257579805,0.12860326830901087,0.017048305933008396
399,0.8552250188424899,0.1278573963141273,0.01691758484338279
400,0.8557003118857424,0.12731385259249195,0.016985835521765726
401,0.8550822949035688,0.12751133059768716,0.01740637449874392
402,0.8563618365911512,0.126269345650184,0.017368817758664754
403,0.8554748299105753,0.12708021279370404,0.017444957295720695
404,0.8570869341542547,0.12552246919829105,0.017390596647454154
405,0.856029002243254,0.12654770723784917,0.0174232905188969
406,0.8540514541939281,0.12826243510599497,0.01768611070007678
407,0.8526587000840055,0.1297590879396558,0.017582211976338906
408,0.852218702774666,0.1304660349549102,0.017315262270423796
409,0.8513402036772506,0.13141858857685842,0.01724120774589097
410,0.8524406386389899,0.1300801329676972,0.017479228393312972
411,0.8487834398974087,0.12825599869574675,0.022960561406844607
412,0.8496217067409162,0.1275824440819605,0.022795849177123285
413,0.8493971135520685,0.12781930634925706,0.02278358009867455
414,0.8479674588874071,0.1293777044210705,0.02265483669152228
415,0.8520791416725132,0.12553203144036298,0.022388826887123823
416,0.8524910801905863,0.12541323786192524,0.02209568194748842
417,0.8540339392019266,0.12400305532636115,0.02196300547171231
418,0.8543202147849678,0.12356181723983972,0.022117967975192464
419,0.8526472139462105,0.1249897790177975,0.022363007035992054
420,0.8549842918692042,0.12294969051377493,0.02206601761702086
421,0.8553225243417599,0.122948579500074,0.021728896158166082
422,0.8525365325654569,0.12508455723186404,0.022378910202678994
423,0.8525584086387915,0.12496495476572411,0.02247663659548432
424,0.8509311776693615,0.1264849445438596,0.022583877786778696
425,0.8507859874645812,0.1271562681187736,0.022057744416645073
426,0.8573309779357697,0.12119479457055207,0.021474227493678145
427,0.8577238148606509,0.12070383682720252,0.021572348312146612
428,0.8584901557452479,0.11974149903069654,0.021768345224055508
429,0.858400135014689,0.11988113390366233,0.02171873108164864
430,0.8579098156206338,0.12039016762632694,0.021700016753039245
431,0.8594989739200666,0.11893458222192933,0.021566443858004068
432,0.8612106515540421,0.11763265712748866,0.021156691318469225
433,0.8622660268937796,0.11636751562857457,0.021366457477645803
434,0.830092511659442,0.1485966121172946,0.02131087622326344
435,0.8266187505546583,0.152384811437502,0.020996438007839686
436,0.8270753363107831,0.1518340947685643,0.02109056892065257
437,0.8241425734700949,0.15445574331192788,0.02140168321797724
438,0.8216443857023358,0.15200895347292262,0.026346660824741647
439,0.8233880147568907,0.1501975226107968,0.026414462632312587
440,0.8212490412601898,0.15153930767263823,0.027211651067171806
441,0.8188309211445396,0.15374979902820896,0.02741927982725147
442,0.8203577643377278,0.15219552242888776,0.02744671323338449
443,0.8197487921539383,0.1527696214197483,0.02748158642631349
444,0.8238862529781149,0.14897732629590787,0.027136420725977186
445,0.8246438415187914,0.14852824698286832,0.026827911498340233
446,0.8232544074824323,0.15009366602516216,0.026651926492405595
447,0.8246483645780798,0.14855136511577174,0.026800270306148424
448,0.8239282001778474,0.1489339961693148,0.02713780365283793
449,0.827216907939584,0.14526617965245886,0.027516912407957124
450,0.8242959994191188,0.14778426538332626,0.027919735197554987
451,0.8216708510419399,0.1502016687831213,0.02812748017493869
452,0.8226458472120909,0.14979524655870635,0.027558906229202717
453,0.8246359794974281,0.1479885383054904,0.02737548219708158
454,0.8205641983970344,0.15155556496965283,0.02788023663331261
455,0.8207173691425009,0.15646231677774664,0.022820314079752477
456,0.8201906007372184,0.15701946768131572,0.022789931581465826
457,0.8197804255453353,0.15706359766544264,0.02315597678922224
458,0.8207276792782006,0.15632890926235354,0.022943411459445968
459,0.8165960849125525,0.16003083886640315,0.023373076221044117
460,0.819066903305505,0.15757100709364777,0.023362089600847374
461,0.8187915078208138,0.1570343155876413,0.024174176591544885
462,0.8229920637820299,0.15264658758148839,0.02436134863648168
463,0.8223352546331263,0.15340171802965877,0.024263027337215033
464,0.8222003644939928,0.1534144027758981,0.024385232730109067
465,0.8220085861797578,0.15405341391985486,0.023937999900387332
466,0.8207145684939362,0.15513635105948573,0.02414908044657809
467,0.8212989172363505,0.15436779697883152,0.024333285784817957
468,0.8152067589386788,0.1604652970776962,0.02432794398362501
469,0.8146743166396783,0.16109177220571463,0.024233911154607067
470,0.8162635708983043,0.15959304475637687,0.024143384345318885
471,0.8121135503694874,0.1640122599624693,0.02387418966804325
472,0.8126882621027254,0.16339259135262446,0.02391914654465017
473,0.8130785553668872,0.1626008565926194,0.02432058804049336
474,0.8126122237785031,0.1632401473104484,0.024147628911048668
475,0.8124450229700478,0.16311306492731184,0.024441912102640323
476,0.81031357663623,0.16535216292480806,0.024334260438962012
477,0.809802618451114,0.16603692419279245,0.02416045735609338
478,0.8098856259139824,0.16579607181606093,0.024318302269956706
479,0.8106840458062986,0.16510742738949108,0.024208526804210363
480,0.8111860436930799,0.16459977619167176,0.024214180115248413
481,0.8081280890738964,0.167169195469274,0.024702715456829526
482,0.8168337846822799,0.15788084806780803,0.02528536724991217
483,0.8185983915961919,0.15529212022827674,0.026109488175531496
484,0.8198650130534735,0.15368625855059964,0.026448728395926834
485,0.8222027171390233,0.15175895430389705,0.02603832855707968
486,0.8216066230284353,0.15190422655725883,0.0264891504143058
487,0.8217283413718374,0.15175336238274575,0.026518296245416878
488,0.8217724752636629,0.15226588248812353,0.025961642248213568
489,0.8205618930335531,0.1535084116845175,0.02592969528192947
490,0.8202855812301625,0.15362035510777874,0.026094063662058763
491,0.8215575025416019,0.15238362592622265,0.026058871532175565
492,0.8267818327210565,0.14713316042346986,0.02608500685547368
493,0.8274799388453589,0.14647652880521495,0.026043532349426204
494,0.8286004812466646,0.1457785216289279,0.02562099712440742
495,0.8286873798504963,0.14553631695603803,0.02577630319346561
496,0.8277164902579348,0.1467120758516315,0.025571433890433672
497,0.828439827734073,0.14577567563728577,0.025784496628641292
498,0.8273407959381753,0.14683273071413358,0.02582647334769096
499,0.8288982571577146,0.14578956967102658,0.025312173171258952
500,0.8303927376212574,0.14429724087798637,0.02531002150075627
501,0.8294468417236834,0.14525923719291312,0.025293921083403326
