,0,1,2
0,0.45543617204201337,0.3792571562806724,0.16530667167731425
1,0.45795892454001524,0.3769339290893668,0.16510714637061796
2,0.46199570530590683,0.37446772904639847,0.16353656564769462
3,0.42714403424983594,0.399744991207352,0.17311097454281194
4,0.4231405546725628,0.39817246453271476,0.17868698079472245
5,0.43405090320679524,0.3946924018945914,0.17125669489861328
6,0.4331746590427495,0.3941012334538962,0.17272410750335424
7,0.4331311651072036,0.3970371576145319,0.1698316772782645
8,0.43585923760119993,0.3945293610538277,0.1696114013449724
9,0.4371419096123121,0.39548292796911766,0.16737516241857023
10,0.4459647439266649,0.3879052337337816,0.16613002233955348
11,0.440791901747038,0.3907933595784214,0.16841473867454057
12,0.44198263922573283,0.3934758733958452,0.16454148737842192
13,0.4391503730917908,0.3904156381131474,0.17043398879506175
14,0.40755052421722054,0.4181843069321934,0.17426516885058604
15,0.4068760858038843,0.4210686683664313,0.1720552458296845
16,0.41559183263659144,0.4199660686559787,0.16444209870742987
17,0.41653715393518714,0.42171264262457653,0.16175020344023625
18,0.4199649626730629,0.4196696722088156,0.16036536511812158
19,0.42004219103634444,0.41747200627330516,0.16248580269035032
20,0.4237690026747204,0.41937474249759243,0.15685625482768706
21,0.4254463963220422,0.4205966481132872,0.15395695556467062
22,0.4251673535115794,0.4210781405082999,0.15375450598012086
23,0.4259928504089843,0.42108948686792036,0.15291766272309534
24,0.4212527032543616,0.421867291956923,0.1568800047887154
25,0.4168232576684623,0.42464536061679037,0.15853138171474737
26,0.42174287441894254,0.42554665545994996,0.15271047012110747
27,0.4238651409864131,0.4229802920362102,0.15315456697737673
28,0.4240894174996321,0.42386494307403955,0.15204563942632848
29,0.42513719417104917,0.42641789041471045,0.14844491541424037
30,0.4218339388184979,0.4279333670087763,0.1502326941727258
31,0.42409007631091744,0.42887634397238156,0.1470335797167009
32,0.4190497780150651,0.42817878039041385,0.15277144159452105
33,0.42186768110685485,0.4255175165936779,0.15261480229946717
34,0.4267807090833003,0.42056580597468846,0.15265348494201128
35,0.4262311514446717,0.4182442595114283,0.15552458904389996
36,0.43163309271992123,0.41509145429192257,0.15327545298815623
37,0.439994128626347,0.41280514053807116,0.14720073083558177
38,0.43877630862180794,0.4126202045730026,0.1486034868051894
39,0.4414752404150172,0.41101629646808646,0.1475084631168963
40,0.44613751990038475,0.40961583761597375,0.14424664248364147
41,0.4546348945182004,0.40480605213593335,0.1405590533458663
42,0.45335492000806915,0.4014901270045565,0.14515495298737446
43,0.45878775019789336,0.39874698902460015,0.14246526077750646
44,0.4534603932791915,0.40343121296760415,0.14310839375320436
45,0.4511971120831447,0.4077767329795177,0.14102615493733764
46,0.4475702500628213,0.41051960165312834,0.14191014828405032
47,0.44655607165432226,0.41269261854842815,0.14075130979724948
48,0.44560408474309826,0.4110293407601951,0.14336657449670648
49,0.44771368633077396,0.4089018524937561,0.14338446117546993
50,0.44669470950995366,0.4103897278144983,0.14291556267554814
51,0.4517619654749134,0.40721554448925323,0.14102249003583336
52,0.4475128083736631,0.4107916388901579,0.14169555273617898
53,0.4426108216581604,0.4131846450035423,0.14420453333829727
54,0.43386444163387067,0.4187307010819074,0.1474048572842218
55,0.43620195714120574,0.4181416888760842,0.14565635398270993
56,0.42382042007877074,0.42304444808539665,0.1531351318358326
57,0.41932553540720385,0.42542218224999895,0.15525228234279725
58,0.41082332115449544,0.42880246584176474,0.16037421300373988
59,0.4147325798705826,0.42510391883035037,0.16016350129906712
60,0.4125073763208715,0.42612345073336266,0.16136917294576572
61,0.4098723430479039,0.42635640440156697,0.16377125255052916
62,0.40680641399545076,0.4301774251344337,0.16301616087011553
63,0.407202070238155,0.42976042511324614,0.16303750464859884
64,0.40235704754593427,0.43038839029334863,0.16725456216071716
65,0.40164998747297587,0.4325177415132469,0.16583227101377712
66,0.3946184205470263,0.4346406743155732,0.17074090513740048
67,0.39393986620445587,0.4358046620154365,0.17025547178010778
68,0.39309842101078,0.43535062820118847,0.1715509507880315
69,0.392750249770924,0.4325354105579657,0.17471433967111027
70,0.38932062011172947,0.43540511845081653,0.17527426143745395
71,0.38886513916790216,0.4371598356418182,0.1739750251902797
72,0.3894106083356112,0.4363914081693431,0.1741979834950458
73,0.38686584787920864,0.4360971141303354,0.17703703799045603
74,0.38567695096192517,0.43751702424025246,0.17680602479782245
75,0.38739572933315514,0.4361422792899867,0.17646199137685809
76,0.3853503784806387,0.43620005858013156,0.17844956293922978
77,0.3874814495236299,0.4330192347718953,0.17949931570447486
78,0.38750819451337415,0.4350350264854703,0.17745677900115558
79,0.38757926281650157,0.43438611925687615,0.1780346179266222
80,0.3857882253212001,0.43699987021174497,0.17721190446705504
81,0.38604821493586106,0.43559687769012445,0.17835490737401452
82,0.38269715421809825,0.44020621977669194,0.17709662600520984
83,0.3881210939363494,0.441702068026344,0.17017683803730663
84,0.3891947593219882,0.4396311483512648,0.17117409232674705
85,0.3837159847722092,0.4453809614000526,0.1709030538277381
86,0.4143030291815711,0.4143650730272264,0.17133189779120256
87,0.4167441078930416,0.41372645691504417,0.16952943519191427
88,0.41889772429752586,0.4122670260948806,0.16883524960759344
89,0.42011475143062416,0.40692687032450015,0.17295837824487564
90,0.4160294600273963,0.41090580063877336,0.17306473933383032
91,0.4143613011140708,0.41453122347832344,0.17110747540760565
92,0.4148678264250478,0.41454128786657757,0.17059088570837458
93,0.4158065596560959,0.4142348911188381,0.16995854922506606
94,0.4172896256031399,0.4122916206979702,0.17041875369888992
95,0.41397325494845894,0.4132380323911387,0.1727887126604023
96,0.4159000860619298,0.4120659957992229,0.1720339181388474
97,0.41454593177516635,0.41366949670699504,0.17178457151783855
98,0.4138814232151723,0.41508515939163915,0.1710334173931885
99,0.41336411968045134,0.41482452224396626,0.17181135807558237
100,0.4129385078901741,0.41641771941699346,0.17064377269283246
101,0.41612122363160203,0.40963198724258404,0.174246789125814
102,0.4169109863442057,0.4103660622630894,0.1727229513927049
103,0.41639144448122206,0.4124119784396398,0.17119657707913827
104,0.4143667630264782,0.41394362809894697,0.17168960887457468
105,0.41237643243184685,0.4158723542091766,0.17175121335897667
106,0.4210124389367461,0.4098594589645687,0.1691281020986852
107,0.4215817209415057,0.4096584520361001,0.16875982702239412
108,0.42030130820626904,0.4086939090446299,0.17100478274910108
109,0.4178281237692647,0.4095503877945272,0.1726214884362081
110,0.4224855516005616,0.41283969528726244,0.16467475311217594
111,0.42155541681930436,0.4140129882709674,0.1644315949097282
112,0.42138660866666194,0.4140089680157969,0.16460442331754124
113,0.42313703442559647,0.4108557861960867,0.16600717937831685
114,0.42069593165211344,0.4142347417731556,0.16506932657473097
115,0.42175810868392893,0.411103521084732,0.167138370231339
116,0.4182777433221236,0.4140480759804198,0.16767418069745663
117,0.4157521063294666,0.41727219202635724,0.1669757016441761
118,0.4158123715977962,0.4171092258188109,0.16707840258339285
119,0.41495381619901367,0.41635418086187964,0.16869200293910666
120,0.4133161867063319,0.41729195403263114,0.1693918592610371
121,0.41341242551947655,0.4195368648268349,0.16705070965368854
122,0.41316253950144266,0.4216623421134598,0.1651751183850976
123,0.41499286547927156,0.420216771201639,0.1647903633190895
124,0.4155855744790399,0.41960447124477684,0.16480995427618325
125,0.4140011019092963,0.42267708952747085,0.16332180856323292
126,0.414230488951262,0.42282646054475753,0.1629430505039805
127,0.4060547478229231,0.42737046553274255,0.1665747866443342
128,0.40557260775876836,0.4294684316478076,0.16495896059342408
129,0.4028566001242239,0.43206167314553284,0.16508172673024327
130,0.4054657335592861,0.4301250793057126,0.16440918713500138
131,0.40627782487252534,0.43012010228691894,0.16360207284055578
132,0.40565645323697186,0.4325113393808297,0.16183220738219847
133,0.4047594839101408,0.433523546579183,0.16171696951067624
134,0.4067454024115401,0.43411668280141436,0.15913791478704548
135,0.39952522166283344,0.4370514681658224,0.16342331017134415
136,0.3972678592001083,0.4367751909321588,0.16595694986773307
137,0.39783967777449214,0.4361113645876983,0.16604895763780955
138,0.3972169989520097,0.43808326488497334,0.16469973616301695
139,0.3942192373923838,0.44091022565812316,0.16487053694949294
140,0.3959398374796032,0.44262545816549753,0.16143470435489926
141,0.39628249230507906,0.4441703517975406,0.15954715589738033
142,0.39577939529484485,0.441390200536317,0.16283040416883815
143,0.3950187098445634,0.4437346555575672,0.16124663459786934
144,0.39323792487318615,0.4463460614673699,0.160416013659444
145,0.3926521531912684,0.44485148501425664,0.16249636179447488
146,0.39058143936467093,0.4488502989454057,0.16056826168992358
147,0.3910849570939671,0.4493979401491971,0.15951710275683584
148,0.3881533524629369,0.45438506513918825,0.15746158239787486
149,0.39007216170645764,0.45296331347339486,0.15696452482014756
150,0.3905295375442359,0.45436091748854185,0.15510954496722226
151,0.39085786634533104,0.45738584489833983,0.15175628875632916
152,0.390925504622826,0.4587763768509781,0.1502981185261959
153,0.390498096999404,0.45936810877886347,0.15013379422173267
154,0.38905420405642427,0.4601975853114323,0.15074821063214344
155,0.38088986208509995,0.4624880487432028,0.15662208917169723
156,0.3797490825689159,0.46057343024144487,0.15967748718963923
157,0.38304530602028547,0.4582754463919621,0.15867924758775248
158,0.3799284343630644,0.4627468452575611,0.15732472037937442
159,0.3777969770739955,0.46494206281226047,0.15726096011374396
160,0.3788539417851274,0.4621186790536574,0.15902737916121518
161,0.38005816630312894,0.46038784159405477,0.15955399210281623
162,0.3800984502479181,0.45986591121438514,0.16003563853769676
163,0.3813360086989549,0.4594000573238081,0.159263933977237
164,0.38050789353460107,0.45945325630910133,0.16003885015629743
165,0.37805600115804977,0.46215900679443817,0.15978499204751198
166,0.3778752109399752,0.4614922003338438,0.16063258872618094
167,0.3770541380316284,0.4615307347798235,0.16141512718854822
168,0.37520888242353495,0.46374887286409616,0.16104224471236883
169,0.37550465861930055,0.4657051997156884,0.15879014166501107
170,0.3777222079428379,0.46546779104732744,0.15681000100983467
171,0.3702283337587175,0.46937651599561986,0.16039515024566253
172,0.3712400250656657,0.47090169137085514,0.15785828356347917
173,0.37280499714075893,0.47209515082459774,0.15509985203464335
174,0.4093724956701939,0.43220235277713487,0.15842515155267123
175,0.4100427226542653,0.4317327005951269,0.15822457675060772
176,0.4080785044374915,0.43183912687918047,0.16008236868332804
177,0.4056826190180355,0.43170772766093213,0.16260965332103236
178,0.4062848035886265,0.4288024907038201,0.16491270570755348
179,0.4095547968458835,0.42438019060894766,0.1660650125451689
180,0.40904734530867903,0.424765681728325,0.166186972962996
181,0.41482582793457023,0.4309758284732051,0.15419834359222467
182,0.4144736060877608,0.4310383166345251,0.15448807727771421
183,0.409346813491214,0.4397815359344984,0.15087165057428764
184,0.41189709946602043,0.4357192418521773,0.1523836586818022
185,0.4176496413645479,0.42913243906707516,0.15321791956837694
186,0.4158875742575225,0.4315631503441112,0.15254927539836644
187,0.4167570940925335,0.4301298204116334,0.15311308549583305
188,0.417694937519321,0.4301191722584143,0.15218589022226467
189,0.41751078863393154,0.4274226304608063,0.15506658090526224
190,0.416009431846539,0.4317880450076972,0.1522025231457638
191,0.41429377471414924,0.4329945425767493,0.15271168270910143
192,0.41305165071137256,0.4350877619015354,0.15186058738709196
193,0.4132271843571938,0.4342923039677074,0.15248051167509874
194,0.41512252817679274,0.43420834818217263,0.1506691236410347
195,0.41669708983953924,0.4331124135989241,0.15019049656153668
196,0.41746872844259586,0.4323899627193292,0.1501413088380748
197,0.41380580096141945,0.43375509126239287,0.15243910777618763
198,0.4081535066341814,0.4349177665413366,0.15692872682448195
199,0.405378689100983,0.441089292495705,0.1535320184033119
200,0.39745939314063583,0.4428811607553192,0.15965944610404495
201,0.39627468477032474,0.4441041193752349,0.15962119585444046
202,0.43004280678654233,0.4110070982904181,0.1589500949230395
203,0.42332267740429996,0.41349130784473803,0.16318601475096195
204,0.41940599257389194,0.41655868098222276,0.16403532644388533
205,0.4212492765576162,0.4144881075729575,0.16426261586942628
206,0.42160498424631015,0.41789684554112944,0.16049817021256044
207,0.42029559547346496,0.4178084529606925,0.1618959515658425
208,0.41865697961568726,0.4170364403033821,0.16430658008093063
209,0.41612124159219144,0.41478881448230415,0.16908994392550447
210,0.42032222211263076,0.42333756701116154,0.15634021087620759
211,0.4100370765192123,0.4225199489501684,0.16744297453061932
212,0.40480162358976707,0.428160871322161,0.16703750508807186
213,0.4052718210298172,0.42657983533890936,0.16814834363127348
214,0.40983513577496683,0.42355610784451053,0.16660875638052258
215,0.40811301460327065,0.4258784977114935,0.16600848768523585
216,0.4103797534017674,0.4255500941571844,0.16407015244104817
217,0.4083736591833014,0.4290573401299218,0.16256900068677668
218,0.4012918584584996,0.43089832228306846,0.16780981925843202
219,0.4008140707484192,0.4326488504675597,0.16653707878402102
220,0.3980129297853016,0.4352693609574175,0.1667177092572809
221,0.394059488914259,0.4358428507146682,0.17009766037107274
222,0.39294412660154043,0.43715270470094664,0.16990316869751287
223,0.39214702610174657,0.4399085444579725,0.1679444294402808
224,0.35185161228976636,0.48354348715545264,0.164604900554781
225,0.3496668362214925,0.485536521844615,0.16479664193389248
226,0.3456751752154041,0.48392876831938403,0.17039605646521183
227,0.3502460683484591,0.4802707470249347,0.16948318462660605
228,0.3458786040929035,0.48188078631574066,0.1722406095913557
229,0.3529182969821415,0.4779537360167146,0.16912796700114405
230,0.35841878793532733,0.47681769128025575,0.16476352078441692
231,0.3969704516401741,0.4340875521062016,0.1689419962536243
232,0.3967047414672848,0.4366200937905572,0.1666751647421578
233,0.39608139532050474,0.4394533115832292,0.164465293096266
234,0.3915315675788612,0.4415910244266093,0.16687740799452938
235,0.3947697832218476,0.4354597415057784,0.16977047527237402
236,0.39751920011246805,0.4337115065828914,0.16876929330464055
237,0.3875164554171127,0.4506093795564199,0.16187416502646731
238,0.38571329175946795,0.4472284423656956,0.16705826587483646
239,0.3886723720055102,0.44105136923544414,0.17027625875904565
240,0.37929281238963247,0.446303189940986,0.17440399766938144
241,0.3831695638363711,0.44061938682795193,0.176211049335677
242,0.38904386811704805,0.4374148673786493,0.1735412645043027
243,0.38823163579099523,0.4372589138558938,0.17450945035311097
244,0.38898957008443674,0.4356127654907612,0.175397664424802
245,0.38796211739677683,0.43783951671265475,0.1741983658905685
246,0.3876539276205712,0.43804885657695436,0.17429721580247437
247,0.38319490905797327,0.44331674433269935,0.1734883466093274
248,0.3834533954803893,0.4445369574140433,0.17200964710556738
249,0.3820725580771237,0.445391505295896,0.17253593662698027
250,0.3829456094433739,0.4433742740005143,0.1736801165561118
251,0.38244230879843066,0.44576756348303276,0.1717901277185366
252,0.3822295181893944,0.44474261812528715,0.17302786368531858
253,0.38492355947146606,0.4459172509654156,0.1691591895631182
254,0.3905922437337528,0.441008265502403,0.16839949076384417
255,0.3886046403692922,0.43866836670571097,0.17272699292499674
256,0.3975807843609495,0.43191982985300087,0.17049938578604962
257,0.40722557046989927,0.4223865381149972,0.17038789141510352
258,0.4063609696920365,0.4241139197223502,0.16952511058561334
259,0.40587578448994693,0.42666670395766015,0.1674575115523929
260,0.4088069319548729,0.4224574898754791,0.168735578169648
261,0.4178024221769529,0.414643708144483,0.1675538696785641
262,0.422880589323661,0.40723457569915966,0.1698848349771794
263,0.42236407693337663,0.40847886969406244,0.16915705337256104
264,0.43054287720669226,0.4048567773018666,0.16460034549144115
265,0.4309516690064194,0.40422559079258996,0.16482274020099058
266,0.42781546534621717,0.40735800452452037,0.1648265301292624
267,0.43312209426571036,0.4026425918841635,0.16423531385012613
268,0.4314857278823105,0.4062895788980277,0.16222469321966182
269,0.4336788308148028,0.4075522066836056,0.15876896250159145
270,0.42759619502273777,0.41008891126797803,0.1623148937092843
271,0.4176015681335576,0.4161726864025832,0.16622574546385932
272,0.41567881476197827,0.4169464162363686,0.16737476900165324
273,0.4064598690531297,0.4241293268379905,0.16941080410887988
274,0.4077871111019747,0.42531047750688883,0.16690241139113643
275,0.40878978160123314,0.424721962090797,0.16648825630796985
276,0.40946902228340565,0.4222519318930354,0.168279045823559
277,0.4107916391665345,0.42793501317970123,0.1612733476537642
278,0.409895420248063,0.4332939638678985,0.1568106158840386
279,0.40981593246066234,0.4298209205240159,0.16036314701532192
280,0.4129706421560001,0.42576992495212757,0.16125943289187236
281,0.4147897224979735,0.4250358813752712,0.1601743961267552
282,0.41077797818319456,0.42704080485386015,0.16218121696294535
283,0.4109711847446746,0.4259780580753947,0.16305075717993078
284,0.41008138942215133,0.4272208752312192,0.16269773534662949
285,0.4101889140804427,0.42539123765589304,0.16441984826366432
286,0.41415146239713196,0.42071241767719775,0.16513611992567034
287,0.4268964722114559,0.4175176082355509,0.1555859195529932
288,0.4233585547435338,0.4226853586391795,0.1539560866172866
289,0.4136332173312498,0.4278195681012727,0.15854721456747758
290,0.4131469554783569,0.4287699503464227,0.1580830941752204
291,0.4115154869233043,0.43010352923609807,0.15838098384059757
292,0.40898030184070655,0.43159817098921915,0.15942152717007427
293,0.4074105370508843,0.4340537266312368,0.1585357363178788
294,0.40937603176080023,0.4299702774714277,0.16065369076777208
295,0.40783512488104995,0.4308135743109157,0.16135130080803436
296,0.40906033386689444,0.42788906773445046,0.16305059839865516
297,0.4068316101180369,0.4290460839119782,0.16412230596998495
298,0.4038230991202757,0.4299653039841668,0.1662115968955575
299,0.4051253376217307,0.4270603648288311,0.16781429754943827
300,0.40722747143542787,0.4280798744826295,0.1646926540819427
301,0.4008622067550069,0.434504221815121,0.16463357142987212
302,0.3993628934103193,0.43373316457933403,0.1669039420103467
303,0.39139680607093796,0.43819350446421296,0.17040968946484916
304,0.3880080828112595,0.4411263132338145,0.170865603954926
305,0.38856681072098964,0.43718145727750735,0.174251732001503
306,0.38609344713092436,0.4374404056240162,0.17646614724505946
307,0.38856879466389016,0.435995358560336,0.17543584677577392
308,0.3863669226241239,0.4367251881057423,0.17690788927013384
309,0.3868571126529846,0.43539889019350037,0.17774399715351497
310,0.38357628109922814,0.43908649941066186,0.1773372194901101
311,0.376066333425232,0.44040828492568274,0.18352538164908544
312,0.37422418965674087,0.4432410634230225,0.18253474692023655
313,0.37461734783565365,0.4432295210617779,0.18215313110256845
314,0.3742516424530699,0.4425815501100599,0.18316680743687005
315,0.3735477995780202,0.4414114889210532,0.18504071150092674
316,0.3736727820229134,0.44170503712407705,0.18462218085300952
317,0.3699923597093523,0.4445535302185654,0.18545411007208235
318,0.36331309030007336,0.45389116601402046,0.1827957436859063
319,0.36468243759068975,0.44960013465240173,0.18571742775690847
320,0.3707989399414512,0.4454312346372896,0.18376982542125916
321,0.3724823599458649,0.4449203114838558,0.18259732857027935
322,0.36812922809636234,0.44708010291015754,0.18479066899348004
323,0.36853200477854847,0.4470392117147995,0.18442878350665193
324,0.37204536497979873,0.44497930144930736,0.1829753335708939
325,0.36933018986255844,0.4509744312341158,0.17969537890332576
326,0.36738833595084197,0.4555705433562537,0.1770411206929043
327,0.3722502195586104,0.4525819966003404,0.1751677838410493
328,0.3782897476262732,0.44434896566872567,0.17736128670500112
329,0.3793362995756242,0.4428582007745518,0.1778054996498241
330,0.39102916870235804,0.4389971593770888,0.16997367192055315
331,0.39067929928520945,0.4388578522311729,0.17046284848361767
332,0.39261457244103826,0.4413815133425424,0.16600391421641938
333,0.4025783718784361,0.4281981709963247,0.1692234571252393
334,0.40788524249653235,0.4258695337228319,0.16624522378063583
335,0.40716467046747773,0.42441798732022745,0.16841734221229482
336,0.39884271982371095,0.4286152960786516,0.17254198409763732
337,0.4161445865549055,0.41930474210653235,0.1645506713385621
338,0.42280115194725487,0.41451580421096634,0.16268304384177867
339,0.42674726107459493,0.41461932095894616,0.158633417966459
340,0.4226029867881108,0.41275762971062874,0.16463938350126053
341,0.42904384224329223,0.40870298791507703,0.16225316984163077
342,0.4341255375766785,0.4058376170464627,0.16003684537685864
343,0.43069526457471785,0.41181505785566325,0.15748967756961893
344,0.4320298819847425,0.4108149999429948,0.15715511807226268
345,0.4325764557548736,0.4079577481353899,0.15946579610973655
346,0.43606968559905845,0.4112037317378744,0.15272658266306718
347,0.4552034036770864,0.4067238216068803,0.13807277471603324
348,0.46343900748946215,0.4025856498331808,0.13397534267735706
349,0.4560293260135332,0.4085633788670213,0.1354072951194455
350,0.44818472957723815,0.4144611132969998,0.13735415712576204
351,0.44602920771713117,0.414729357224919,0.13924143505794973
352,0.424913752483988,0.42851017777707434,0.1465760697389376
353,0.42171996771917214,0.4305667141392641,0.14771331814156385
354,0.4245389490077168,0.4292647015991131,0.14619634939316997
355,0.42893615819396,0.4251244400106608,0.1459394017953791
356,0.41190250578205184,0.4413385004167524,0.14675899380119575
357,0.4167364468086606,0.43611525271152357,0.1471483004798158
358,0.4182424220044616,0.43421729609594606,0.14754028189959248
359,0.41765663873838776,0.432975881593295,0.1493674796683173
360,0.4190473563986455,0.43092776126601207,0.1500248823353425
361,0.41933370859246877,0.4349632299393082,0.14570306146822304
362,0.42477852525525917,0.43245307892738194,0.14276839581735884
363,0.4315528237680516,0.4288617353489178,0.1395854408830306
364,0.4319054953521288,0.4316323122633771,0.13646219238449414
365,0.42819151037880376,0.43167486235612185,0.14013362726507436
366,0.4314955122386232,0.4283401825971467,0.14016430516423006
367,0.4361153948622166,0.4227523131373321,0.14113229200045116
368,0.42788161099328925,0.4300174893316735,0.1421008996750371
369,0.42862732529492065,0.42783691677553376,0.14353575792954565
370,0.41638612824943494,0.4348711045594625,0.14874276719110244
371,0.4100867297536059,0.43674065900691744,0.15317261123947673
372,0.4117288322073105,0.43611767447541977,0.15215349331726974
373,0.42370214088117125,0.43081287979689703,0.14548497932193177
374,0.4230122351734213,0.4312403307606571,0.14574743406592167
375,0.4193146649960833,0.43605958697916763,0.14462574802474923
376,0.41552013121566295,0.43795585257280867,0.14652401621152847
377,0.4133563538061941,0.4379174995821531,0.14872614661165273
378,0.4056676724655078,0.4397356013086388,0.15459672622585344
379,0.4040077692987893,0.4399808983741747,0.1560113323270359
380,0.3961799224499672,0.4434979093888161,0.16032216816121675
381,0.39672673075566256,0.44177231732412287,0.16150095192021457
382,0.40010899095603547,0.43809958913818287,0.1617914199057816
383,0.4003325552694172,0.4398186957558124,0.1598487489747705
384,0.3932294728528992,0.4493229946642389,0.15744753248286175
385,0.3835903349661615,0.4542376230960296,0.1621720419378088
386,0.3867411597385207,0.45214505500243946,0.16111378525903988
387,0.38346283349822036,0.45172480862049047,0.16481235788128915
388,0.3812757215100953,0.45257594552606095,0.1661483329638437
389,0.3792706957362047,0.4547133828519086,0.16601592141188654
390,0.37509359972151834,0.4566278805995376,0.16827851967894417
391,0.3699263016377207,0.4566221797787112,0.173451518583568
392,0.3761438000297265,0.44919577652278164,0.17466042344749183
393,0.37207126049123945,0.45334166286102906,0.1745870766477315
394,0.363679624470065,0.4616804678656684,0.17463990766426662
395,0.3576515357789492,0.46521319547788426,0.17713526874316649
396,0.35088872478062466,0.46803115659338007,0.18108011862599524
397,0.3559228681456944,0.4718374381090889,0.17223969374521667
398,0.3548628181139102,0.4735051113883229,0.171632070497767
399,0.35654547885215593,0.472506279710652,0.1709482414371921
400,0.3571439513849603,0.4710255456910664,0.17183050292397334
401,0.35520698581365273,0.46953671152843346,0.1752563026579139
402,0.39467988415376504,0.42966556262794786,0.17565455321828707
403,0.393044621723635,0.43107961356665647,0.17587576470970862
404,0.3958005271987788,0.42797450399557685,0.17622496880564434
405,0.39914660174040406,0.4300344963923233,0.17081890186727267
406,0.39526728188191884,0.43262475694703156,0.1721079611710497
407,0.39328846133786827,0.4361931268641456,0.17051841179798632
408,0.39324889746703295,0.43875186258378246,0.16799923994918461
409,0.39202829202568956,0.44103811442653484,0.16693359354777546
410,0.3931957990987777,0.4372811457395949,0.1695230551616274
411,0.4019802880319712,0.4341767261268161,0.16384298584121265
412,0.4036117349732921,0.43322159439574076,0.16316667063096713
413,0.4032591417334561,0.43376138855229296,0.16297946971425095
414,0.40110081426633976,0.43743627216965625,0.161462913564004
415,0.41335707760678647,0.4300038074163628,0.15663911497685074
416,0.4194602017368422,0.43056911771082934,0.14997068055232857
417,0.42232371097507,0.4278596190463066,0.14981666997862353
418,0.4276007642040438,0.42647527967482346,0.1459239561211327
419,0.4243412953074926,0.4289554661640839,0.14670323852842354
420,0.42884363461568586,0.4252654083314054,0.14589095705290872
421,0.4249696575389628,0.4261407335057807,0.14888960895525646
422,0.41417051934818744,0.42905056841087785,0.15677891224093474
423,0.41406313133951245,0.42851818630251437,0.15741868235797304
424,0.41114597848572854,0.4314982580869655,0.1573557634273061
425,0.4116710426370262,0.43441655387721145,0.15391240348576232
426,0.41895124413363505,0.4230486378745721,0.15800011799179278
427,0.4194787334302183,0.4216721525201183,0.15884911404966326
428,0.42050271485424223,0.41895708709537627,0.16054019805038147
429,0.42042559002209245,0.4194126964315578,0.16016171354634978
430,0.41959685832034455,0.4206035910326281,0.1597995506470273
431,0.42261044162816713,0.4177287612017576,0.15966079717007522
432,0.42633603684036914,0.41596991780533804,0.1576940453542929
433,0.42788018085078827,0.41248107162678543,0.15963874752242627
434,0.43608609170419305,0.4024686752119188,0.1614452330838881
435,0.43164831878202664,0.4102455887303146,0.15810609248765878
436,0.4321180889549799,0.40898192772310643,0.1588999833219137
437,0.4272221221202228,0.4127935301581901,0.15998434772158698
438,0.43169155239478846,0.40915914269563797,0.15914930490957363
439,0.434148936735953,0.4057237237268144,0.1601273395372326
440,0.43494544368053284,0.4063698202277209,0.1586847360917462
441,0.4311392452803404,0.4098964126421166,0.15896434207754295
442,0.433321448806208,0.407047420871235,0.15963113032255696
443,0.43238726877144174,0.4080048756661668,0.1596078555623916
444,0.4440268168712159,0.4018755630438491,0.15409762008493497
445,0.4455735677895593,0.4016904758004153,0.15273595641002544
446,0.4437219617353898,0.4049195119547916,0.15135852630981855
447,0.4456171866622721,0.4017901234902225,0.15259268984750535
448,0.4491774236506292,0.4017934025279002,0.1490291738214706
449,0.45889239697011275,0.3942719908481996,0.1468356121816877
450,0.4539294838071446,0.39817441268178927,0.14789610351106616
451,0.44447616891656383,0.4022067887423767,0.15331704234105958
452,0.4466383129711218,0.4025919952402255,0.15076969178865282
453,0.4498686075067175,0.3996460531707659,0.1504853393225167
454,0.4431334571886911,0.4051519215622571,0.1517146212490518
455,0.43445180286687546,0.4128228581295098,0.15272533900361485
456,0.4285460866964854,0.41388403546171304,0.15756987784180157
457,0.4272922349912423,0.4129956012939708,0.15971216371478705
458,0.4290319757647652,0.4122610521412843,0.1587069720939505
459,0.4224053254457822,0.4176074154536431,0.15998725910057462
460,0.4259050025139329,0.4133444427432854,0.1607505547427817
461,0.42405000934170684,0.41028037335032197,0.16566961730797122
462,0.4352132762185547,0.40203515790411015,0.16275156587733525
463,0.43443817609551166,0.4036265647300438,0.1619352591744445
464,0.4340293555560599,0.4033462453926389,0.16262439905130105
465,0.43453811289427735,0.40559565404229125,0.15986623306343137
466,0.43230777982796725,0.4069911134539466,0.16070110671808624
467,0.43282448610864543,0.40517041281501437,0.16200510107634025
468,0.4187532972969238,0.4158689043915223,0.16537779831155386
469,0.412758837751967,0.4171959304734989,0.17004523177453415
470,0.41510466758976244,0.4148542185145962,0.17004111389564136
471,0.4046059104279396,0.42317591152452644,0.17221817804753398
472,0.4052927530849373,0.4219940927004619,0.1727131542146008
473,0.40506267862553524,0.4195094152535569,0.1754279061209079
474,0.4047617651881767,0.4210874209609152,0.17415081385090808
475,0.40398716017153163,0.4200408104324131,0.17597202939605525
476,0.401349552941402,0.4241394882048708,0.17451095885372708
477,0.40099343230920365,0.42578653391642257,0.1732200337743738
478,0.4008120290734509,0.4249329930995553,0.17425497782699378
479,0.40207422138420884,0.42408252171036004,0.17384325690543115
480,0.4027317046616122,0.4232078847241159,0.1740604106142719
481,0.39779253827319816,0.4261493616411073,0.17605810008569467
482,0.4139461711894415,0.4087000265273155,0.177353802283243
483,0.42067971253967223,0.40200939427637244,0.1773108931839553
484,0.42774850865052505,0.398331215017808,0.17392027633166687
485,0.43176353233044973,0.39589911283807977,0.17233735483147042
486,0.4360781748091951,0.3950732110749962,0.16884861411580868
487,0.43620471145722506,0.3947368882516187,0.1690584002911561
488,0.43718652958004,0.39694020529512714,0.16587326512483289
489,0.4355012173496397,0.39922479976883357,0.1652739828815268
490,0.4348361782762466,0.3990402113195374,0.16612361040421603
491,0.43671676666197784,0.3969241357498106,0.16635909758821155
492,0.45018017490504836,0.3874056382373901,0.16241418685756157
493,0.4239105843062429,0.4195908707122371,0.15649854498152005
494,0.4261741966527632,0.4192535184000885,0.15457228494714823
495,0.42609741532170825,0.41843765473090194,0.1554649299473898
496,0.42489897411623945,0.4211251137571873,0.15397591212657322
497,0.4257103084686057,0.41887020008424286,0.1554194914471514
498,0.4239899258952811,0.4207607086836143,0.1552493654211046
499,0.42126023033384796,0.4199901262123999,0.1587496434537522
500,0.4235245632668566,0.4171732761022878,0.15930216063085548
501,0.42211456296511535,0.41903367806806785,0.15885175896681689
