,0,1,2
0,0.2441530039046307,0.22204337805182334,0.5338036180435459
1,0.24566560686092348,0.22082719421117314,0.5335071989279033
2,0.24891494028907465,0.22034181026127073,0.5307432494496547
3,0.2479174155296981,0.21170622508236453,0.5403763593879373
4,0.24966433532079202,0.20791081036723336,0.5424248543119746
5,0.25124239541416016,0.20587116621414842,0.5428864383716915
6,0.25733942648557495,0.2047772528826291,0.537883320631796
7,0.25926003060381114,0.2078633486015631,0.5328766207946258
8,0.2609898385604646,0.20662711167239012,0.5323830497671452
9,0.2632721645323996,0.20832475114624324,0.5284030843213572
10,0.23824510483345684,0.22942134659317473,0.5323335485733685
11,0.23401539041785077,0.22969033160198565,0.5362942779801635
12,0.23704766595787322,0.23363252702756762,0.5293198070145592
13,0.2319063288851274,0.22825025730000922,0.5398434138148634
14,0.2286753661940424,0.22480933227090294,0.5465153015350546
15,0.23734452081184568,0.22767094165800336,0.534984537530151
16,0.24717045849688982,0.23151620422885064,0.5213133372742595
17,0.25693135180070564,0.2341199362627619,0.5089487119365325
18,0.2599235378166189,0.2337752638185976,0.5063011983647835
19,0.25854463852540377,0.23127484557370817,0.510180515900888
20,0.2621772972031658,0.2310800656307889,0.5067426371660453
21,0.2652456482373735,0.23354121805324934,0.5012131337093771
22,0.2577838851206281,0.2339409123768421,0.5082752025025297
23,0.25886933180805255,0.23447703794466215,0.5066536302472853
24,0.2532835454778841,0.23242763282762116,0.5142888216944949
25,0.25189808790747986,0.23772734079190827,0.5103745713006119
26,0.2588213243199511,0.24192419481268276,0.4992544808673661
27,0.25258445488886266,0.24015413500107155,0.5072614101100658
28,0.2534879311568001,0.24138949636762927,0.5051225724755707
29,0.2566504488030829,0.2452671372303081,0.4980824139666089
30,0.2534205992972748,0.24494442818909157,0.5016349725136336
31,0.2640643982054177,0.24766033683799382,0.48827526495658846
32,0.2660703520327281,0.2480384827175864,0.48589116524968556
33,0.2679266962856652,0.24655864341910944,0.4855146602952254
34,0.27094557528127905,0.24359832512379717,0.4854560995949238
35,0.27566561187662925,0.24046533656553243,0.48386905155783827
36,0.28765197785820695,0.23992823804062546,0.47241978410116764
37,0.29491273213035246,0.23803940330888412,0.46704786456076347
38,0.29306258895111037,0.2370963218125801,0.4698410892363095
39,0.2956282846576291,0.23678587301140874,0.4675858423309623
40,0.2785642569815016,0.26742198285223323,0.45401376016626516
41,0.2842616566587666,0.26213224542149255,0.4536060979197407
42,0.2873052044101364,0.256931602885397,0.45576319270446647
43,0.2927263166489438,0.256912282480078,0.4503614008709782
44,0.2959565142535801,0.25950161855350357,0.4445418671929164
45,0.29600379985664976,0.26365465818232203,0.4403415419610283
46,0.2859260815655772,0.2648575307840884,0.4492163876503344
47,0.2861119766914261,0.26703771679096183,0.44685030651761215
48,0.2836253887029634,0.26421327307350245,0.45216133822353416
49,0.28495913831561615,0.26283739975100806,0.45220346193337585
50,0.284643893071327,0.26410304548313457,0.45125306144553856
51,0.2892587270605583,0.2633219242511104,0.4474193486883313
52,0.27898602316626453,0.26517636689135726,0.45583760994237815
53,0.2812668114400372,0.2649827675408275,0.4537504210191355
54,0.28281589965675863,0.27110206154223243,0.44608203880100894
55,0.2785663756010846,0.2718486174399536,0.4495850069589617
56,0.27468723337175754,0.2746448540657928,0.4506679125624497
57,0.26342372601845193,0.27485242698538176,0.46172384699616625
58,0.25655914403131574,0.2782013175117821,0.4652395384569021
59,0.25217130761180245,0.27595890893012454,0.47186978345807296
60,0.25010277585626367,0.2758316020376522,0.474065622106084
61,0.24711883788273314,0.27444278829567426,0.4784383738215926
62,0.24566213139417345,0.277344675752467,0.4769931928533594
63,0.24589306057835592,0.2770668130795049,0.47704012634213916
64,0.24173331960268374,0.27922279240871667,0.47904388798859965
65,0.24206303546368982,0.28148163095264467,0.4764553335836655
66,0.23604259453454696,0.2840485451695635,0.47990886029588953
67,0.26040836248698773,0.25368671713869406,0.48590492037431815
68,0.2591067538856888,0.2526954794227754,0.48819776669153564
69,0.2570422934510164,0.24928184399908893,0.4936758625498947
70,0.2545453473447537,0.2506871945096275,0.49476745814561873
71,0.2550010787157748,0.2524434596017459,0.49255546168247927
72,0.2552196299587212,0.2518624077626957,0.49291796227858303
73,0.24494652007784856,0.25014271688838163,0.5049107630337699
74,0.2443396716337908,0.25110711916831446,0.5045532091978948
75,0.23856605032599845,0.2504889065891698,0.5109450430848318
76,0.23623665569646551,0.24939268558379016,0.5143706587197443
77,0.23694748294425477,0.24695331963665806,0.5160991974190872
78,0.23808444422025055,0.24927622060804477,0.5126393351717046
79,0.23780918093809317,0.24857103471412684,0.5136197843477799
80,0.2301321278738268,0.25056201057522576,0.5193058615509475
81,0.2296670846661607,0.24908501417649095,0.5212479011573483
82,0.22836662514738476,0.25248710812077907,0.5191462667318362
83,0.23541467858093354,0.25751430359292155,0.5070710178261448
84,0.2354970982617397,0.25568936476353427,0.508813536974726
85,0.23236243567063633,0.2592348050613653,0.5084027592679984
86,0.2315029806983269,0.25932859687033083,0.5091684224313423
87,0.24075543676595978,0.2600712221811955,0.4991733410528448
88,0.2424158833472826,0.25959961321638997,0.49798450343632744
89,0.24083156614974868,0.2538248959424658,0.5053435379077854
90,0.23838221193549675,0.2561913144610858,0.5054264736034175
91,0.24537474205592769,0.2595969168959657,0.49502834104810667
92,0.24596697240260254,0.25991206866381905,0.4941209589335785
93,0.2468857422265005,0.26010156451654143,0.49301269325695807
94,0.24751995083818965,0.2586239526442373,0.49385609651757295
95,0.24421100976743176,0.25780115238334816,0.49798783784922
96,0.2388640086650094,0.25752575746045697,0.5036102338745336
97,0.23820669955226584,0.25865864718426795,0.5031346532634663
98,0.23133556256474497,0.2599849444003301,0.5086794930349249
99,0.23752910138177794,0.25933898272022515,0.5031319158979969
100,0.23791922913875027,0.26103136451489706,0.5010494063463526
101,0.23781257703677347,0.25469953201939616,0.5074878909438304
102,0.23910805959164533,0.2560599431302313,0.5048319972781234
103,0.2396446825100801,0.2582358908743307,0.5021194266155893
104,0.23127706942911833,0.2588739811532603,0.5098489494176214
105,0.23010215079854784,0.2600078318459809,0.5098900173554713
106,0.22870374009693878,0.2536795174237265,0.5176167424793349
107,0.22922898309523013,0.2537942485718084,0.5169767683329615
108,0.2202090186217383,0.25179083875552577,0.528000142622736
109,0.21799250893872396,0.2512572731672361,0.53075021789404
110,0.22491751272857136,0.2584403135685653,0.5166421737028634
111,0.22453989867700905,0.25931056629459326,0.5161495350283976
112,0.21745416568304263,0.2591913929586216,0.5233544413583358
113,0.21069009101040156,0.25634850427448447,0.5329614047151139
114,0.20991925310802334,0.2590053816053939,0.5310753652865827
115,0.2093545695807557,0.2557104682573142,0.5349349621619301
116,0.20725001472005714,0.25707443622955606,0.5356755490503867
117,0.20630415475784256,0.25946050964592715,0.5342353355962303
118,0.20628101196526374,0.2592924969047916,0.5344264911299447
119,0.21196537965791462,0.2577236637047846,0.5303109566373008
120,0.24252375554646102,0.22599840327508694,0.531477841178452
121,0.23711748972368474,0.2286025657619938,0.5342799445143215
122,0.2381611336414778,0.2309115606372869,0.5309273057212353
123,0.2394492509381491,0.23034412659202147,0.5302066224698295
124,0.23977460413999668,0.22999253221642862,0.5302328636435747
125,0.23982398219480894,0.23261125816272607,0.527564759642465
126,0.24019907598095575,0.23292834325175765,0.5268725807672866
127,0.24122447208534456,0.2373360015729603,0.5214395263416951
128,0.24194926529420263,0.23950207616766164,0.5185486585381358
129,0.24027810137156397,0.24089722394088198,0.518824674687554
130,0.24223087544836314,0.24021075651942003,0.5175583680322169
131,0.24321667022871774,0.24070344388345657,0.5160798858878257
132,0.2439710563420117,0.24316426903102129,0.512864674626967
133,0.24351331716659072,0.2438151668420864,0.5126715159913229
134,0.24634572783430317,0.24578263846456927,0.5078716337011275
135,0.24701973339854644,0.24872524636673485,0.5042550202347187
136,0.2440948340837241,0.24702047880511052,0.5088846871111654
137,0.2443831172598758,0.24658141957650742,0.5090354631636168
138,0.24483396347088024,0.24854231494616222,0.5066237215829575
139,0.24950378605765783,0.2500757676747603,0.5004204462675819
140,0.2462050207786283,0.25316679169290124,0.5006281875284705
141,0.2411394153134362,0.2552646651039986,0.5035959195825651
142,0.238813067897656,0.2515390475206568,0.5096478845816871
143,0.2393305466034968,0.2539110682793899,0.5067583851171132
144,0.23877575200638576,0.25596721941608364,0.5052570285775307
145,0.23715375745005615,0.25375516410531895,0.509091078444625
146,0.23709097588739686,0.25732546094428066,0.5055835631683225
147,0.23803698652744898,0.25833439205241576,0.5036286214201352
148,0.23753705772160677,0.26262127022657744,0.49984167205181573
149,0.23900416437267694,0.26212072339214754,0.49887511223517556
150,0.24044010926008957,0.2641993928591164,0.495360497880794
151,0.24276595900702178,0.268305435061404,0.4889286059315743
152,0.24374400264823015,0.2701586008137918,0.486097396537978
153,0.2373634442435825,0.270628700285978,0.4920078554704395
154,0.23610222268156614,0.27067764892700097,0.49322012839143287
155,0.23456880332013907,0.2719462091994341,0.49348498748042674
156,0.2320565450282838,0.268724723839531,0.4992187311321852
157,0.2346450759823869,0.2680399606050705,0.4973149634125426
158,0.23356238906761648,0.27161655314322947,0.49482105778915414
159,0.23230371921210238,0.2729657629093687,0.49473051787852906
160,0.23189865229243178,0.2700794830947604,0.4980218646128079
161,0.23231639351715433,0.268698529855918,0.4989850766269277
162,0.22573548292192452,0.2680651856694046,0.5061993314086709
163,0.22691918973973338,0.2683242463595619,0.5047565639007048
164,0.2259757587281602,0.2678212189080042,0.5062030223638357
165,0.22467282709480552,0.26958225433642735,0.5057449185687671
166,0.22407547164270386,0.2686060236182033,0.5073185047390928
167,0.22314074238166848,0.2680903954341386,0.508768862184193
168,0.22226628866251788,0.2696427946271704,0.5080909167103117
169,0.22373754971629484,0.27235797771889786,0.5039044725648072
170,0.21996839233849333,0.2736149353325447,0.5064166723289619
171,0.21392928556214214,0.2774426800900375,0.5086280343478203
172,0.21593005840947235,0.2801817767214327,0.5038881648690949
173,0.21840951034919118,0.2829245836170808,0.49866590603372807
174,0.21711115502190767,0.27791732890546406,0.5049715160726282
175,0.21759409121894394,0.27777807057619525,0.5046278382048608
176,0.2154848422613212,0.27647764374977657,0.5080375139889023
177,0.21280004270953937,0.27456182652258765,0.5126381307678729
178,0.2119019936396677,0.2711607250981631,0.5169372812621693
179,0.21307033868824493,0.26768935789348647,0.5192403034182687
180,0.21272964967981556,0.2678359633279944,0.51943438699219
181,0.2497084487566618,0.241062526365661,0.5092290248776773
182,0.2432564037917397,0.24090962840570415,0.5158339678025563
183,0.23675961901979106,0.24832859482911554,0.5149117861510933
184,0.23720482283465644,0.2449712066230755,0.517823970542268
185,0.23993110699334166,0.24067961656704553,0.5193892764396129
186,0.2393773922935517,0.2425074373858521,0.5181151703205963
187,0.2455037011070081,0.24131350292854276,0.513182795964449
188,0.2466879718212922,0.2419271407832451,0.5113848873954627
189,0.2513605606436721,0.24200637824138124,0.5066330611149465
190,0.2524229571515136,0.24639741786206487,0.5011796249864215
191,0.2451686517601165,0.2467591767923978,0.5080721714474856
192,0.24501519875127922,0.24854205781551195,0.5064427434332088
193,0.24469914481928143,0.24766239006672688,0.5076384651139917
194,0.2470458615219187,0.2488478015725932,0.5041063369054881
195,0.2483038215278828,0.24854093426279217,0.5031552442093251
196,0.24297111740368094,0.24815602478399196,0.5088728578123269
197,0.23929828902421293,0.24734670086517344,0.5133550101106137
198,0.23948205921741494,0.24848691952103458,0.5120310212615504
199,0.24005887090785472,0.2543491507145806,0.5055919783775648
200,0.2377309424617758,0.25467981683629937,0.5075892407019248
201,0.2370524298551364,0.25541550577975924,0.5075320643651045
202,0.22990485699793767,0.2579863524814978,0.5121087905205646
203,0.2294571335163616,0.26005214922947645,0.510490717254162
204,0.22677558875501957,0.2613375975836435,0.5118868136613369
205,0.22767961463990202,0.2599328013288653,0.5123875840312327
206,0.23003711120218448,0.26456067794198457,0.505402210855831
207,0.22849298354197597,0.263547733222314,0.5079592832357102
208,0.22620292907319453,0.26144354673960385,0.5123535241872015
209,0.22802350172162533,0.25691636809019847,0.5150601301881761
210,0.23775282178188306,0.2706669010728159,0.49158027714530106
211,0.21969255730923534,0.2659838482063549,0.5143235944844098
212,0.21699585459934395,0.26966960420967095,0.5133345411909851
213,0.21666938619022047,0.26795835190590017,0.5153722619038794
214,0.22002845006303065,0.2671753767618681,0.5127961731751013
215,0.21939066997484272,0.2689919317854902,0.5116173982396672
216,0.2217094622544673,0.2701250273908303,0.5081655103547024
217,0.22140210794798207,0.2733097950714595,0.5052880969805584
218,0.21996288342305495,0.2741785881932075,0.5058585283837376
219,0.22035869155492513,0.27611656197269885,0.503524746472376
220,0.20744743128230056,0.2776006087432403,0.5149519599744592
221,0.20863907771539367,0.2789673184579233,0.5123936038266831
222,0.2081188868675865,0.2799003227651295,0.511980790367284
223,0.20864816051787663,0.28295512776436366,0.5083967117177597
224,0.20993174929058125,0.2878213019493529,0.5022469487600658
225,0.2085306501715898,0.2888724815173623,0.502596868311048
226,0.2033560231197247,0.2840135792820848,0.5126303975981905
227,0.201195794530416,0.2791563883564061,0.519647817113178
228,0.1973290336321636,0.2781779536651962,0.5244930127026404
229,0.2085625629070356,0.27806011887468657,0.5133773182182779
230,0.21409505743983615,0.28038766139388055,0.5055172811662832
231,0.21182755845622347,0.2751508990307352,0.5130215425130412
232,0.21283939058936963,0.2782644070001742,0.5088962024104562
233,0.20808109390676083,0.2815555491057915,0.5103633569874476
234,0.20436968291810498,0.28110792929000017,0.5145223877918949
235,0.21034081510978628,0.2753579903734764,0.5143011945167373
236,0.212373538607776,0.274987695503232,0.5126387658889919
237,0.25167987355788174,0.24336250360232614,0.5049576228397921
238,0.26400358436283183,0.23839580961206777,0.49760060602510037
239,0.26947812814145833,0.2331637044279441,0.4973581674305975
240,0.23215035514635987,0.23399097137331534,0.5338586734803249
241,0.2564175347797751,0.22987902633666615,0.5137034388835587
242,0.2553293915889262,0.2268241739748143,0.5178464344362597
243,0.25421794633227346,0.22622860515296622,0.5195534485147604
244,0.25413253199807756,0.224862205881071,0.5210052621208513
245,0.25424543374102704,0.2267108778020113,0.5190436884569617
246,0.2539924232175095,0.22677369999179703,0.5192338767906934
247,0.23429672547410538,0.23010003043547847,0.5356032440904162
248,0.2353428942421283,0.23160739805340075,0.533049707704471
249,0.2342076426682175,0.23176785376901385,0.5340245035627686
250,0.2398476818013392,0.23002190135815082,0.5301304168405099
251,0.24069802802614132,0.232388874461866,0.5269130975119927
252,0.2398139369129749,0.23113153956593568,0.5290545235210894
253,0.24382744747354468,0.2339713285472723,0.522201223979183
254,0.24204157716988123,0.23170380217955347,0.5262546206505653
255,0.2323876196639232,0.22795269013793584,0.539659690198141
256,0.23857323527368857,0.2226365444115918,0.5387902203147196
257,0.23771631326359088,0.21464613463317067,0.5476375521032383
258,0.24369942527018243,0.2160424325483371,0.5402581421814804
259,0.2447742463612614,0.21856234870360383,0.5366634049351348
260,0.23973116577847106,0.21560680907147123,0.5446620251500577
261,0.2389421382368293,0.20912229012232858,0.551935571640842
262,0.24020196439821392,0.20398907191303808,0.555808963688748
263,0.2283924286031917,0.20503291271447932,0.5665746586823289
264,0.23515285136835465,0.20261539059260544,0.5622317580390399
265,0.2352192259179787,0.20216465584335547,0.5626161182386658
266,0.23353832604949634,0.20375820889517465,0.562703465055329
267,0.2307716448599293,0.20169813356533609,0.5675302215747347
268,0.23128583419805412,0.2047520887740618,0.5639620770278841
269,0.2348573368228157,0.20750531093020047,0.5576373522469837
270,0.24709589715734182,0.20663715419854634,0.546266948644112
271,0.2456062490835372,0.21068855431248987,0.543705196603973
272,0.24970977570768768,0.210444884739288,0.5398453395530244
273,0.24973730889989154,0.2161022681982231,0.5341604229018854
274,0.2521899550845002,0.21812007502621097,0.5296899698892888
275,0.25306212125148503,0.21803544411806605,0.528902434630449
276,0.2581429493322018,0.21572301038400002,0.5261340402837983
277,0.26950589875188274,0.22267158164432044,0.5078225196037968
278,0.26649945123313906,0.22816423413058856,0.5053363146362724
279,0.2648578839324532,0.22703124577492828,0.5081108702926187
280,0.2717951403869954,0.2242772183306472,0.5039276412823575
281,0.27369853848919684,0.22446971618471062,0.5018317453260926
282,0.2754307447121996,0.22447372385625705,0.5000955314315433
283,0.26927651221900806,0.22341192463344486,0.5073115631475471
284,0.2689704260473313,0.22429467103044742,0.5067349029222212
285,0.2678427282504057,0.2223394364782693,0.509817835271325
286,0.2754959641408629,0.21937559087063546,0.5051284449885016
287,0.28241445479108096,0.21729934151971064,0.5002862036892084
288,0.28145069715467586,0.22107032628006548,0.4974789765652588
289,0.2788128487040509,0.22415734206484292,0.49702980923110623
290,0.2845088944797857,0.2249443026602008,0.4905468028600134
291,0.2832436335337653,0.2255310515368543,0.4912253149293804
292,0.28086222640464176,0.22580310225425965,0.49333467134109865
293,0.2861752734273866,0.22766479741779272,0.4861599291548208
294,0.29163932169416024,0.22423729583165855,0.4841233824741812
295,0.29586183828701723,0.22435306341624262,0.47978509829674015
296,0.30121909069352876,0.22184977602409384,0.47693113328237746
297,0.2989520667805424,0.22198492999088945,0.4790630032285681
298,0.29545215689052534,0.221494067322924,0.48305377578655073
299,0.2893110431420433,0.21909620703167082,0.491592749826286
300,0.29289774321799256,0.2211942104865894,0.4859080462954181
301,0.27710083267244323,0.22483593710296976,0.49806323022458704
302,0.2745726310400103,0.2232241491933198,0.5022032197666699
303,0.27397577535896217,0.2265920061971726,0.4994322184438653
304,0.27147319921292207,0.22799898532439714,0.5005278154626808
305,0.26963392154500926,0.22410643160622418,0.5062596468487665
306,0.2666244667049408,0.2231568520237667,0.5102186812712927
307,0.2807391402892089,0.2228668992924924,0.49639396041829875
308,0.2783279673380924,0.22258393149417355,0.49908810116773406
309,0.2721340490444213,0.22145708557861488,0.5064088653769638
310,0.27025618815104147,0.22368865173829758,0.506055160110661
311,0.2564550488181016,0.22406193509662545,0.5194830160852729
312,0.2558689617628713,0.2260953044231111,0.5180357338140177
313,0.25634800829135757,0.22627498553348485,0.5173770061751575
314,0.25551056003953493,0.22542612668458864,0.5190633132758765
315,0.2599786263346487,0.2238822840777692,0.516139089587582
316,0.2603081000794354,0.22424006105646616,0.5154518388640985
317,0.2574340548472835,0.22541454657627577,0.5171513985764409
318,0.2486609341467837,0.23184770162060148,0.5194913642326148
319,0.24785115796808405,0.22804842947831921,0.5241004125535969
320,0.25888188437484383,0.22671688774955956,0.5144012278755967
321,0.26067415085469775,0.2269940723707584,0.5123317767745439
322,0.2565477548163908,0.22713982496521698,0.5163124202183921
323,0.25100688395558807,0.2272897910650524,0.5217033249793596
324,0.254102635844218,0.2268699470909913,0.5190274170647906
325,0.2543085510879097,0.2318045529749567,0.5138868959371337
326,0.25464324282733675,0.2357145091308767,0.5096422480417866
327,0.25893728339038413,0.23500699373960718,0.5060557228700087
328,0.2615005999018419,0.22929584231282427,0.5092035577853339
329,0.26190203935281153,0.22824593744010502,0.5098520232070836
330,0.2677534844004262,0.22741128723141432,0.5048352283681594
331,0.2613833151337535,0.22707998839582247,0.5115366964704241
332,0.25881780175115265,0.22806516904340396,0.5131170292054434
333,0.2628345134315636,0.21912597239577905,0.5180395141726574
334,0.26116531062547105,0.21660007734837577,0.5222346120261532
335,0.2592460014535526,0.21465464829210906,0.5260993502543384
336,0.25150554739907666,0.2146931073858654,0.533801345215058
337,0.2602067070715694,0.2110601596897691,0.5287331332386614
338,0.265497119961012,0.20954002771730806,0.52496285232168
339,0.2708289259625386,0.21182445228057803,0.5173466217568833
340,0.2639736960348684,0.20755129716289564,0.528475006802236
341,0.2754772070573271,0.2066854256514859,0.5178373672911871
342,0.27877242140465347,0.20342874166735214,0.5177988369279944
343,0.28461135660602865,0.20797393428050673,0.5074147091134645
344,0.2916514063539267,0.2076144294795308,0.5007341641665425
345,0.25718372041689724,0.24390156180365224,0.4989147177794504
346,0.2813164710281946,0.22344842162552853,0.4952351073462768
347,0.263912992257866,0.25442660925534977,0.4816603984867841
348,0.2702227160225573,0.250619469547954,0.4791578144294886
349,0.2647052284774987,0.25319576126947363,0.4820990102530276
350,0.2602889804273147,0.25971794759806466,0.4799930719746207
351,0.2576172859070193,0.2584615391344776,0.4839211749585032
352,0.2607510699572067,0.2699648953870834,0.4692840346557098
353,0.25802309763798914,0.2704554356481684,0.4715214667138426
354,0.2607741175105987,0.2707029343115299,0.46852294817787127
355,0.2636684857223828,0.26828876214017167,0.4680427521374457
356,0.2595694959349784,0.28181480076715404,0.45861570329786744
357,0.25644119279490313,0.2782214680581845,0.46533733914691244
358,0.263063450823268,0.27674623030506756,0.46019031887166445
359,0.2674951963523961,0.2747079761032143,0.4577968275443895
360,0.2679555351224154,0.2729700920862121,0.4590743727913726
361,0.27097996218046044,0.27844595512982473,0.4505740826897149
362,0.26485330845577115,0.27883652284374577,0.456310168700483
363,0.2713196042493524,0.278825395015197,0.4498550007354506
364,0.26809747507133214,0.2829019477250072,0.44900057720366077
365,0.26895158649781736,0.28018331231411003,0.4508651011880726
366,0.2710242709050047,0.2780162409853923,0.4509594881096031
367,0.2720579608325395,0.2699591577269528,0.45798288144050775
368,0.2662171041703503,0.2738738095566927,0.45990908627295685
369,0.26569293179462494,0.2714753824410033,0.4628316857643718
370,0.26167857647641296,0.276116380910886,0.46220504261270107
371,0.2549172669837615,0.27428803795869666,0.4707946950575419
372,0.26865323307295974,0.2745840328546129,0.4567627340724274
373,0.2795023329186612,0.2719084725827692,0.44858919449856965
374,0.2788732266715173,0.27200854407870134,0.4491182292497813
375,0.27124231499842455,0.27583565272673927,0.45292203227483613
376,0.26753308962543704,0.275742011683301,0.4567248986912619
377,0.2586068270794831,0.2742241962905613,0.4671689766299556
378,0.257259762317998,0.2752485219738753,0.4674917157081267
379,0.2553444104112953,0.2744747287858781,0.4701808608028267
380,0.25485804786226707,0.27759945710457873,0.46754249503315404
381,0.2545202311227612,0.27577220376829553,0.4697075651089433
382,0.25650492050628443,0.2732822229748413,0.4702128565188743
383,0.26387342019149507,0.27557546120716786,0.4605511186013371
384,0.2606630029795629,0.2831288316985349,0.45620816532190217
385,0.24648957896041856,0.2868142082585492,0.46669621278103224
386,0.24909765175430928,0.28616312893069407,0.46473921931499673
387,0.24495513992971793,0.28354622808250873,0.4714986319877732
388,0.24283942716313037,0.28324233611802463,0.47391823671884503
389,0.23554717102363304,0.28467028383997783,0.47978254513638924
390,0.23821738798044087,0.2880387359619419,0.47374387605761714
391,0.2326788265366679,0.2882869891282104,0.4790341843351217
392,0.24201588478682903,0.2828739652566339,0.4751101499565371
393,0.23341655381074805,0.2855444611076685,0.4810389850815834
394,0.2567043415628366,0.2539680995465772,0.4893275588905863
395,0.2579041495945913,0.25759160045274243,0.4845042499526662
396,0.23438679883170785,0.2599860088052243,0.505627192363068
397,0.25368927988284573,0.2672333533237122,0.47907736679344226
398,0.253313970431222,0.2685810438421209,0.4781049857266572
399,0.26606875020613835,0.2683553829033506,0.46557586689051106
400,0.26598114055829436,0.26697819753341817,0.46704066190828747
401,0.2626931728548909,0.2642777691710417,0.47302905797406736
402,0.25822145939416913,0.26254422778454894,0.479234312821282
403,0.25133465780135816,0.26330355999201316,0.48536178220662873
404,0.25288720012521626,0.2611903343540906,0.485922465520693
405,0.2518862155928103,0.2626055242289742,0.4855082601782156
406,0.24299930665701822,0.26345029529918057,0.49355039804380124
407,0.24265679726996983,0.2665834773408356,0.4907597253891945
408,0.23836833784729092,0.269687432124992,0.49194423002771714
409,0.23821329514783382,0.271759909618025,0.4900267952341413
410,0.23749874931735213,0.2678390466792728,0.49466220400337507
411,0.24006272818991412,0.2663072977719283,0.4936299740381575
412,0.24143519368233285,0.2661603974788949,0.49240440883877223
413,0.24133148030449525,0.2666104659144734,0.49205805378103135
414,0.2409098926045035,0.2698437914005508,0.48924631599494584
415,0.24516650833938614,0.2651632333302225,0.48967025833039135
416,0.23571677812101746,0.26665726411939894,0.49762595775958357
417,0.23746364073670878,0.26513298655413103,0.4974033727091602
418,0.23130262851738703,0.2634924548453356,0.5052049166372773
419,0.2289745616194436,0.2643725563240299,0.5066528820565266
420,0.23201889033890005,0.2627947354679026,0.5051863741931975
421,0.22832548013079587,0.26481255029487716,0.506861969574327
422,0.22333406696278035,0.264384657962015,0.5122812750752047
423,0.23417912176509217,0.26360727865528066,0.5022135995796272
424,0.2325333190872446,0.26544510410349187,0.5020215768092635
425,0.22379098243362788,0.26963834139904186,0.5065706761673302
426,0.23113392269637908,0.263403025906219,0.5054630513974019
427,0.2197929937661823,0.26198271552073626,0.5182242907130814
428,0.21937161481236353,0.25916418925936524,0.5214641959282712
429,0.21954824625088457,0.25970255675937937,0.520749196989736
430,0.21930691040670297,0.2606675002170318,0.5200255893762653
431,0.22661289641319393,0.2590563251532494,0.5143307784335568
432,0.22985847356308778,0.2593736316506596,0.5107678947862526
433,0.22955334359789029,0.2559298252655351,0.5145168311365746
434,0.24427216533876436,0.24871953541173325,0.5070082992495024
435,0.23822389020159812,0.25561292188085505,0.5061631879175468
436,0.23800393617513943,0.2543135127210847,0.5076825511037759
437,0.23457122069278322,0.25588068399211433,0.5095480953151025
438,0.24318349340040596,0.25425289036934234,0.5025636162302517
439,0.24399734349537264,0.2515300372161377,0.5044726192884896
440,0.25066836925456254,0.24957469226914103,0.4997569384762965
441,0.24826303980491707,0.25152605338450684,0.5002109068105761
442,0.24911940432207946,0.24937718888238267,0.501503406795538
443,0.24858820552523742,0.24996967276183812,0.5014421217129243
444,0.2583631692810842,0.24653770680786952,0.4950991239110463
445,0.2601968649471891,0.24731162117209904,0.49249151388071194
446,0.2600347450107441,0.25018398813426,0.48978126685499596
447,0.24903162102471788,0.247465805142698,0.5035025738325841
448,0.2528198328101187,0.2464369943160615,0.5007431728738198
449,0.26482556893819315,0.23990365925006077,0.4952707718117461
450,0.26115518719719916,0.24153246143648896,0.49731235136631174
451,0.2585602057727729,0.24382060680099557,0.49761918742623157
452,0.261590668687512,0.24571926990592716,0.4926900614065609
453,0.2637028861323164,0.24412515382467573,0.49217196004300784
454,0.26459781510152103,0.24664104030824746,0.4887611445902315
455,0.25870457261877944,0.25062360082004403,0.4906718265611765
456,0.25851961903290027,0.2514976598395496,0.4899827211275501
457,0.2563875990072932,0.24961848365767011,0.49399391733503667
458,0.25807905456467994,0.2498013061417656,0.49211963929355446
459,0.25327649586992756,0.25222783131536064,0.49449567281471185
460,0.25489498193747717,0.2491838820606855,0.4959211360018373
461,0.2507214585565938,0.24435119674890196,0.5049273446945042
462,0.2524195917876507,0.2379119415976774,0.5096684666146718
463,0.25844492215134135,0.2393477316147159,0.5022073462339428
464,0.2577563690635982,0.23876896243158094,0.5034746685048209
465,0.25985288863895517,0.24177006104493637,0.4983770503161084
466,0.25797720397160695,0.24209329372343524,0.4999295023049579
467,0.25744063723058364,0.24022187687793023,0.5023374858914861
468,0.25363664939546054,0.24785937953862394,0.4985039710659156
469,0.24786575837950073,0.2491072508417445,0.5030269907787548
470,0.2492748814284425,0.24770944346652077,0.5030156751050368
471,0.2480116657653623,0.2545728970620976,0.49741543717254005
472,0.2481498658046895,0.2535729468388855,0.498277187356425
473,0.2464812662096308,0.25052711559196017,0.502991618198409
474,0.24701510875715907,0.2522014879455302,0.5007834032973107
475,0.24552652905698927,0.2505380481723225,0.503935422770688
476,0.2388724981416029,0.25383116306387,0.5072963387945272
477,0.2393736212912604,0.25557820542864623,0.5050481732800934
478,0.2386932078344687,0.2544559615539823,0.5068508306115489
479,0.23967380301936234,0.2541894813437428,0.5061367156368949
480,0.23994577350640656,0.25353848935317397,0.5065157371404195
481,0.2300110084907555,0.2541234023540389,0.5158655891552056
482,0.23236671442088586,0.23987758333055076,0.5277557022485634
483,0.2419812946134412,0.23273959735142402,0.5252791080351347
484,0.24119973384004845,0.22923422488831824,0.5295660412716333
485,0.24443056551170766,0.2287393488738331,0.5268300856144592
486,0.2420355412886295,0.22687937672005323,0.5310850819913172
487,0.24818448416264918,0.22656458489233483,0.525250930945016
488,0.2384866145265514,0.22968337771783667,0.531830007755612
489,0.23792864746843115,0.23135671765570162,0.5307146348758672
490,0.23703011219993375,0.2307287714866206,0.5322411163134455
491,0.24407316934081763,0.22937769090163548,0.5265491397575468
492,0.2594457630543457,0.22277158773533823,0.5177826492103162
493,0.26627148268579476,0.22213244784637148,0.5115960694678338
494,0.26905304768312743,0.22308124332559218,0.5078657089912804
495,0.26834704214690397,0.22210290955200598,0.50955004830109
496,0.25645876473459506,0.224474123970904,0.519067111294501
497,0.25588546827985686,0.22234849851918786,0.5217660332009554
498,0.2550048156634782,0.22348650436898126,0.5215086799675406
499,0.2584552485910421,0.2244786637048912,0.5170660877040667
500,0.2655264463006872,0.22259840243753434,0.5118751512617784
501,0.26499716644445187,0.22389077872623744,0.5111120548293105
