,0,1,2
0,0.014403672150673397,0.6626714586176615,0.32292486923166513
1,0.014547017745489374,0.6615024359397917,0.3239505463147188
2,0.014782886101087267,0.6619946258202178,0.32322248807869486
3,0.02204312433408044,0.6464409324164676,0.33151594324945205
4,0.02166474738288172,0.6388328109412537,0.33950244167586474
5,0.02192978120281254,0.6362824119985093,0.34178780679867815
6,0.029650397883759137,0.6341047343708467,0.33624486774539425
7,0.029674419966615344,0.6394103714630621,0.3309152085703226
8,0.029989709787288193,0.6381033954852321,0.3319068947274796
9,0.030160771263491135,0.6414066479832288,0.3284325807532801
10,0.008255641776143276,0.6584560546517328,0.3332883035721238
11,0.00808397177920623,0.6571873571332562,0.33472867108753773
12,0.008131547745757953,0.6637995539891025,0.32806889826513946
13,0.008026992319427433,0.6543613491150774,0.3376116585654952
14,0.007961366214660918,0.6482591730315944,0.3437794607537447
15,0.007947408509830318,0.6526661565786542,0.3393864349115154
16,0.00043184154864989166,0.661915829969978,0.3376523284813721
17,0.0004340276233166484,0.6665172450130717,0.3330487273636117
18,0.0004402748153271689,0.6673436222490866,0.3322161029355863
19,0.0004399606179593906,0.6632532570203763,0.3363067823616644
20,0.00043241360236410394,0.6612861662745371,0.33828142012309875
21,0.0004360106397213292,0.6660932784475271,0.3334707109127516
22,0.0004355836515667219,0.6666399925685973,0.33292442377983605
23,0.0004372133864769569,0.6678555588194529,0.3317072277940702
24,0.0004281423936300279,0.6625801076457388,0.33699174996063125
25,0.00043487042731127004,0.6724872590754077,0.3270778704972811
26,0.00044470675260414844,0.6811188462990058,0.31843644694839013
27,0.00044837011198373914,0.6791705280775421,0.32038110181047424
28,0.0004490110341941674,0.6812034237509635,0.3183475652148423
29,0.00045167189981705665,0.6876685029916455,0.3118798251085375
30,0.00044540252266007474,0.6858624877861333,0.3136921096912067
31,0.00045011005607726337,0.6909433527047895,0.3086065372391332
32,0.0004537327650851618,0.69230878743303,0.30723747980188476
33,0.000458901669653042,0.691195657845414,0.30834544048493295
34,0.000467970986853253,0.6886337187333711,0.3108983102797757
35,0.0004664143520829029,0.6834344769860778,0.31609910866183916
36,0.0004769603075955102,0.6849383347881519,0.3145847049042525
37,0.00047940851067510714,0.6824746913666131,0.31704590012271183
38,0.00047678748883944446,0.6803223933064351,0.31920081920472543
39,0.00048212782262340765,0.6810789848408856,0.3184388873364911
40,0.0004918214532149103,0.6851695528078153,0.3143386257389698
41,0.007933396166440489,0.6776952868543518,0.3143713169792077
42,0.015518055838330155,0.668996067650458,0.3154858765112117
43,0.015866343149835104,0.6712930699885429,0.3128405868616221
44,0.015540471173547623,0.6730448968188066,0.31141463200764574
45,0.015422177187999086,0.6785026328901708,0.30607518992183014
46,0.015201550205111663,0.6787506892173047,0.3060477605775836
47,0.015151055716878832,0.6816215549021801,0.303227389380941
48,0.015075718679235925,0.676941912222382,0.30798236909838206
49,0.015198676062771201,0.6757315304159913,0.3090697935212374
50,0.015142680754456753,0.6772330703007213,0.3076242489448218
51,0.01545574077290718,0.678194442457675,0.30634981676941775
52,0.015199826754714584,0.6792106414482841,0.30558953179700116
53,0.014896267095176278,0.676938655188986,0.3081650777158378
54,0.014822572321274567,0.685370327960762,0.2998070997179635
55,0.007764448614354829,0.6874589122730057,0.30477663911263947
56,0.00043131988337242674,0.6892250212268224,0.31034365888980503
57,0.0004232914660073072,0.6874890220503682,0.3120876864836244
58,0.00042094075584448966,0.691692176972089,0.30788688227206656
59,0.00042766907264133353,0.6901198233938601,0.30945250753349857
60,0.00042368720553220715,0.6890310104527109,0.3105453023417569
61,0.0004188877293766477,0.6859801005617032,0.3136010117089202
62,0.00041380997797140564,0.6888909584017144,0.31069523162031415
63,0.0004144721982722803,0.6886547543539059,0.3109307734478219
64,0.00041833493022040783,0.6925443228152205,0.30703734225455914
65,0.00041725986474395115,0.6954041710090487,0.3041785691262074
66,0.00041702753950083603,0.6988459229030639,0.3007370495574352
67,0.00041588799357686367,0.700006398531863,0.2995777134745602
68,0.0004143576947905611,0.6981953831731672,0.3013902591320423
69,0.0004135596268829114,0.6929581725331083,0.3066282678400087
70,0.0004076748512182182,0.693687283780111,0.30590504136867075
71,0.00040698317703571197,0.6961156355100945,0.30347738131286983
72,0.00040789429330499234,0.6954721295084145,0.30411997619828046
73,0.00040341947745401705,0.6919000647185117,0.3076965158040343
74,0.00040143703303425885,0.6928710152131385,0.3067275477538271
75,0.0004043469589496086,0.6926139423090014,0.306981710732049
76,0.0004007903878753253,0.6902571522020401,0.30934205741008464
77,0.0004043052628275458,0.6874313837310854,0.31216431100608716
78,0.00040447553740580053,0.6908746911093077,0.3087208333532865
79,0.00040455990623210767,0.6898615421497446,0.30973389794402334
80,0.0004015989345266259,0.692131443799241,0.30746695726623247
81,0.0004019655230411601,0.6900740601918979,0.30952397428506095
82,0.0003964484688809874,0.693827285538531,0.30577626599258795
83,0.03209627677757278,0.671231768785609,0.2966719544368183
84,0.004662067487846075,0.6689675706026253,0.32637036190952856
85,0.004559204343104055,0.6722268458799762,0.32321394977691986
86,0.004539103993521074,0.6719908520872216,0.3234700439192572
87,0.004586081895058506,0.6739285063104422,0.32148541179449924
88,0.004626761750446382,0.6740248857347156,0.321348352514838
89,0.004644242777448497,0.6658732170247161,0.32948254019783535
90,0.004568615921555307,0.6679301247600224,0.3275012593184223
91,0.004540439890628325,0.6723635879661704,0.32309597214320124
92,0.0045503293501381725,0.6730216941372248,0.3224279765126371
93,0.004568310809769578,0.673657547354059,0.32177414183617137
94,0.004595047887644645,0.672024579651534,0.32338037246082135
95,0.00453132646283802,0.6695477403323428,0.32592093320481924
96,0.0045674975884707186,0.6698603767281386,0.3255721256833906
97,0.004542995223866282,0.6710444921589888,0.324412512617145
98,0.004531767413199656,0.672755225896507,0.3227130066902933
99,0.004521402079744276,0.671634458914465,0.3238441390057909
100,0.004515057633133412,0.6739618455355639,0.32152309683130265
101,0.004568859330985427,0.6657481645811458,0.32968297608786873
102,0.0045852405169890635,0.6680645298470614,0.32735022963594956
103,0.0045775483610232095,0.6711052092103578,0.324317242428619
104,0.0045398359710656444,0.6713123642575047,0.32414779977142966
105,0.004503517564840694,0.6722739299268655,0.3232225525082936
106,0.00452818504010662,0.6635367159980765,0.3319350989618169
107,0.004539037977286587,0.6639031390518714,0.3315578229708421
108,0.0045124654100958395,0.6604684366070737,0.3350190979828306
109,0.004465705871334239,0.6588712334471093,0.33666306068155644
110,0.004561818302714631,0.6709780749151062,0.3244601067821792
111,0.004545330808140166,0.6719323438984713,0.3235223252933885
112,0.004542004095387606,0.6717030163741688,0.3237549795304436
113,0.004571559430142714,0.6681492696698327,0.3272791709000246
114,0.004528793149492681,0.6712146879127732,0.3242565189377342
115,0.00454476294417397,0.6668063839999446,0.32864885305588143
116,0.0044813031343781985,0.6677149428281302,0.32780375403749173
117,0.004437352167861368,0.6703623907393677,0.32520025709277095
118,0.004438266776105865,0.6701415578707485,0.3254201753531456
119,0.0044206126507897285,0.6676462094000584,0.32793317794915194
120,0.004390667080856167,0.6672504322206352,0.32835890069850865
121,0.004395854855689429,0.6714763258872158,0.32412781925709483
122,0.0043942523894784325,0.6750401965762574,0.3205655510342642
123,0.004427184240352402,0.6747782960690797,0.32079451969056794
124,0.0044376732382649655,0.6744282010627011,0.32113412569903405
125,0.004411833251612525,0.6779958869729201,0.31759227977546733
126,0.004416461592024081,0.6785710269187124,0.31701251148926346
127,0.0043931831666564145,0.6848436243906849,0.3107631924426585
128,0.0043864657938413225,0.6879701119149326,0.3076434222912262
129,0.004338203514416044,0.689123999348337,0.3065377971372469
130,0.00438519840631417,0.689004485379545,0.3066103162141409
131,0.00440060158939384,0.6900345973235027,0.3055648010871035
132,0.004391570638782589,0.6935075202747403,0.30210090908647713
133,0.004375742094088808,0.6941599726869856,0.3014642852189256
134,0.004414146340400741,0.6977867898416543,0.29779906381794496
135,0.0043987506851774945,0.7017580736778006,0.2938431756370219
136,0.004356093254526662,0.6984597572735801,0.29718414947189326
137,0.004366251520890943,0.6980198089338684,0.2976139395452406
138,0.004356233040974033,0.7006637190461654,0.2949800479128604
139,0.004302727811872448,0.7018202895125383,0.2938769826755895
140,0.004336143033898535,0.7069366156440035,0.28872724132209804
141,0.004343825592828345,0.7100464300944332,0.2856097443127385
142,0.004332126403405501,0.704596228914726,0.2910716446818686
143,0.004319899015317042,0.7076996237378946,0.2879804772467884
144,0.03769313659235318,0.6765704526559395,0.2857364107517072
145,0.007174938777092223,0.6733730713299269,0.3194519898929809
146,0.0011253224131620686,0.677917909343416,0.3209567682434219
147,0.0011282088399180124,0.6796098827003325,0.3192619084597495
148,0.0011159358249036538,0.6848100860908419,0.31407397808425447
149,0.0011249720312205191,0.6848098814206225,0.3140651465481571
150,0.0011280929990712266,0.68802181086795,0.3108500961329787
151,0.0011314612404267148,0.6940867687263886,0.3047817700331847
152,0.001132583716455005,0.6967670044965534,0.30210041178699165
153,0.0011307041449353694,0.697270232729382,0.3015990631256827
154,0.0011237261617506446,0.6967948563746541,0.30208141746359535
155,0.0011126221166719164,0.6976740502825989,0.30121332760072933
156,0.0011059889276588376,0.6927183730479877,0.3061756380243535
157,0.001121601523656079,0.6929769915047416,0.3059014069716025
158,0.001107887192758773,0.6968527060486648,0.30203940675857655
159,0.0010981826685275678,0.6979410221338146,0.3009607951976579
160,0.001102197102759929,0.6942961521397064,0.30460165075753365
161,0.00110745948291804,0.6927960512183104,0.3060964892987715
162,0.0011074232381634397,0.6919146584410141,0.30697791832082255
163,0.001113453531318946,0.6927221994993366,0.30616434696934447
164,0.0011092967421775114,0.6917181656480933,0.307172537609729
165,0.001098218006858564,0.6933102571840574,0.30559152480908414
166,0.0010970124555445965,0.6918808362092855,0.30702215133516975
167,0.0010929335664513714,0.6908670189190895,0.3080400475144591
168,0.0010847608292814562,0.692384808821685,0.3065304303490337
169,0.0010870998410844545,0.6962560310196635,0.30265686913925216
170,0.0010980466489067472,0.6987819622300487,0.3001199911210444
171,0.0010907352135845006,0.7033418260046091,0.29556743878180647
172,0.0010963320648817109,0.7073151805156696,0.2915884874194488
173,0.0011045966368179205,0.7114541825033168,0.28744122085986523
174,0.0011079612940894075,0.7051835262600719,0.2937085124458387
175,0.0011110377532142822,0.705218596038343,0.29367036620844267
176,0.0011017310013750736,0.7028504764444663,0.2960477925541586
177,0.0010904064664224323,0.6995212998391647,0.2993882936944129
178,0.0010925337738943012,0.6951374641830227,0.3037700020430829
179,0.001106903307793647,0.691451741983244,0.3074413547089623
180,0.0011045901486857216,0.6914903308609913,0.3074050789903231
181,0.001133858138919449,0.7101579440098076,0.28870819785127305
182,0.0011321657425406718,0.7098034587004048,0.2890643755570544
183,0.036464966624737624,0.6833713939269466,0.2801636394483157
184,0.00510520646641717,0.6792853465637401,0.3156094469698427
185,0.005220723225441239,0.6747312611520045,0.3200480156225542
186,0.0051862337855962766,0.6769263657095694,0.3178874005048343
187,0.005202604775367448,0.6753957395177672,0.31940165570686535
188,0.0052244435647562145,0.676691251600139,0.3180843048351047
189,0.005337465876501455,0.6787013119202546,0.31596122220324385
190,0.00012710521003822008,0.6848955869478657,0.3149773078420961
191,0.0001262065766554512,0.6847776549117047,0.31509613851163987
192,0.00012563296238131492,0.6870204817114118,0.312853885326207
193,0.0001256836973416503,0.6857499366210511,0.31412437968160717
194,0.0001267498827882208,0.6882766106857213,0.31159663943149046
195,0.0001275784960515275,0.6884164204749118,0.31145600102903664
196,0.00012797472367204809,0.6881283235671594,0.3117437017091686
197,0.0001259772693820045,0.6855415468111703,0.31433247591944763
198,0.0001257784833157287,0.6870873657381708,0.31278685577851356
199,0.000124552373690153,0.6947676719607258,0.305107775665584
200,0.00012308517116701905,0.6942079958576272,0.3056689189712058
201,0.00012249249213214895,0.6948441075825339,0.305033399925334
202,0.00012103326731648826,0.6974693414539882,0.3024096252786954
203,0.00012024094780541331,0.6998146878583392,0.3000650711938552
204,0.00011832949080382339,0.7002778114387558,0.29960385907044046
205,0.00011921496404449316,0.6989393480697457,0.30094143696620984
206,0.00011945283280548046,0.7054977320386261,0.2943828151285684
207,0.00011879505157656442,0.703649763397644,0.2962314415507794
208,0.00011796500338728907,0.700171881281059,0.2997101537155538
209,0.00011667286252612192,0.6929674190923293,0.3069159080451445
210,0.00011890410523785514,0.7135708811210257,0.2863102147737363
211,0.00011627671711425753,0.705301001731054,0.2945827215518318
212,0.00011380183139636736,0.7085518393611545,0.2913343588074492
213,0.0001140114134235039,0.7064149682478648,0.2934710203387117
214,0.00011618901780814169,0.7068454873020112,0.2930383236801806
215,0.0001153755011310157,0.7087229853798526,0.2911616391190165
216,0.00011647587558630824,0.7109816588692709,0.2889018652551428
217,0.00011553495730492971,0.714543497667446,0.28534096737524917
218,0.00011448708503226246,0.7149611572181118,0.28492435569685604
219,0.00011426582725285022,0.717332418839704,0.28255331533304306
220,0.00011294203149866986,0.7183366215576867,0.2815504364108146
221,0.037233986059986915,0.683212172484334,0.2795538414556791
222,0.0004816445802126035,0.6841514859788105,0.3153668694409768
223,0.0004803427242777912,0.6879991748209936,0.3115204824547286
224,0.0004794303483362604,0.6942310318268036,0.3052895378248601
225,0.00047492693888220156,0.6948591349143842,0.3046659381467335
226,0.00046575807671580887,0.6870307122580858,0.31250352966519845
227,0.005089262746977205,0.6803680091381725,0.3145427281148502
228,0.009655034778010798,0.6776781700539963,0.31266679516799306
229,0.0006964555220999261,0.67961530032649,0.3196882441514101
230,0.000714349680726908,0.684747608793155,0.3145380415261181
231,0.0007125752377828303,0.6774646120974696,0.3218228126647476
232,0.0007123591369890858,0.6816666761682888,0.31762096469472206
233,0.0007110897560998051,0.6859452574315804,0.31334365281231963
234,0.000697395078917363,0.683862941696112,0.3154396632249707
235,0.0007060016240895753,0.677090225904715,0.32220377247119536
236,0.0007142136813709399,0.6774975623485253,0.32178822397010365
237,0.0006871500879716645,0.6947017966878314,0.30461105322419696
238,0.0006808617466999082,0.6863734601634263,0.3129456780898737
239,0.0006884580408615977,0.6792344704299076,0.32007707152923087
240,0.0006613740823649009,0.676611363356242,0.3227272625613932
241,0.000671671149388386,0.6715309423892293,0.32779738646138235
242,0.000673049674956656,0.6667965626540505,0.3325303876709928
243,0.0006705608491790567,0.6654833760921658,0.33384606305865516
244,0.0006724111466013344,0.6635120482544746,0.33581554059892404
245,0.0006699023614577496,0.6661751239400712,0.3331549736984712
246,0.0006690309846698147,0.6661558744024599,0.33317509461287037
247,0.0006570924409032006,0.6698416431727937,0.32950126438630317
248,0.000658170355118906,0.6723336838908598,0.32700814575402126
249,0.0006543014970183033,0.6720866446522427,0.32725905385073906
250,0.0006563691088782802,0.6696267540281683,0.32971687686295353
251,0.0006554895838544613,0.6732240078846009,0.3261205025315447
252,0.0006546002870054301,0.6711382398937967,0.328207159819198
253,0.0006629005066640151,0.6766738595241363,0.32266323996919977
254,0.0006786955846821913,0.6752263875416084,0.32409491687370945
255,0.0006720547117487311,0.6684735586733576,0.3308543866148937
256,0.0006816031944467869,0.6611760224889317,0.33814237431662153
257,0.010791498492491777,0.6492494681302029,0.33995903337730543
258,0.015778434530979088,0.6513113974631652,0.3329101680058558
259,0.015762099141263745,0.6553358008538696,0.32890210000486675
260,0.010921529442666781,0.6513726366850371,0.33770583387229625
261,0.021369396666622305,0.6414791590094986,0.3371514443238791
262,0.02177090872574229,0.634146521124976,0.3440825701492817
263,0.021734819607891358,0.6358062996383799,0.3424588807537286
264,0.027233214579301532,0.6323639352355835,0.3404028501851149
265,0.027272710948268344,0.6316939645173679,0.34103332453436375
266,0.026947463166167827,0.6336082769055422,0.3394442599282899
267,0.027507770221098057,0.6314630501017332,0.34102917967716867
268,0.027364421489812912,0.6362659748298922,0.3363696036802948
269,0.027643075264600983,0.6414821293891437,0.3308747953462553
270,0.026958955503911353,0.6384552118489396,0.3345858326471491
271,0.026510483021793683,0.6440263965957536,0.3294631203824528
272,0.026300245263049405,0.6430677454939472,0.33063200924300346
273,0.020936507344042028,0.6513608667329179,0.3277026259230401
274,0.01611886615399063,0.6551204217733104,0.328760712072699
275,0.016185734629104005,0.6553165933899848,0.3284976719809112
276,0.0162166956252756,0.6516689385631064,0.332114365811618
277,0.016350883816428824,0.6637606771546379,0.3198884390289332
278,0.011645204874565565,0.6724597793443208,0.3158950157811136
279,0.011877355217696832,0.6724419630773524,0.3156806817049509
280,0.012022669469101395,0.6691031280889892,0.3188742024419094
281,0.0074082161326046204,0.6701248956627244,0.322466888204671
282,0.007284629526164013,0.6685196737561346,0.32419569671770126
283,0.007287488001546232,0.6668040217397525,0.3259084902587011
284,0.007262819866792353,0.667931889571498,0.3248052905617096
285,0.00726051771446948,0.6646862752111653,0.32805320707436525
286,0.007373507917359742,0.6612181760730389,0.3314083160096014
287,0.01232022218869085,0.658684680513857,0.3289950972974522
288,0.012162120209983775,0.6637812015877635,0.32405667820225265
289,0.011942294997051543,0.6671377459652769,0.3209199590376716
290,0.011921954578917173,0.6682665584174636,0.3198114870036193
291,0.011843679441961848,0.6685839520215152,0.3195723685365229
292,0.011719734750478814,0.6680015473957105,0.32027871785381073
293,0.011651727557435706,0.6704772323636548,0.3178710400789095
294,0.011731459477119855,0.6655038152700132,0.3227647252528669
295,0.011656265412181767,0.6650383061011463,0.32330542848667176
296,0.016545700618543907,0.6612343270833141,0.32221997229814203
297,0.01639300160034302,0.6605020065981744,0.32310499180148256
298,0.016184266784892105,0.6583573527134841,0.32545838050162373
299,0.016256901623575112,0.6547327207476765,0.3290103776287483
300,0.016414675712457583,0.6592444122630132,0.3243409120245293
301,0.016005718433658767,0.6628274221845696,0.32116685938177175
302,0.015895101440805373,0.6595453030348426,0.32455959552435215
303,0.010923619473475102,0.6640999988471444,0.3249763816793805
304,0.010772812130862492,0.6650733352240227,0.3241538526451149
305,0.010783020871467697,0.6588017357934054,0.3304152433351269
306,0.015594521701249628,0.6562254579275408,0.32818002037120964
307,0.015757277555848204,0.6566737883183627,0.3275689341257892
308,0.015609319441846741,0.6553100385664914,0.32908064199166187
309,0.015635612117935283,0.6535911611687732,0.3307732267132915
310,0.015431316900690238,0.6560786128264585,0.3284900702728512
311,0.01529823724587132,0.6559096879008269,0.3287920748533017
312,0.015187317359734161,0.6585683104643477,0.326244372175918
313,0.01521366791289368,0.659001427435196,0.32578490465191035
314,0.015186140053220706,0.6574891959549807,0.32732466399179855
315,0.015133639359188714,0.6547152545531129,0.33015110608769843
316,0.015143340944802377,0.6553513769930814,0.32950528206211616
317,0.014911254360185281,0.6559294272547371,0.3291593183850775
318,0.009686773944907722,0.6638714748050629,0.3264417512500294
319,0.009733231535131484,0.658268081362773,0.3319986871020955
320,0.009990611726668071,0.658367559995913,0.33164182827741895
321,0.005178036625825687,0.6594759177847416,0.3353460455894329
322,0.0050810957894070535,0.657960353041627,0.33695855116896595
323,0.005090292137970471,0.6583705822970946,0.3365391255649349
324,0.00516795360638941,0.6590522064819209,0.33577983991168964
325,0.005115798681862629,0.6660515701837784,0.32883263113435907
326,0.0003692680140009782,0.6715609717383885,0.3280697602476106
327,0.0003771234830716718,0.6724490347469814,0.32717384176994696
328,0.00038638321789935217,0.665627634762282,0.33398598201981866
329,0.0003879936381447476,0.6643216089376502,0.33529039742420497
330,0.00039894410991866107,0.6656999760602383,0.3339010798298429
331,0.000398288701663243,0.6649904196727536,0.33461129162558306
332,0.00039284151681561575,0.6652710093017558,0.33433614918142857
333,0.010319155883122183,0.6541505973858187,0.3355302467310591
334,0.015323677035298659,0.6497868472363569,0.3348894757283445
335,0.020338171181281568,0.6461932741701767,0.33346855464854175
336,0.019644674074280274,0.6434838703247644,0.33687145560095527
337,0.02060051001456088,0.6411919369432941,0.3382075530421449
338,0.02630203798898379,0.6408101979687997,0.33288776404221665
339,0.026758403793225232,0.646061823650861,0.3271797725559138
340,0.031451513905336306,0.6372810625862205,0.33126742350844324
341,0.0322723732774004,0.6377698056383543,0.3299578210842454
342,0.03216426061307761,0.6318643041032307,0.3359714352836916
343,0.03179232209439208,0.6388040475761677,0.3294036303294402
344,0.03195963251927717,0.6386274281720435,0.32941293930867926
345,0.03722306745454782,0.6339054468258208,0.32887148571963143
346,0.019384838221720477,0.6412056122613751,0.33940954951690444
347,0.030822858260254687,0.634888768165514,0.3342883735742313
348,0.0368007755169811,0.6297468096038883,0.3334524148791307
349,0.009454362876172774,0.6633736481969882,0.32717198892683896
350,0.0038307222285200093,0.6726853141269804,0.32348396364449955
351,0.00379385401915314,0.6698640121955185,0.32634213378532834
352,0.003662805273890705,0.683285544614586,0.3130516501115233
353,0.003614740465917747,0.6826867236314721,0.3136985359026102
354,0.003658151729981641,0.68422257715028,0.31211927111973836
355,0.0037225085082789743,0.6824756523355806,0.3138018391561404
356,0.003564721443718381,0.6973373865220757,0.2990978920342061
357,0.003633508195670678,0.6942340419913536,0.30213244981297577
358,0.003654691159547929,0.6927390832107139,0.30360622562973827
359,0.003643108343163537,0.6895350918912669,0.30682179976556956
360,0.003662194454578633,0.687579213166663,0.30875859237875825
361,0.0036737089909827285,0.6957248104577318,0.3006014805512855
362,0.0037590829670013206,0.698712192767406,0.2975287242655927
363,0.0038668881597593834,0.7015924669489664,0.29454064489127413
364,0.0038780165474668416,0.7075788561919377,0.28854312726059544
365,0.0038149148337852283,0.7021720264791153,0.29401305868709954
366,0.003864953387871461,0.7004816533135015,0.2956533932986269
367,0.003841237943548379,0.6883703676372728,0.3077883944191788
368,0.0037171597655662088,0.6906215190651374,0.3056613211692965
369,0.0037251623358499266,0.6874007262953788,0.30887411136877124
370,0.0036279664213332897,0.6913557727020145,0.30501626087665207
371,0.003530706819866955,0.6860939686444646,0.3103753245356684
372,0.0035556168012483946,0.6871972181254525,0.30924716507329897
373,0.0036492544332479278,0.6860573383937287,0.31029340717302334
374,0.0036388201906984957,0.6858912882318349,0.3104698915774665
375,0.003588197108204058,0.6899384186056489,0.306473384286147
376,0.003531042773741124,0.6881284170996468,0.3083405401266122
377,0.0034967260952936522,0.6849479130856002,0.3115553608191062
378,0.0034689530328793844,0.6856171888746787,0.310913858092442
379,0.003443693502970483,0.6838024400380623,0.3127538664589671
380,0.00341655581641938,0.6874465332111289,0.30913691097245166
381,0.003422630447351169,0.6850437934742555,0.31153357607839344
382,0.003469524165688204,0.6828349529296315,0.31369552290468034
383,0.0034752342320831736,0.6862591545892563,0.3102656111786604
384,0.00337941631526893,0.6940736734905895,0.30254691019414165
385,0.003324735023254971,0.6975285977347092,0.2991466672420359
386,0.0033693567129388156,0.6979011518638617,0.29872949142319954
387,0.0033202744342976866,0.6929695950347023,0.3037101305309999
388,0.0032890076790208418,0.6916824175714522,0.305028574749527
389,0.003261905387087597,0.6928661442958788,0.30387195031703357
390,0.0032843958714157207,0.697985940302892,0.29872966382569227
391,0.0032903121481632253,0.6984776982835267,0.29823198956831004
392,0.0033767677910680233,0.6935161899668755,0.3031070422420564
393,0.0033195034654039915,0.6955787165795705,0.3011017799550256
394,0.0032816674283319,0.7059110394520873,0.2908072931195807
395,0.03742534949815363,0.6766980108005377,0.2858766397013088
396,0.012933735419215227,0.6796052599568517,0.307461004623933
397,0.003926887085516955,0.6915622741520748,0.3045108387624081
398,0.003909880666978467,0.6930651354710261,0.3030249838619955
399,0.00393886127056594,0.6934413119327364,0.3026198267966976
400,0.003947859919215334,0.6916864560464926,0.3043656840342921
401,0.0039113491957235135,0.6868486063914894,0.3092400444127871
402,0.003946212365735007,0.6851957263365367,0.31085806129772836
403,0.0039195531817306384,0.6856473884485403,0.31043305836972895
404,0.003964061240606381,0.683644811297059,0.31239112746233455
405,0.003934904679142142,0.6850047547303941,0.31106034059046367
406,0.003871745860112682,0.684724479366724,0.31140377477316333
407,0.0038417890451905843,0.6884773193809074,0.3076808915739021
408,0.0038433522740926296,0.6928674561297944,0.30328919159611295
409,0.0038250172967860137,0.695313443661243,0.300861539041971
410,0.0038411896737393335,0.6902495727845046,0.3059092375417561
411,0.0039003829802369515,0.6894351370159146,0.30666448000384844
412,0.0039270778046564545,0.6898270107627236,0.30624591143261987
413,0.003921667712743845,0.6903380952151239,0.3057402370721322
414,0.003889078278545368,0.6941164086312774,0.3019945130901771
415,0.004004686338778906,0.6901579589927116,0.3058373546685095
416,0.0040253629402951544,0.6927299305710166,0.3032447064886882
417,0.004071748500670794,0.6915818275021279,0.3043464239972013
418,0.004074385099070726,0.6893361444735518,0.30658947042737744
419,0.004020750410183606,0.6894735489894925,0.30650570060032367
420,0.004094470230391703,0.6887670991353937,0.30713843063421464
421,0.004115420221853316,0.6920112667538038,0.30387331302434295
422,0.004017254647097425,0.6894859659802091,0.3064967793726935
423,0.004014630691123753,0.6883591129670548,0.3076262563418213
424,0.00396795198725333,0.6899477117200331,0.3060843362927135
425,0.003981087564291193,0.6960245316142724,0.2999943808214365
426,0.00418120802324276,0.6914210499823874,0.30439774199436986
427,0.004189022672192356,0.6895911660712197,0.3062198112565879
428,0.004204167070865024,0.6859535518604097,0.3098422810687252
429,0.004203334114029064,0.6866894087575895,0.30910725712838144
430,0.004189842482445933,0.6877846041149901,0.30802555340256393
431,0.004240877383987346,0.68647365754331,0.30928546507270266
432,0.004306960332855156,0.68816845036859,0.3075245892985548
433,0.00433106509764568,0.6837393429398128,0.3119295919625416
434,0.004472193136753097,0.6759186113086783,0.3196091955545686
435,0.004398510568785525,0.6845946669281515,0.3110068225030629
436,0.004405686723828259,0.6828562502886473,0.3127380629875246
437,0.0043192789989592514,0.683446324446746,0.3122343965542947
438,0.004397897737572966,0.6826181666514424,0.31298393561098464
439,0.004439728135529033,0.6794571040891837,0.3161031677752873
440,0.009254522014702803,0.6749981434294091,0.31574733455588794
441,0.009115803746071958,0.6765711132915302,0.314313082962398
442,0.009192627926171391,0.6741187819629333,0.31668859011089534
443,0.00915889145539583,0.67467915339135,0.31616195515325435
444,0.014340392392607471,0.6718195049647979,0.31384010264259454
445,0.014434120475397303,0.6735527528938816,0.3120131266307211
446,0.014337712283932274,0.6772465733485247,0.308415714367543
447,0.009529775747238359,0.6738035058394826,0.31666671841327904
448,0.00946734324052588,0.6716999842542343,0.3188326725052399
449,0.014690525315991632,0.663149044644395,0.32216043003961337
450,0.014405861706360818,0.663915726553574,0.32167841174006506
451,0.014172792215977531,0.6659797240692837,0.31984748371473876
452,0.014307657496968548,0.6697031898607995,0.31598915264223193
453,0.014489277604253833,0.6684073921196748,0.3171033302760714
454,0.014108943736727076,0.6698576703065838,0.31603338595668923
455,0.013634665662147723,0.6727772489918572,0.313588085345995
456,0.008681681834525362,0.6738458508307954,0.31747246733467926
457,0.008631728445751488,0.6704922247459835,0.3208760468082649
458,0.008694494525644275,0.6714327733579634,0.3198727321163923
459,0.008465779706043718,0.6726378961586031,0.31889632413535296
460,0.008581183343926916,0.669301956545785,0.3221168601102882
461,0.008502502352544537,0.661128649246155,0.3303688484013006
462,0.013920137769536624,0.6530201201245737,0.3330597421058897
463,0.013882996246333467,0.6550223162631583,0.3310946874905083
464,0.013856891936151756,0.6539520039991963,0.3321911040646519
465,0.008757130778782566,0.6588975825391944,0.332345286682023
466,0.008677839898236075,0.6585582103377922,0.3327639497639718
467,0.008690258863205257,0.6557665725117792,0.33554316862501554
468,0.0033497073002787337,0.6645474745433342,0.3321028181563871
469,0.003343144532464592,0.6662700423213244,0.33038681314621104
470,0.0033747281585162995,0.6650099453708356,0.3316153264706482
471,0.003308929667494606,0.6735237144584841,0.32316735587402123
472,0.0033176870783503554,0.6722790755556681,0.3244032373659814
473,0.003312031860603813,0.6675604944271402,0.32912747371225615
474,0.0033091988094062362,0.6699961173138064,0.3266946838767874
475,0.003297112868449102,0.6671667279100708,0.32953615922148005
476,0.0032633406440286737,0.6711583136345028,0.3255783457214685
477,0.0032598095219390968,0.6736332668341005,0.3231069236439604
478,0.0032564505728955263,0.6718941128542726,0.3248494365728318
479,0.0032735865945745183,0.6719618503944057,0.3247645630110199
480,0.00328213922037857,0.6712303244267631,0.3254875363528583
481,0.0032150068171670023,0.6702915548174824,0.32649343836535055
482,0.003348445691457089,0.6522961533024428,0.3443554010061
483,0.003353884262986991,0.6412574204671986,0.3553886952698144
484,0.00884619473034954,0.6359034063278157,0.3552503989418347
485,0.008992471936248872,0.6364971754896337,0.3545103525741175
486,0.014451807453023307,0.6328406866317807,0.35270750591519595
487,0.019990807953973264,0.6323628615221857,0.34764633052384114
488,0.014650963492136508,0.6377900540505628,0.34755898245730066
489,0.014560143327801083,0.6399514493537531,0.34548840731844577
490,0.014516744590228139,0.6387243396079413,0.34675891580183044
491,0.014620944707395939,0.6371421183215583,0.3482369369710458
492,0.020616222572620288,0.6287131840202332,0.35067059340714646
493,0.026291554349738445,0.6280086524271759,0.34569979322308575
494,0.026554617789293775,0.6304159817814257,0.3430294004292806
495,0.026529951931145095,0.6287180336527648,0.34475201441609005
496,0.026437847565943324,0.6323378058171278,0.34122434661692896
497,0.02649194002287954,0.629037672349813,0.34447038762730753
498,0.026322891751484893,0.6303922028869691,0.34328490536154593
499,0.026672916978353115,0.6330449373634579,0.3402821456581889
500,0.026894769214623436,0.6306394079357027,0.3424658228496738
501,0.02675828206760232,0.6323422905417813,0.3408994273906165
