,0,1,2
0,0.10832271595003164,0.5684811843545061,0.32319609969546237
1,0.1092803505621869,0.5668538164496348,0.3238658329881782
2,0.11088970341646297,0.5664452915769405,0.32266500500659656
3,0.07817100937732033,0.5835401904306404,0.3382888001920393
4,0.0845212685466093,0.5767069622551811,0.33877176919820956
5,0.08546875311884937,0.5738238457327507,0.34070740114839987
6,0.09291803263638469,0.5718850340627409,0.33519693330087436
7,0.09303543284871697,0.5769312660632979,0.3300333010879852
8,0.09394893441206906,0.575292757436095,0.3307583081518359
9,0.09447993536464798,0.5782409666257854,0.3272790980095666
10,0.09447906686190019,0.5659575471585266,0.3395633859795731
11,0.09266155457003875,0.5657652880984242,0.341573157331537
12,0.09325895021319644,0.5717768495042783,0.3349642002825252
13,0.09202169106978536,0.5634135749583133,0.34456473397190124
14,0.09124303364473631,0.557998576062428,0.3507583902928357
15,0.09116044490511777,0.5622692039342592,0.3465703511606232
16,0.09451723220238194,0.5692529548147702,0.33622981298284793
17,0.0950098063327206,0.5732953350622244,0.33169485860505504
18,0.09625710015933499,0.5732900443260962,0.33045285551456877
19,0.096141644523956,0.5694991625155184,0.3343591929605257
20,0.09462255456865497,0.5685919601940702,0.3367854852372748
21,0.0953971791702075,0.5726502469070883,0.3319525739227042
22,0.09531969400203706,0.5732161097386279,0.3314641962593351
23,0.09565815766952039,0.5741522381005011,0.33018960422997845
24,0.09379164853784007,0.5703353427399684,0.3358730087221916
25,0.0877109866451224,0.5787933017696429,0.3334957115852346
26,0.08964096071431715,0.585869635949939,0.32448940333574383
27,0.09028512061632742,0.583584399854416,0.3261304795292565
28,0.09043173902382913,0.58544487103674,0.32412338993943085
29,0.08383117142638633,0.5912925943320785,0.3248762342415352
30,0.08273612709466895,0.5902288173866007,0.3270350555187302
31,0.08361517991492841,0.5946339483701197,0.3217508717149519
32,0.07717620992683834,0.5955584962076867,0.3272652938654749
33,0.07796949099128524,0.5939465142504137,0.328083994758301
34,0.07934729308372436,0.5905310617678298,0.33012164514844583
35,0.08627059266707618,0.5856040921800939,0.32812531515283
36,0.08807439309348661,0.5859158374918486,0.32600976941466486
37,0.09570027376151735,0.5832862149143184,0.32101351132416406
38,0.09519427401058457,0.5815518785716811,0.32325384741773416
39,0.09616998003669082,0.5816510718755888,0.32217894808772035
40,0.09797829517828034,0.5843972812451739,0.3176244235765458
41,0.09823572645995378,0.5771053805888801,0.32465889295116623
42,0.10493980689112915,0.5691840528650717,0.32587614024379913
43,0.10712612169976826,0.5702389938341728,0.3226348844660589
44,0.10515542749781831,0.5729777467042747,0.32186682579790704
45,0.10452984310046352,0.5785919081497458,0.3168782487497908
46,0.1031698423567196,0.57956397266595,0.31726618497733033
47,0.10291103005960471,0.5824901071735022,0.31459886276689303
48,0.10235606784284433,0.5782467239317409,0.31939720822541473
49,0.10309514553758728,0.57667729102888,0.32022756343353276
50,0.10277658763954081,0.578303463486292,0.31891994887416714
51,0.1047312552050038,0.5781851303915585,0.3170836144034377
52,0.1031678417139156,0.580011222917094,0.3168209353689904
53,0.10124213724885948,0.5788411217626884,0.3199167409884522
54,0.10093989778392981,0.5872064121199089,0.3118536900961614
55,0.09474982449235701,0.5887243298707158,0.31652584563692737
56,0.09291946995312748,0.5915273773254313,0.3155531527214412
57,0.09132197216656239,0.5908919947391792,0.31778603309425835
58,0.08384284295014983,0.5952021966533572,0.3209549603964929
59,0.08504528085683254,0.5928891727273503,0.3220655464158172
60,0.08430318637333895,0.5923031612901308,0.32339365233653034
61,0.08338118399805843,0.589913831098196,0.3267049849037458
62,0.08249704916292512,0.5933276436879423,0.32417530714913256
63,0.08261466589059233,0.593020816602888,0.3243645175065197
64,0.08337979271647768,0.5963358212746054,0.32028438600891695
65,0.08322659201488156,0.5992381185158441,0.31753528946927434
66,0.06938354043254928,0.6026095821731259,0.32800687739432477
67,0.06922533260790767,0.6038840435067621,0.3268906238853302
68,0.06895952671807055,0.6022249064606479,0.32881556682128155
69,0.06875352016477568,0.5970719946680109,0.3341744851672133
70,0.06785242414025709,0.5983813598584586,0.3337662160012844
71,0.06778266147086592,0.6008781674031213,0.3313391711260128
72,0.06791417743211021,0.6001439364014755,0.33194188616641435
73,0.06716400270244677,0.5970159794030152,0.3358200178945379
74,0.06687071639466033,0.5981826492910531,0.33494663431428656
75,0.06731907214197733,0.5976377831995547,0.3350431446584679
76,0.06673025620708997,0.5956337343952925,0.3376360093976174
77,0.06723296242652248,0.5924682539589012,0.34029878361457633
78,0.06731229185221832,0.5958875018556558,0.3368002062921259
79,0.06730981494272345,0.5948676717619367,0.3378225132953399
80,0.0668845827261768,0.5974271100560098,0.3356883072178135
81,0.06691010683573953,0.5953351119681736,0.33775478119608693
82,0.06610876049251632,0.5996343738825101,0.3342568656249736
83,0.0608838543940648,0.6078022879664413,0.3313138576394939
84,0.061097473496399775,0.6054004356963177,0.33350209080728244
85,0.05984661070855747,0.6093394878647838,0.3308139014266587
86,0.05959561423974278,0.609256956957431,0.33114742880282627
87,0.06019183021767976,0.6108049366005943,0.3290032331817259
88,0.060696553501841714,0.6105985868161995,0.32870485968195884
89,0.06085497540924422,0.6025119879037241,0.3366330366870319
90,0.059933179332833555,0.6050714585849938,0.3349953620821727
91,0.05961479145518327,0.6096116430115794,0.33077356553323717
92,0.0597420887637749,0.6101822963083967,0.3300756149278283
93,0.059969581538113804,0.6106713182804807,0.3293591001814054
94,0.06028953059838078,0.6088775860765527,0.3308328833250665
95,0.059482084812145126,0.6069254467418163,0.33359246844603857
96,0.059932853550885484,0.6069653333024683,0.3331018131466463
97,0.05963728606060356,0.608302884647799,0.33205982929159755
98,0.05950990096975063,0.6100587546690562,0.3304313443611931
99,0.059373444778899796,0.6090389326062569,0.3315876226148434
100,0.059310853608661986,0.6113630057487142,0.3293261406426238
101,0.059920899908706804,0.6029391529171281,0.33713994717416507
102,0.06014012077869248,0.6050810572601766,0.33477882196113096
103,0.060066181616088156,0.6081079232435301,0.3318258951403817
104,0.05959996167414349,0.6085880681684374,0.3318119701574191
105,0.05915583143267443,0.6097965182914407,0.33104765027588495
106,0.0664061243656055,0.6010765088310611,0.3325173668033335
107,0.06655775223996266,0.6013403967567216,0.33210185100331574
108,0.06617033946005826,0.5982495380441297,0.33558012249581204
109,0.0655164837296915,0.5970928069443877,0.3373907093259208
110,0.06691635397412835,0.6079718106907913,0.32511183533508026
111,0.06669563527071704,0.6090294462196915,0.3242749185095915
112,0.06664838571843185,0.6088358813711201,0.32451573291044816
113,0.06703213386369758,0.6051638821042455,0.3278039840320569
114,0.06646342134731704,0.6084746473262084,0.32506193132647454
115,0.06665503989522058,0.6040909561790767,0.3292540039257027
116,0.06578709554826444,0.6054918661914559,0.32872103826027976
117,0.06519764097067073,0.6084129550525217,0.32638940397680755
118,0.06520887938505364,0.6081920121616816,0.3265991084532648
119,0.06494962404413542,0.605928519864968,0.32912185609089667
120,0.0645336503050233,0.6057946230909612,0.3296717266040154
121,0.064631556035849,0.6098356381714267,0.3255328057927242
122,0.06463155721097667,0.6132959322090479,0.3220725105799754
123,0.06508491467003298,0.6127660235309091,0.3221490617990578
124,0.0652275493867505,0.6123395225183008,0.32243292809494867
125,0.058179038595394125,0.6160079613436179,0.3258130000609879
126,0.05824072415899162,0.6165374134041423,0.3252218624368662
127,0.08381540222465297,0.5904735737083436,0.3257110240670035
128,0.08374606176545883,0.5935861285393048,0.32266780969523645
129,0.08291464237505557,0.5952278060116031,0.3218575516133413
130,0.08373989335085912,0.5946066077342278,0.3216534989149132
131,0.07755674754849778,0.5954441958798617,0.3269990565716404
132,0.07746491603661636,0.5989616546988598,0.3235734292645239
133,0.07721640856792653,0.5997636103276976,0.32301998110437585
134,0.07158963237070295,0.6029671605599304,0.3254432070693665
135,0.07142144508489087,0.6070915873349553,0.32148696758015377
136,0.07072109789341328,0.6041721827377281,0.3251067193688586
137,0.07086797892766586,0.6036379787790243,0.32549404229330997
138,0.07075892241420165,0.6063833205975532,0.3228577569882452
139,0.06996507403253077,0.6080381864406047,0.3219967395268644
140,0.0644161640687552,0.6128793157835373,0.32270452014770745
141,0.058497030735999336,0.6159906587836701,0.32551231048033064
142,0.05826145805829411,0.6104449132613344,0.33129362868037165
143,0.058154825012427296,0.6137437167423844,0.3281014582451883
144,0.0577967364146956,0.6163327578398341,0.32587050574547044
145,0.05759107282079764,0.6129963008345146,0.32941262634468765
146,0.057213098847430185,0.6177048511598455,0.32508204999272433
147,0.05736146688940439,0.619264007151868,0.3233745259587275
148,0.05680224239791587,0.6247148237904382,0.318482933811646
149,0.057236391560623046,0.6244331365918531,0.318330471847524
150,0.08591334573458735,0.5930814411001224,0.3210052131652903
151,0.08046902975161545,0.5987777378109999,0.32075323243738474
152,0.08058349793453821,0.601348419900854,0.31806808216460786
153,0.08046805377488962,0.6019195293443098,0.3176124168808005
154,0.08000337788129312,0.6017492590887374,0.31824736302996925
155,0.07928782097721451,0.603078935764459,0.3176332432583263
156,0.07877759861422882,0.5985100694484653,0.32271233193730586
157,0.07980614163890769,0.598107619691368,0.32208623866972436
158,0.07896432091841764,0.6024751656014509,0.31856051348013165
159,0.0783422312720254,0.603952623661168,0.3177051450668066
160,0.0785519647145934,0.6002129220223069,0.3212351132630996
161,0.07887536823231234,0.5985242527460943,0.32260037902159344
162,0.0788597817251645,0.5976642317156017,0.3234759865592339
163,0.07926782424621028,0.5982004595770599,0.3225317161767298
164,0.078979865268086,0.5973936859069642,0.3236264488249499
165,0.07827557811904147,0.5994157428529786,0.3223086790279798
166,0.07817502372475399,0.5980679929161359,0.3237569833591101
167,0.07789164896669917,0.597247568188719,0.32486078284458175
168,0.077375919491564,0.599076322578702,0.32354775792973395
169,0.07184164279807113,0.6027707750381164,0.3253875821638125
170,0.07255180687812712,0.6048469889812695,0.3226012041406034
171,0.06655474656644249,0.6096655657047628,0.32377968772879473
172,0.06693461568842181,0.613461283721894,0.3196041005896842
173,0.06200224979053927,0.6173297166565761,0.3206680335528846
174,0.062083114134101614,0.6108260880706222,0.3270907977952761
175,0.06224552261346504,0.6107585725558212,0.3269959048307138
176,0.06733820069599772,0.6086620699828525,0.3239997293211497
177,0.06664066275274395,0.6057301480961146,0.3276291891511416
178,0.0724527864923937,0.6012552846495708,0.3262919288580356
179,0.07328051789418441,0.5970472599630651,0.32967222214275044
180,0.07313898780614331,0.5971753621336882,0.3296856500601685
181,0.06429755077835525,0.6145213326492045,0.3211811165724402
182,0.06420199617650639,0.6142185646631658,0.32157943916032766
183,0.057827536009419665,0.6240956456602933,0.31807681833028717
184,0.05831708878689965,0.6197046121121046,0.3219782991009957
185,0.059535846722460234,0.6145095745168896,0.3259545787606501
186,0.0591777254975291,0.6168755623864149,0.3239467121160559
187,0.05934464225721822,0.6152745547700496,0.3253808029727322
188,0.05958854979560886,0.616400940897936,0.32401050930645525
189,0.060819420141669335,0.6176405621375459,0.32154001772078467
190,0.09661892232552385,0.5878274037088564,0.3155536739656196
191,0.09599969214360633,0.5881174398951532,0.31588286796124043
192,0.09038965674099253,0.5904912331350519,0.3191191101239554
193,0.09040442495436936,0.5892575405795993,0.3203380344660313
194,0.09113849513809137,0.5912156628681724,0.3176458419937362
195,0.09168181206503807,0.5909973912192787,0.31732079671568314
196,0.09193616554806355,0.59055486634211,0.3175089681098264
197,0.09059345857155135,0.5889345895879177,0.32047195184053107
198,0.09048586650945158,0.5904933236118757,0.3190208098786729
199,0.08466887692601816,0.5983586020093643,0.3169725210646177
200,0.08374656720308453,0.5984130251598656,0.31784040763705
201,0.08338631746821488,0.5992704308541299,0.31734325167765526
202,0.07741962518101184,0.6024134207548106,0.32016695406417744
203,0.07698697733891208,0.6050219632014161,0.31799105945967177
204,0.07586267294538554,0.6062178501952369,0.3179194768593776
205,0.07636710314053359,0.6045583786866706,0.31907451817279575
206,0.07163594348079036,0.6109206748003561,0.3174433817188535
207,0.0712415619616212,0.609321212196063,0.3194372258423158
208,0.07072667980049845,0.606162996651251,0.3231103235482506
209,0.07507376090201229,0.5994723514043244,0.32545388769366335
210,0.06221821985715966,0.61889953121905,0.31888224892379036
211,0.06080290075912528,0.6113196280836111,0.32787747115726357
212,0.0596334976630534,0.6154247580099966,0.3249417443269499
213,0.0597052919703889,0.6131781799048271,0.32711652812478387
214,0.06078294271430378,0.6129194927761888,0.3262975645095073
215,0.060410960548886346,0.6150932500702577,0.3244957893808559
216,0.06098602521073708,0.6170424529583415,0.3219715218309214
217,0.055756040654575595,0.6209843876618738,0.3232595716835506
218,0.05528433071665902,0.6217295344802097,0.3229861348031311
219,0.08855488802286478,0.5861324468774375,0.3253126650996978
220,0.08764816447867806,0.5877523483800576,0.3245994871412643
221,0.0879946179641527,0.5895938958567732,0.322411486179074
222,0.08764439389813238,0.590684047079429,0.32167155902243866
223,0.08280905439854436,0.5945043588575699,0.3226865867438858
224,0.07817013684905649,0.6006260667049285,0.3212037964460151
225,0.07750150616601482,0.6016790817356134,0.32081941209837184
226,0.08070090792296467,0.5949133694207627,0.3243857226562727
227,0.08995103592691082,0.5886187286684794,0.32143023540460963
228,0.09312945634550494,0.5870222238006014,0.31984831985389356
229,0.08627465628010217,0.5873296299936699,0.32639571372622783
230,0.08366210840598999,0.5909413646838084,0.3253965269102017
231,0.08336732571294092,0.5840468345375804,0.33258583974947864
232,0.08340418166383831,0.5881076197153406,0.328488198620821
233,0.08332896786105765,0.5923207598682798,0.3243502722706626
234,0.08182507152822756,0.591251834683259,0.3269230937885134
235,0.08265595472918358,0.5841318773766202,0.3332121678941962
236,0.08354361321028379,0.5839675867987882,0.3324887999909279
237,0.07172960309207613,0.6024626796006175,0.3258077173073064
238,0.07568846813178981,0.5946243247809628,0.3296872070872473
239,0.08115112124337416,0.5871639236016316,0.33168495515499413
240,0.08300690163035508,0.5864879489474584,0.3305051494221865
241,0.08412419468152119,0.580875458340554,0.33500034697792486
242,0.08918685086866084,0.5762532788921187,0.33455987023922035
243,0.08886958013312173,0.5751994903215977,0.33593092954528053
244,0.08906820774602907,0.5731957598394151,0.33773603241455585
245,0.08879871830035799,0.5759038031119107,0.3352974785877313
246,0.08869313759353148,0.575951608634559,0.3353552537719094
247,0.08729323169675945,0.5803534770768127,0.3323532912264278
248,0.0874550043207122,0.5826363346565269,0.329908661022761
249,0.08698224497534386,0.5826990504824475,0.33031870454220863
250,0.08720278900035121,0.5802048906933867,0.33259232030626207
251,0.08714063771721975,0.5836881555437513,0.329171206739029
252,0.08700678975781491,0.5817753079867514,0.33121790225543374
253,0.07842133800066933,0.5863938297485254,0.3351848322508052
254,0.08012152973470414,0.5839124160627169,0.3359660542025789
255,0.0842470312869694,0.5778512107221412,0.3379017579908896
256,0.09028094360136524,0.5702132579822624,0.33950579841637224
257,0.10173504183185565,0.5582415743007922,0.3400233838673521
258,0.10148400876266891,0.5603311075249867,0.33818488371234445
259,0.10145141900724221,0.5641964103069049,0.33435217068585293
260,0.10241774479778211,0.5599078448315592,0.33767441037065865
261,0.10868163124133051,0.550035712664352,0.3412826560943175
262,0.08077039866173252,0.5772770961581928,0.3419525051800748
263,0.08065559038294681,0.5789249999837839,0.34041940963326917
264,0.08136839866584862,0.5752955019262277,0.3433360994079238
265,0.08688912175332404,0.5746030165661399,0.3385078616805362
266,0.08592785051156597,0.5768474526821435,0.3372246968062905
267,0.08759116847128672,0.5740859936182017,0.33832283791051165
268,0.08719684394320712,0.578864971983979,0.33393818407281395
269,0.08281748818981496,0.5835064404258107,0.3336760713843744
270,0.08085363867397544,0.5813696252528727,0.33777673607315184
271,0.07962354774642766,0.5872904587418986,0.33308599351167373
272,0.07901769788199214,0.5866062620901287,0.3343760400278793
273,0.0729282681891153,0.5950819200972954,0.3319898117135893
274,0.07338805690220124,0.5985469201904056,0.3280650229073932
275,0.07367620752815866,0.5985937452876494,0.32773004718419185
276,0.0737863519942441,0.5950135526571261,0.33120009534862976
277,0.06949823179627279,0.6063822317252581,0.32411953647846914
278,0.0646446682199916,0.6149148176771015,0.3204405141029069
279,0.0658638909975658,0.614250492184387,0.31988561681804717
280,0.06660363780712733,0.6105948971098465,0.3228014650830261
281,0.06709368854777799,0.6113342022666951,0.321572109185527
282,0.06603117143690625,0.6103945425886997,0.323574285974394
283,0.06604592427397749,0.6087252228056247,0.32522885292039777
284,0.06097769834442966,0.6099346826749675,0.32908761898060274
285,0.060939623824083126,0.606784232345331,0.3322761438305859
286,0.06677002546489534,0.6029064115241386,0.33032356301096605
287,0.07237623133893428,0.6001075366635115,0.32751623199755425
288,0.07153341041537802,0.6054784368702233,0.3229881527143988
289,0.0703359613375906,0.6093674314304367,0.32029660723197284
290,0.07022986191196215,0.6105175785762782,0.3192525595117597
291,0.06979736427834324,0.6110579791261486,0.31914465659550834
292,0.06910544543188682,0.6108661349618111,0.32002841960630196
293,0.06390336657139364,0.6134630980847265,0.32263353534387973
294,0.06428576615924438,0.6083931569207837,0.3273210769199719
295,0.06389220175461457,0.6081435144123613,0.3279642838330242
296,0.06908670214326482,0.6043067072955333,0.32660659056120206
297,0.06847716820296616,0.6038849070043364,0.32763792479269743
298,0.06763542569472596,0.6021928743094797,0.3301716999957945
299,0.06789880595169873,0.5985233912190494,0.3335778028292519
300,0.06855440608405297,0.6026182027692367,0.32882739114671033
301,0.06695695797218255,0.606895241316741,0.32614780071107663
302,0.06649571188867456,0.6039037005216643,0.32960058758966115
303,0.06588024632777463,0.6086641939784133,0.3254555596938119
304,0.06008196102295932,0.6100694546536515,0.3298485843233891
305,0.06009830602911737,0.6039086521191516,0.335993041851731
306,0.06454023361788529,0.6017120857912612,0.33374768059085347
307,0.0651836282435466,0.6018443848569953,0.3329719868994581
308,0.06459257739551165,0.6007899410515741,0.3346174815529142
309,0.06468494903211108,0.5990619124817355,0.33625313848615357
310,0.06389640132188318,0.6018752373513325,0.3342283613267843
311,0.0633706266876163,0.6019602888118548,0.3346690845005288
312,0.0629497311548971,0.6047708174999759,0.3322794513451271
313,0.06305649271992377,0.6051449595842148,0.3317985476958615
314,0.06293827853409088,0.6037168064926328,0.3333449149732764
315,0.06271355721438866,0.6011013467024608,0.3361850960831506
316,0.06275585604142031,0.6017054705932019,0.33553867336537774
317,0.06184250590316279,0.6027083412026701,0.33544915289416716
318,0.0603198582175255,0.6112513225513498,0.3284288192311248
319,0.06056549554182354,0.6056555119169772,0.3337789925411993
320,0.062084216061152074,0.6049398588606788,0.33297592507816914
321,0.05748241026682169,0.605782536939313,0.33673505279386523
322,0.056454188627523584,0.6049040180197017,0.33864179335277456
323,0.056553096780486825,0.6052461806343123,0.3382007225852008
324,0.05737423789397014,0.6054330132147616,0.3371927488912684
325,0.05685921581629646,0.6125523822559188,0.3305884019277848
326,0.05163034223239216,0.6181394941473435,0.3302301636202644
327,0.09002772755027544,0.5809775072198661,0.32899476522985854
328,0.09194702998754384,0.5732684319775752,0.33478453803488095
329,0.09227803400770249,0.5718199992391926,0.3359019667531049
330,0.09465535078315696,0.571635097301591,0.3337095519152521
331,0.09450504288173343,0.5710572082771184,0.33443774884114824
332,0.09333636163784356,0.5720570200320441,0.3346066183301124
333,0.10663272887572836,0.5595749207405677,0.333792350383704
334,0.11155654492636258,0.5555827654381056,0.3328606896355318
335,0.11110854847648384,0.5524415036153978,0.3364499479081184
336,0.11285863902086271,0.551598841815189,0.33554251916394817
337,0.08266570840228485,0.5820893786099761,0.33524491298773906
338,0.08476195727891915,0.5807439132419101,0.33449412947917073
339,0.08619003556546735,0.5852138716828469,0.3285960927516858
340,0.08987878002861557,0.5774033228557753,0.33271789711560895
341,0.09208887446468804,0.5769960853938079,0.330915040141504
342,0.09174553106654898,0.5714362928212459,0.33681817611220516
343,0.09080894814431925,0.5785044531341406,0.33068659872154005
344,0.09125697231132644,0.5781552815745404,0.33058774611413316
345,0.09660578129690243,0.5735863769642683,0.3298078417388292
346,0.11629867978540402,0.5462369721126143,0.3374643481019816
347,0.09571751239985661,0.5725267021071235,0.3317557854930199
348,0.10211178937630337,0.5673525379941424,0.3305356726295543
349,0.09945238603847047,0.5698929467803866,0.330654667181143
350,0.09351185742862846,0.5789713107506168,0.3275168318207548
351,0.0926521188833808,0.5767936387722382,0.330554242344381
352,0.089910750983387,0.5913697469113995,0.3187195021052136
353,0.08882323891641773,0.5914663174893801,0.31971044359420214
354,0.08981920064035374,0.5923302974434241,0.31785050191622216
355,0.09123684149032744,0.5897674251313628,0.3189957333783097
356,0.11690362068657191,0.5719790947488472,0.3111172845645809
357,0.11881881653369436,0.5678058029639734,0.31337538050233227
358,0.11939229121028602,0.5660178629203854,0.3145898458693285
359,0.11897397080083197,0.5632109445393049,0.3178150846598631
360,0.1194739823824395,0.5610344386678937,0.3194915789496668
361,0.11477369949334057,0.5684873284667596,0.3167389720398998
362,0.1120393378920845,0.5698623977630336,0.3180982643448819
363,0.1098627221485042,0.5708599556485883,0.31927732220290744
364,0.11032387317670835,0.5764884454689118,0.3131876813543799
365,0.10855728988789798,0.5722339064068037,0.31920880370529825
366,0.10978059288962451,0.5698151528685534,0.32040425424182206
367,0.11947452217932736,0.5584969134307751,0.32202856438989746
368,0.11610972944746564,0.5627195582000483,0.32117071235248595
369,0.11624328461976437,0.5595348930933425,0.32422182228689317
370,0.1136493443126251,0.5649366982135402,0.32141395747383483
371,0.11079085760440721,0.5615913209856153,0.3276178214099776
372,0.11151743844468907,0.5622167061042092,0.3262658554511018
373,0.11949454701600624,0.5595450277672204,0.3209604252167733
374,0.11918798499948705,0.5595744188643605,0.3212375961361524
375,0.1178233999306742,0.564282096861799,0.3178945032075268
376,0.11611157823290096,0.5636022606703323,0.3202861610967669
377,0.11502846337333181,0.5612184425666206,0.32375309406004754
378,0.1087975447034285,0.5623470861082095,0.328855369188362
379,0.10804146433425518,0.5610462889088879,0.3309122467568571
380,0.10737134634438443,0.5649901574405333,0.32763849621508223
381,0.10748096723977651,0.5625899502272509,0.32992908253297254
382,0.10874172062159479,0.5596855634423478,0.33157271593605747
383,0.10899041391299119,0.5628523046203322,0.32815728146667666
384,0.10118111599268508,0.5719839778043673,0.32683490620294764
385,0.09978973738975429,0.5762505890410368,0.3239596735692089
386,0.10100829381875108,0.57587003579418,0.323121670387069
387,0.09955214578720595,0.5718884782349272,0.32855937597786683
388,0.09867125217652171,0.5711537222282501,0.3301750255952282
389,0.09796472105504701,0.5727541045551543,0.3292811743897987
390,0.0987057737946593,0.5773700577128539,0.32392416849248673
391,0.09362639440819705,0.5777508767995313,0.3286227287922716
392,0.09572962466329851,0.5715163177178791,0.33275405761882243
393,0.09430662294909885,0.5744367589404538,0.3312566181104475
394,0.08333378606371662,0.5852330128523578,0.3314332010839256
395,0.08326760637570747,0.5903522136294832,0.32638017999480934
396,0.07785862251193,0.5934932446345423,0.3286481328535275
397,0.05573662914791295,0.6044252352075845,0.33983813564450255
398,0.055527792701999854,0.6060939766892777,0.33837823060872246
399,0.05592325987052659,0.6062482722395369,0.33782846788993653
400,0.056020627604517426,0.6043861668609501,0.3395932055345324
401,0.06034244215670807,0.5997431875895112,0.3399143702537808
402,0.06572670397057387,0.5977780034015041,0.33649529262792205
403,0.06531599195925722,0.598477290151789,0.3362067178889537
404,0.06598415130882705,0.5960650879078847,0.33795076078328823
405,0.06554728045372214,0.5976926717314276,0.3367600478148502
406,0.06455488934376148,0.5980011739011496,0.33744393675508894
407,0.06413597398961707,0.6020349472121858,0.3338290787981972
408,0.06421986253476551,0.6064195942544557,0.32936054321077873
409,0.06396479047375074,0.609048795095258,0.32698641443099113
410,0.06415050464640375,0.6038156355027615,0.33203385985083467
411,0.06506776847594226,0.6024429925239778,0.3324892390000798
412,0.0654912319137608,0.6025841904324302,0.33192457765380906
413,0.06541355835398721,0.6031463519550363,0.3314400896909765
414,0.06495460601312558,0.6072387295969692,0.32780666438990524
415,0.06670941170368695,0.6021864635179807,0.33110412477833234
416,0.06706847881130798,0.6045625602556088,0.32836896093308315
417,0.07256690915775488,0.6029793884254379,0.32445370241680727
418,0.07740282618397848,0.6007329095437466,0.321864264272275
419,0.07645937985479559,0.6014463532280816,0.32209426691712295
420,0.07774847430608245,0.5999598410095223,0.32229168468439534
421,0.07816211584779825,0.6029078179670846,0.31893006618511727
422,0.07639787108035694,0.6014962938283512,0.3221058350912919
423,0.0763362106472317,0.6004207513775961,0.3232430379751722
424,0.07553339537542494,0.602482459852696,0.3219841447718789
425,0.07111603687258584,0.6083058544606076,0.32057810866680664
426,0.07437426953207876,0.6017210000378256,0.32390473043009566
427,0.074477126925487,0.599837380134989,0.32568549293952404
428,0.07467485473969161,0.596102251917447,0.3292228933428613
429,0.07467173279285237,0.5968350215245151,0.3284932456826327
430,0.07446462145358329,0.5980484556722198,0.327486922874197
431,0.08013483418596644,0.5962487207962883,0.32361644501774534
432,0.08131211170591446,0.5971962657009646,0.3214916225931209
433,0.08166783870233782,0.5926317001811224,0.32570046111653966
434,0.08897733854075852,0.5835764468091778,0.32744621465006374
435,0.08775608284949674,0.5927200132523551,0.31952390389814805
436,0.08786264342662152,0.5909686352498233,0.3211687213235551
437,0.0862886758726162,0.5925042220685574,0.3212071020588265
438,0.0877168583406527,0.5908269190128869,0.32145622264646034
439,0.0933609748250663,0.5873262319085771,0.31931279326635653
440,0.09677451853935026,0.5840223113406191,0.3192031701200306
441,0.09547092510323629,0.5862858996741167,0.3182431752226469
442,0.09617119533698375,0.5835278562584056,0.3203009484046107
443,0.09585664442114304,0.5842469246518623,0.3198964309269946
444,0.09811008395814703,0.5802091357680297,0.32168078027382324
445,0.09872511277363033,0.5815516201383801,0.31972326708798954
446,0.09817924697412493,0.5854178950291018,0.31640285799677326
447,0.09874919180053557,0.5817808088807104,0.3194699993187541
448,0.09812954002075323,0.5801258721690917,0.321744587810155
449,0.10461126876205296,0.5712086587734213,0.32418007246452574
450,0.10277449039389991,0.5729299652725279,0.32429554433357205
451,0.10128669092299718,0.575705608356838,0.32300770072016477
452,0.1022212663620158,0.5787587627092129,0.3190199709287714
453,0.10338418344978577,0.5768874661643882,0.31972835038582603
454,0.10092685911370924,0.5796118841470376,0.3194612567392532
455,0.09786084728563521,0.5840879755814846,0.3180511771328802
456,0.09260148207509439,0.5852352177982748,0.3221633001266309
457,0.09206788810762896,0.5823176862492517,0.3256144256431193
458,0.092693964889254,0.5828616468258848,0.3244443882848612
459,0.09047114052638394,0.5853023344331478,0.32422652504046834
460,0.09155748723509402,0.581466369145646,0.32697614361926003
461,0.09067843278711361,0.5741151990854999,0.33520636812738647
462,0.09769315386588606,0.565413296009199,0.33689355012491495
463,0.09748266941492359,0.5674389733407712,0.33507835724430524
464,0.09729945849157313,0.5665122768360284,0.3361882646723984
465,0.09765065030154989,0.5710584295980529,0.33129092010039723
466,0.09684017085091617,0.5711989631089889,0.33196086604009495
467,0.09693128501948385,0.5684992028409251,0.33456951213959096
468,0.0889751090947433,0.578424319702857,0.33260057120239955
469,0.08366353689355749,0.5801519781421794,0.33618448496426295
470,0.08437434458487596,0.5785090808492555,0.3371165745658685
471,0.07789682236857318,0.5875764178227048,0.3345267598087221
472,0.07807178092375451,0.5862562949955389,0.3356719240807065
473,0.0830433186880412,0.5817688916511096,0.335187789660849
474,0.08300764709919663,0.5841403502213931,0.33285200267941006
475,0.08269414387834018,0.5816008024254125,0.33570505369624737
476,0.08196179808144578,0.5859002968275397,0.33213790509101443
477,0.08190991653142836,0.588325214951315,0.3297648685172566
478,0.08181118968880087,0.5867035684747252,0.3314852418364741
479,0.07711530689552168,0.5865263199609304,0.33635837314354794
480,0.0772926845145894,0.5857052159523545,0.3370020995330561
481,0.07581475315683703,0.5856817685966067,0.3385034782465563
482,0.08922685131562189,0.5665913054193644,0.3441818432650136
483,0.09475665041888978,0.5561218837536562,0.34912146582745396
484,0.10060810978272468,0.550959534679752,0.3484323555375234
485,0.10212341967564466,0.5506742844243264,0.3472022959000289
486,0.06902584994972233,0.5800291477992637,0.3509450022510139
487,0.07469897712742715,0.5795572303130448,0.345743792559528
488,0.06954014068449363,0.5846108297303967,0.3458490295851098
489,0.06914435016025831,0.5868914887084085,0.3439641611313332
490,0.0689428436122098,0.5858051123831363,0.3452520440046538
491,0.06940194512777786,0.5840529986523056,0.34654505621991655
492,0.07690551851494755,0.5750476569582936,0.3480468245267589
493,0.08289983863635744,0.5742354831959604,0.34286467816768224
494,0.08369731640625389,0.5762164702337098,0.34008621336003636
495,0.08361304028676707,0.574619611727504,0.341767347985729
496,0.08336269900459788,0.578204936984567,0.3384323640108351
497,0.08350216267660543,0.5749731848427851,0.34152465248060937
498,0.08300834506456847,0.5764822836425789,0.3405093712928524
499,0.08406580160873138,0.5785892495521482,0.3373449488391204
500,0.08470865073665794,0.5760073468742136,0.3392840023891285
501,0.08431471509307698,0.5778090664359717,0.33787621847095134
