,0,1,2
0,0.3467388960779262,0.47371502750068806,0.17954607642138581
1,0.3490777149846373,0.4713778434196469,0.17954444159571573
2,0.3456349195297667,0.4690982289930024,0.18526685147723088
3,0.34975855025689595,0.46184014265551393,0.18840130708759015
4,0.353905732779451,0.4595759254713481,0.18651834174920084
5,0.35689674870186144,0.45603093070450873,0.18707232059362988
6,0.3561052530664505,0.4552571117819088,0.1886376351516406
7,0.3559994217495331,0.45855836340898326,0.18544221484148365
8,0.3585624670895953,0.45607000298426614,0.1853675299261385
9,0.35972071405301953,0.45730331465964275,0.18297597128733786
10,0.33087444555904627,0.47873910042974716,0.19038645401120663
11,0.33427876834087944,0.4811752435610239,0.1845459880980967
12,0.3351946185795754,0.48449672723851517,0.18030865418190958
13,0.3328665637819127,0.48046862677825797,0.18666480943982935
14,0.3314017640215939,0.4777997910166292,0.19079844496177695
15,0.3307450090684869,0.4809378150234615,0.18831717590805158
16,0.3386790605108379,0.480884091098064,0.18043684839109808
17,0.33181827365797384,0.48297260636532985,0.18520911997669637
18,0.33494910059274324,0.4812078086641482,0.18384309074310862
19,0.3350198923767329,0.4787010302661114,0.18627907735715557
20,0.3312848655023306,0.4801974681939449,0.18851766630372446
21,0.3328538389017606,0.4819696747794696,0.18517648631876976
22,0.33260561277263645,0.48247803400162464,0.18491635322573882
23,0.33336729433874185,0.4826588393741791,0.1839738662870791
24,0.32901652811772664,0.4826097094028361,0.18837376247943718
25,0.33191497066025205,0.486495924179522,0.18158910516022597
26,0.3291389014832941,0.488367262424356,0.1824938360923499
27,0.3310461841785272,0.48579038853420303,0.1831634272872698
28,0.33126607849371253,0.4868721467210014,0.18186177478528612
29,0.32519190364289685,0.4900770421452627,0.18473105421184038
30,0.32220129989658225,0.49111165342066576,0.18668704668275193
31,0.3243039754690514,0.4927703551845622,0.18292566934638643
32,0.31905363421422106,0.49237906051918834,0.18856730526659052
33,0.32155544471132097,0.48986161298199477,0.18858294230668426
34,0.32592206552665737,0.48508662082320936,0.18899131365013339
35,0.3253536441330245,0.48218848025110295,0.19245787561587255
36,0.33023485844265366,0.4796542820581153,0.19011085949923096
37,0.33144695613299663,0.47723361152340865,0.1913194323435947
38,0.3303010040234308,0.4766899397920011,0.19300905618456818
39,0.3327464690375946,0.4754281781543762,0.1918253528080292
40,0.33705179176237554,0.47492322080847904,0.18802498742914542
41,0.3382337083618105,0.4694085603874201,0.19235773125076944
42,0.34408959445957127,0.4648697691018817,0.19104063643854696
43,0.3491181831247342,0.4628937321236725,0.18798808475159326
44,0.3442956411371931,0.4672882797432972,0.18841607911950972
45,0.34238087556917396,0.4720509297445059,0.1855681946863201
46,0.3390908343811974,0.4744735057727842,0.18643565984601837
47,0.3382478001837007,0.476879783409992,0.18487241640630725
48,0.33725959797403454,0.47458194023729183,0.18815846178867365
49,0.33913988886144836,0.47252066796073994,0.18833944317781162
50,0.33825586000549246,0.47408283398344175,0.1876613060110659
51,0.34288693944013193,0.47150777127630905,0.18560528928355904
52,0.33905105437347083,0.4747931594359717,0.18615578619055737
53,0.3345515621218949,0.47644024137313357,0.18900819650497158
54,0.333178665422659,0.482783495721505,0.18403783885583594
55,0.33533155177072643,0.482619385506255,0.18204906272301855
56,0.33041970066931103,0.4872264235219609,0.18235387580872808
57,0.3263425703667011,0.4891063803058535,0.18455104932744537
58,0.3249546947224612,0.49274025782668734,0.18230504745085147
59,0.3285059082044796,0.4891737971423086,0.18232029465321176
60,0.32648767528643424,0.4899633029945623,0.1835490217190035
61,0.324105714487643,0.4897832297155585,0.1861110557967985
62,0.3213256349298372,0.493626247304333,0.18504811776582983
63,0.3216837547156119,0.49321765980563487,0.18509858547875324
64,0.3235602959118168,0.4942902134519425,0.1821494906362406
65,0.3228858109203024,0.49657286292929737,0.18054132615040022
66,0.31581216853845984,0.4989131829129848,0.1852746485485553
67,0.3151851852893266,0.5001161080250759,0.18469870668559746
68,0.31444557371205323,0.49948962273541986,0.18606480355252697
69,0.31419140336018003,0.49629809017577586,0.18951050646404416
70,0.3110880148576322,0.49901374855783975,0.18989823658452804
71,0.3106496688128726,0.5009048600950374,0.1884454710920901
72,0.31114865485706783,0.5001260185141584,0.1887253266287738
73,0.31594900881381116,0.4994365317042033,0.18461445948198546
74,0.31484761481897344,0.500855177280249,0.1842972079007776
75,0.316418204048212,0.4995457974560319,0.18403599849575603
76,0.3146002212585073,0.4993780415165922,0.1860217372249006
77,0.31659565456404376,0.4961371076610142,0.18726723777494209
78,0.31655402448712383,0.49834678637321267,0.18509918913966358
79,0.31663822303179723,0.49764452983774443,0.18571724713045837
80,0.31496305406807334,0.5003022326391153,0.1847347132928113
81,0.31523913087470257,0.49879698455187327,0.18596388457342408
82,0.31211889940294213,0.5034559721233105,0.18442512847374742
83,0.3101099746441108,0.5057087273513491,0.18418129800454008
84,0.31110280267319845,0.5035561707499072,0.18534102657689425
85,0.3377123946778182,0.47759335866664354,0.1846942466555383
86,0.3367320449651252,0.4781477978083041,0.1851201572265706
87,0.3389534799242738,0.4777454966804733,0.18330102339525287
88,0.34093837326625426,0.4763861902491518,0.18267543648459392
89,0.3421749451668256,0.4705538409818237,0.1872712138513507
90,0.3383776022551885,0.4744959118181123,0.18712648592669914
91,0.3367805501632179,0.47834114798747646,0.18487830184930562
92,0.33723771969955946,0.4784172823017773,0.18434499799866325
93,0.33809338428488794,0.47819462744396624,0.18371198827114574
94,0.3394825862667349,0.47620845516126303,0.1843089585720019
95,0.33646216451769817,0.4768446503261482,0.18669318515615366
96,0.3382318087111736,0.47577858961218594,0.18598960167664058
97,0.33696859666466683,0.47740058739312136,0.1856308159422117
98,0.3363336268038691,0.4788993440518462,0.18476702914428475
99,0.3358731716042882,0.478541536203594,0.18558529219211775
100,0.33544989210985016,0.48026855537104257,0.18428155251910744
101,0.3384922529481662,0.47308089335014264,0.1884268537016911
102,0.3391881518218426,0.4740033925720467,0.18680845560611073
103,0.3386673707994049,0.4762286386412423,0.1851039905593527
104,0.3368000182565262,0.47768441785323246,0.18551556389024135
105,0.3349563260278084,0.4795866412162264,0.18545703275596528
106,0.33658879561289073,0.473069482060714,0.19034172232639535
107,0.33710842718285283,0.47292796890733174,0.18996360390981537
108,0.34301970654716346,0.47163068302723604,0.1853496104256005
109,0.34075515718112115,0.4722779473262948,0.18696689549258408
110,0.3449037958575963,0.4765550964437602,0.17854110769864356
111,0.3440304493053192,0.47775113900916705,0.17821841168551378
112,0.34387723971367995,0.4777250422750995,0.17839771801122056
113,0.3455440160431496,0.4744137884758354,0.18004219548101505
114,0.3432446999352978,0.47788962809408697,0.17886567197061518
115,0.3442847750094879,0.4745162941351657,0.1811989308553464
116,0.3410554017803231,0.47737151832645575,0.18157307989322122
117,0.3386907271193177,0.4806554249573363,0.180653847923346
118,0.33874914159291447,0.4804809232737849,0.18076993513330059
119,0.3379900037858728,0.47952646391346276,0.18248353230066444
120,0.3364867798982798,0.48036478247800257,0.18314843762371774
121,0.3365209455157954,0.4828856060725102,0.18059344841169436
122,0.3362451213448684,0.4852275233118369,0.17852735534329478
123,0.33793400282309444,0.4838493928558368,0.1782166043210688
124,0.33848475029262154,0.48324159286184715,0.17827365684553123
125,0.3369791139019149,0.48646965163679123,0.17655123446129392
126,0.3304738075625534,0.4866662950924761,0.1828598973449705
127,0.32901092271636173,0.4915817971816153,0.17940728010202306
128,0.32852754728862293,0.4938556039000381,0.17761684881133905
129,0.32602944729840294,0.49638385943987706,0.17758669326172
130,0.3219226174264042,0.4945728321513774,0.18350455042221847
131,0.3226518581475464,0.4946966276651258,0.18265151418732778
132,0.3220679393536275,0.4973072160518933,0.1806248445944792
133,0.32125200478730376,0.4983100675789563,0.18043792763374006
134,0.3167422260316578,0.4993012321848509,0.18395654178349138
135,0.3158607160955238,0.5024980062620614,0.18164127764241483
136,0.3138520444527226,0.5018221643203358,0.1843257912269416
137,0.3143694187962748,0.50116409215891,0.1844664890448153
138,0.3137910494469857,0.5032916600311592,0.182917290521855
139,0.3110902498837475,0.5059983520776107,0.18291139803864187
140,0.3125998194886111,0.5082135695058088,0.1791866110055802
141,0.30683614696017514,0.5100132751202132,0.18315057791961173
142,0.3063892632399239,0.5067261630369043,0.18688457372317188
143,0.30571329405032754,0.5092725710854973,0.18501413486417517
144,0.30413259720462804,0.5119287985344577,0.18393860426091432
145,0.30361331481908116,0.5101033247942451,0.18628336038667367
146,0.30177862373785574,0.5142906991960986,0.18393067706604557
147,0.33617433913310135,0.48106480264660734,0.18276085822029134
148,0.33349976645596296,0.4861779944907128,0.18032223905332428
149,0.33529653985525587,0.48487098930105915,0.179832470843685
150,0.3357689392090073,0.48648186582938574,0.17774919496160696
151,0.33041587019583346,0.48987819955593337,0.17970593024823323
152,0.3305326224728527,0.4914560914511938,0.1780112860759535
153,0.3301455320363798,0.49205165288792285,0.17780281507569726
154,0.3287947885491161,0.49274531016527084,0.17845990128561304
155,0.32657127833796606,0.49492113188582765,0.1785075897762062
156,0.3254449893131072,0.4926479123724405,0.18190709831445231
157,0.32852293484123435,0.4905678113208449,0.1809092538379207
158,0.32566442332141887,0.4950726062153504,0.1792629704632307
159,0.32369209400669335,0.49719798719543634,0.1791099187978702
160,0.32463074595927566,0.49422905450972493,0.18114019953099944
161,0.3257340813024452,0.4924859987922718,0.18177991990528308
162,0.32576048059782,0.4919154079077149,0.18232411149446517
163,0.3269247106611658,0.49157284796248335,0.18150244137635088
164,0.3261397144383216,0.4915166795365595,0.18234360602511898
165,0.3238749953562219,0.49416230584609244,0.18196269879768584
166,0.32368859446359827,0.4934012776963772,0.1829101278400245
167,0.32291133713721376,0.49332953756362546,0.18375912529916083
168,0.3212134282822679,0.49551905395125173,0.18326751776648026
169,0.32153716989257186,0.4977185791398343,0.1807442509675939
170,0.32363304021752354,0.49776789038067754,0.17859906940179895
171,0.3219984419970829,0.5018269844441863,0.1761745735587307
172,0.3174278328219572,0.5035965572259132,0.17897560995212952
173,0.31348429617389156,0.5051320069987443,0.1813836968273642
174,0.3142953734375752,0.500450854423188,0.18525377213923686
175,0.31489300506591633,0.5000389450821308,0.1850680498519528
176,0.3131378859524864,0.4997684849251185,0.18709362912239533
177,0.31669848724893607,0.4991356599416848,0.18416585280937905
178,0.3172575925127007,0.4959157861907365,0.18682662129656277
179,0.32021309667217995,0.491418345343565,0.188368557984255
180,0.3197562370791925,0.49177229189043564,0.18847147103037182
181,0.31947276182516765,0.4999065750179561,0.18062066315687633
182,0.31915662806457656,0.4999087685117682,0.18093460342365528
183,0.3093085801147677,0.5090527970060212,0.18163862287921115
184,0.3115330581714587,0.5048326405339549,0.1836343012945863
185,0.3166043156500386,0.4983349486647167,0.18506073568524464
186,0.3150545339771258,0.500817420265643,0.18412804575723116
187,0.3158155971972477,0.4993159155396469,0.18486848726310542
188,0.3166596539353655,0.49951393181856607,0.1838264142460684
189,0.31595404802087546,0.4974621288533802,0.18658382312574434
190,0.3146610549882365,0.502292531470162,0.18304641354160148
191,0.3131384854709293,0.5033345605590408,0.18352695397002994
192,0.31205248330784474,0.5055294237802233,0.182418092911932
193,0.31219975837466,0.5046288799284236,0.18317136169691628
194,0.3138958862044739,0.5049562827476334,0.18114783104789278
195,0.31018891043716956,0.5040140985813993,0.18579699098143118
196,0.31086502005480277,0.5033380525780201,0.18579692736717718
197,0.30761295783412157,0.5040677242647086,0.18831931790116987
198,0.30721197417640833,0.5053431968551123,0.18744482896847942
199,0.3048109506974823,0.5119892402641837,0.18319980903833408
200,0.302328709630336,0.5134592039165013,0.18421208645316275
201,0.30128518037204055,0.514633856040022,0.18408096358793763
202,0.33509669454137503,0.48181469277164585,0.18308861268697915
203,0.33356783202303486,0.48440024650559577,0.18203192147136946
204,0.33000158138158786,0.4872848644255124,0.18271355419289978
205,0.3316902889434414,0.485211411006056,0.18309830005050257
206,0.3319456952088057,0.4891654108509917,0.17888889394020271
207,0.3307746646424126,0.4888548903982813,0.18037044495930624
208,0.3293227675661027,0.48771124420915607,0.18296598822474114
209,0.33226406116298635,0.4847417476114353,0.18299419122557833
210,0.3262255472111673,0.4949565728019252,0.17881787998690754
211,0.3215178362625698,0.4930553401391982,0.18542682359823215
212,0.3216948049562038,0.49862655229075953,0.17967864275303674
213,0.3221563117839522,0.49692080827751617,0.1809228799385316
214,0.3262899728904515,0.4941651475254966,0.1795448795840519
215,0.324694347639304,0.4965312894681301,0.17877436289256585
216,0.3218704154671374,0.49647948699720473,0.18165009753565786
217,0.32002292199202853,0.5001429886109795,0.17983408939699197
218,0.31803402953390913,0.5018770968877545,0.1800888735783363
219,0.31756189588917827,0.5037676923731437,0.17867041173767806
220,0.3150194459797106,0.506299631558661,0.1786809224616285
221,0.3157508821652515,0.5070609217252289,0.17718819610951966
222,0.31472260035135613,0.5083674448394806,0.1769099548091633
223,0.3092577647738494,0.5113028526153878,0.1794393826107628
224,0.34742501074741927,0.4768046504473508,0.17577033880522994
225,0.3452633303973826,0.47876382109412086,0.17597284850849648
226,0.34116758121726476,0.47696269831826316,0.1818697204644721
227,0.3455403526862399,0.4732024888973595,0.1812571584164007
228,0.3460624835708469,0.4746812978543173,0.17925621857483576
229,0.34830996060652963,0.4708432265824714,0.1808468128109989
230,0.3491700332031465,0.46989199165071155,0.18093797514614196
231,0.3488869275529706,0.4656740047311002,0.18543906771592925
232,0.34865510651769743,0.46839311733627664,0.18295177614602598
233,0.3480843325932468,0.4714014578809985,0.18051420952575478
234,0.34376198071230357,0.47324871616200104,0.1829893031256953
235,0.3467976928448122,0.4669371776305529,0.18626512952463486
236,0.3494078859675923,0.4653221050980572,0.1852700089343505
237,0.3400145955935391,0.48259829766317525,0.17738710674328562
238,0.3382708288922941,0.4787485870704286,0.1829805840372773
239,0.34586533205770575,0.47236885503131454,0.18176581291097962
240,0.34188957708653367,0.47718977756493863,0.1809206453485275
241,0.34562877928946173,0.47144646875500584,0.1829247519555324
242,0.34632885366823535,0.4681101566458307,0.1855609896859339
243,0.34555559346796144,0.4678752801955871,0.1865691263364515
244,0.3462777202611932,0.46617782799155605,0.18754445174725073
245,0.34529885733262217,0.46847368316856863,0.18622745949880937
246,0.34500545767259755,0.468671722451943,0.18632281987545932
247,0.34076336522395934,0.473927299700914,0.18530933507512654
248,0.3410086162804283,0.47525321172180557,0.18373817199776613
249,0.33969645558732753,0.4760488519771959,0.18425469243547657
250,0.34052646826756705,0.47396764182830503,0.1855058899041279
