,0,1,2
0,0.3581256849604544,0.5988673964540971,0.04300691858544839
1,0.3293568355857904,0.6276134263506985,0.043029738063511236
2,0.33279665083954546,0.6245140958749845,0.04268925328547011
3,0.3330090909880663,0.6213661760760678,0.04562473293586592
4,0.331244662008421,0.6214673171645287,0.04728802082705017
5,0.33466456569621666,0.617818876173975,0.04751655812980821
6,0.33438816048154646,0.617630854833189,0.04798098468526453
7,0.3331007663047511,0.619898650571,0.04700058312424896
8,0.3358296140447977,0.6171424273686138,0.04702795858658856
9,0.33619263631046203,0.6174855972608321,0.04632176642870584
10,0.34005993960688785,0.6113263278665821,0.048613732526529986
11,0.33568726415986705,0.6150932298706729,0.049219505969460016
12,0.33525405979005046,0.6168498403585289,0.04789609985142077
13,0.3348572294071477,0.6152705703474767,0.049872200245375635
14,0.3346509151953336,0.6141787094559151,0.05117037534875126
15,0.3330866996308312,0.6165446289899585,0.05036867137921025
16,0.3391054928698743,0.612912514280875,0.047981992849250824
17,0.3390174626922669,0.6139053389120532,0.04707719839567987
18,0.34200817272221,0.6112902602889064,0.046701566988883614
19,0.34293550675207857,0.6096258337332022,0.0474386595147192
20,0.3395697922485115,0.6123566814501755,0.04807352630131296
21,0.3401520591682145,0.6127684404601281,0.04707950037165727
22,0.3397874449106783,0.6132145368058123,0.046998018283509566
23,0.3403040884862873,0.6129733350161776,0.04672257649753501
24,0.33700398071652976,0.614993481330218,0.04800253795325219
25,0.3378805857769755,0.6161305528013046,0.045988861421719894
26,0.3406397847279665,0.6152191766339423,0.04414103863809107
27,0.3429945470161697,0.6126532104133622,0.04435224257046809
28,0.34278467696719783,0.6132344291634958,0.04398089386930632
29,0.3424334461390524,0.614776925071201,0.042789628789746494
30,0.33975934220819504,0.6169374107645155,0.04330324702728959
31,0.3408081557412672,0.6169060475434388,0.04228579671529398
32,0.3422592824434536,0.6158008146713471,0.041939902885199346
33,0.3451022277626828,0.6129350370205762,0.04196273521674101
34,0.35020795211343,0.6076880273238331,0.042104020562736925
35,0.3508141870090674,0.6061602416268442,0.04302557136408835
36,0.3484678182118228,0.6020396768694607,0.049492504918716554
37,0.35025283419811404,0.5998679686870116,0.04987919711487428
38,0.3495500541958352,0.6000569805242546,0.050392965279910204
39,0.3518950082694856,0.5980556461030105,0.05004934562750381
40,0.3256907980975422,0.6253945534580136,0.048914648444444195
41,0.3284728246557614,0.6212342700833243,0.05029290526091421
42,0.32898541941541126,0.6188493179621314,0.05216526262245725
43,0.3333453349037289,0.6153918128024799,0.05126285229379121
44,0.32829604112179633,0.6203938880696833,0.0513100708085203
45,0.32525970816508243,0.6243931474254387,0.05034714440947894
46,0.32203299509594985,0.627400395389011,0.050566609515039135
47,0.3206048750791373,0.6293504595500559,0.0500446653708068
48,0.32065572565886497,0.6282527375686479,0.05109153677248713
49,0.3227312756508765,0.6260823941473099,0.05118633020181349
50,0.3215542241262831,0.6274969529172313,0.050948822956485576
51,0.3258146299110386,0.6238166961466242,0.050368673942337246
52,0.3218957529080397,0.6276291436230441,0.05047510346891612
53,0.3180441047949455,0.6306395808561439,0.05131631434891046
54,0.3149307374416026,0.6353876685644887,0.04968159399390877
55,0.3165598461498867,0.6343583646791846,0.04908178917092869
56,0.311455520905405,0.639454185513634,0.04909029358096091
57,0.33834611412084153,0.6119331088778026,0.04972077700135573
58,0.3360662162796428,0.614940713215293,0.04899307050506418
59,0.3400020924443317,0.6109627761031222,0.0490351314525461
60,0.33817441190845987,0.6124218340541757,0.04940375403736424
61,0.33638086157710934,0.6134252676864875,0.05019387073640326
62,0.3329490824148154,0.6172254888023637,0.04982542878282102
63,0.3333622372304808,0.6167924532036092,0.04984530956591
64,0.33447346915097886,0.616597305873586,0.04892922497543516
65,0.3332037087676582,0.618382240691316,0.048414050541025856
66,0.33224496411534643,0.6199998875037993,0.04775514838085421
67,0.33135777430638935,0.6210682029089016,0.0475740227847091
68,0.3309786069857835,0.6210377386383409,0.04798365437587559
69,0.33182171583278036,0.6191418984682723,0.04903638569894728
70,0.3284749976146357,0.6223986381483222,0.04912636423704207
71,0.32751432063290553,0.623809132975504,0.04867654639159045
72,0.32816233376733694,0.6230707108124934,0.048766955420169567
73,0.3265958664884789,0.6237545062179052,0.04964962729361594
74,0.32527912412343,0.625183712629312,0.04953716324725792
75,0.3269285564911939,0.6236004342473921,0.04947100926141393
76,0.32555609931045304,0.6243612736376296,0.05008262705191724
77,0.32816308871909955,0.6213355390886101,0.05050137219229052
78,0.3274194359331531,0.6227704282428431,0.049810135824003766
79,0.3277110762271647,0.6222812547885463,0.05000766898428902
80,0.3255459719627574,0.6247767470844399,0.04967728095280271
81,0.32624365152002144,0.623685246404065,0.05007110207591362
82,0.32231120376171013,0.6281401237868157,0.04954867245147414
83,0.32532861478471065,0.6272846232328652,0.04738676198242428
84,0.32680485432672146,0.6254464936951522,0.04774865197812638
85,0.3210793141034526,0.6314140995461149,0.047506586350432506
86,0.3201759057125423,0.6322036940955695,0.04762040019188829
87,0.32193002389235037,0.6309699220139945,0.04710005409365514
88,0.32383816014284794,0.6292192091806188,0.04694263067653318
89,0.32676020043433923,0.6248574333531086,0.04838236621255203
90,0.32262705073816866,0.6291038090768245,0.048269140185006915
91,0.32014533472189866,0.6323078699933865,0.04754679528471477
92,0.32045235889276535,0.6321568653183494,0.047390775788885224
93,0.3211510601634153,0.6316377097392929,0.04721123009729192
94,0.3228420757170959,0.6297387261778128,0.0474191981050913
95,0.3204239549512125,0.6314752407059123,0.04810080434287511
96,0.3220795323608064,0.6300053592731419,0.04791510836605163
97,0.32060334338354635,0.6316147117526327,0.04778194486382084
98,0.3196295839136713,0.632865748192814,0.047504667893514804
99,0.3194156040877504,0.6328359215654403,0.04774847434680938
100,0.3185206694146976,0.6341394719109998,0.047339858674302446
101,0.3231989722535018,0.6281267892783529,0.048674238468145434
102,0.32338765216761156,0.6284270640273966,0.04818528380499189
103,0.3222421255730449,0.6301082073744809,0.04764966705247422
104,0.3203835343486369,0.6318730414413789,0.04774342420998421
105,0.31839176135359476,0.6339155204261895,0.047692718220215834
106,0.3218120866635318,0.6289531536508322,0.049234759685636086
107,0.3222409550417271,0.6286324505886418,0.049126594369631064
108,0.3218432808911756,0.6282865793526023,0.0498701397562222
109,0.3199832697436872,0.6296697898756509,0.05034694038066201
110,0.321522453123029,0.6307493431765364,0.047728203700434686
111,0.3204895362282418,0.6319010238066622,0.047609439965095986
112,0.3203882502331756,0.6319482447987299,0.04766350496809442
113,0.32271178881458856,0.6290702007758023,0.04821801040960897
114,0.3198777951614783,0.6323218870061081,0.04780031783241363
115,0.321770749898476,0.6296659817170226,0.0485632683845014
116,0.3184752089351994,0.6329035890828217,0.048621201981978966
117,0.31566746034050297,0.636049204833963,0.04828333482553404
118,0.31576783146563914,0.6359107788877499,0.04832138964661097
119,0.3155375377128071,0.635609108087743,0.04885335419944997
120,0.3141700426453975,0.6367930000152344,0.049036957339367956
121,0.3133591528188139,0.6384176715157445,0.0482231756654415
122,0.3123876692733057,0.640049664212025,0.0475626665146693
123,0.3140608598769415,0.6384435137688879,0.04749562635417075
124,0.3146592164266746,0.6378168856238274,0.047523897949497955
125,0.3125089739371872,0.6405390581704146,0.04695196789239835
126,0.3125912788094141,0.6405792491617982,0.04682947202878772
127,0.30990528337590134,0.6443417032122251,0.04575301341187374
128,0.33450644737788054,0.6138668316435032,0.051626720978616245
129,0.331767037035328,0.6166454600037327,0.051587502960939426
130,0.33419159108213736,0.6143886310954806,0.05141977782238214
131,0.33472376007998667,0.6141298508868717,0.05114638903314171
132,0.33342860451125883,0.6160968779420246,0.050474517546716606
133,0.33246903725205895,0.6171260903582123,0.05040487238972873
134,0.33354268089389033,0.616939081593233,0.04951823751287671
135,0.3318185640624494,0.6194034231349317,0.04877801280261885
136,0.3304427631634219,0.619948075948136,0.049609160888442215
137,0.331063759726847,0.6192777714937422,0.04965846877941085
138,0.3299258509149763,0.6209115262038052,0.04916262288121851
139,0.3269233733311758,0.6239400572111028,0.04913656945772133
140,0.3214553952069286,0.6245996011980549,0.05394500359501648
141,0.32114669768280246,0.6256362951852249,0.053217007131972575
142,0.32177786893043975,0.6237340772422902,0.05448805382727004
143,0.32046575103789177,0.6256927155540405,0.05384153340806783
144,0.31839693779715195,0.6281436706616601,0.05345939154118779
145,0.3185228497792872,0.6272222391387104,0.0542549110820022
146,0.3157963238429798,0.6307696400909131,0.05343403606610706
147,0.3159421786766221,0.6310174500521091,0.05304037127126885
148,0.34557472814456414,0.602274411752499,0.05215086010293692
149,0.3474014440434491,0.6005945975511756,0.052003958405375236
150,0.3472372742546749,0.6014577832154883,0.0513049425298369
151,0.34089114753643984,0.6035385248409422,0.05557032762261791
152,0.3404871112756402,0.604551258106465,0.054961630617894844
153,0.33999673418816573,0.605120792153051,0.05488247365878331
154,0.33871921496072754,0.6061770190731741,0.05510376596609831
155,0.3362938020783778,0.6086097898151112,0.055096408106511154
156,0.3361107071762856,0.6075799928625347,0.05630929996117964
157,0.33918622336464077,0.6048304094006216,0.055983367234737694
158,0.33553255845191804,0.6091094068854488,0.055358034662633226
159,0.33332194022185113,0.6113968969639535,0.05528116281419533
160,0.33497778128594213,0.6089991469753967,0.0560230717386612
161,0.3363892545903965,0.6073441619836387,0.056266583425964876
162,0.33658748959859447,0.6069488014523464,0.05646370894905909
163,0.33761289870704675,0.6062073933094294,0.05617970798352376
164,0.3370110386938579,0.6065139011103626,0.056475060195779456
165,0.33440115977645113,0.6092871648747763,0.05631167534877252
166,0.3344888634217786,0.6088588109237358,0.056652325654485615
167,0.3338956124996026,0.6091532952225374,0.05695109227786001
168,0.33187592484371087,0.6113704931298827,0.05675358202640655
169,0.3314590407834677,0.6126953670568925,0.055845592159639766
170,0.33310046847787544,0.6118026135574078,0.055096917964716746
171,0.33057223710828193,0.6152174942964941,0.05421026859522398
172,0.3307990849261536,0.6159569383996809,0.05324397667416538
173,0.3315221814151052,0.6162699633948235,0.0522078551900712
174,0.3336274995280039,0.6128505768918242,0.05352192358017181
175,0.3342363850818957,0.6122994285482202,0.05346418636988415
176,0.3329090839988629,0.6129544588243847,0.05413645717675242
177,0.33138081362670707,0.6135572240494809,0.055061962323812066
178,0.33282367659796563,0.6111745016689932,0.05600182173304114
179,0.34222101800366433,0.6068333159187734,0.05094566607756215
180,0.3417407388114059,0.6072845712220986,0.05097468996649562
181,0.33795375202802114,0.610045043477356,0.05200120449462289
182,0.33770083808833357,0.6101949972290099,0.05210416468265659
183,0.3312116960203627,0.6182565814080135,0.05053172257162383
184,0.3343252946236612,0.6144757488450056,0.05119895653133329
185,0.340471983969246,0.6078243853650175,0.05170363066573666
186,0.3384328564758367,0.6101806557848166,0.051386487739346676
187,0.3395237808590217,0.6088415121868407,0.05163470695413762
188,0.3401394240035182,0.6085609309285468,0.051299645067935024
189,0.3444584078877096,0.6050300469647826,0.05051154514750787
190,0.341849688157639,0.608769614576879,0.04938069726548211
191,0.3402845682653582,0.6101921444738547,0.04952328726078712
192,0.33870425271274884,0.6121297652801024,0.04916598200714866
193,0.33911083078146403,0.6114842182722505,0.04940495094628545
194,0.34037681025254857,0.6108466173302299,0.048776572417221484
195,0.3418065193877842,0.6095521235828942,0.04864135702932157
196,0.3425764152394177,0.6087787128788948,0.04864487188168756
197,0.33968586581379795,0.6109080248563209,0.04940610932988114
198,0.33894696980040084,0.6119192688125896,0.049133761387009436
199,0.33486272803794515,0.6173211672404659,0.047816104721589064
200,0.3323652169841509,0.6195212520450653,0.0481135309707839
201,0.3311399162586811,0.6207921365505052,0.048067947190813684
202,0.3278550297597602,0.6243943717438213,0.04775059849641844
203,0.3258446128289439,0.62675523730125,0.04740014986980596
204,0.32222361416409784,0.6302190094500988,0.04755737638580335
205,0.32417484717367934,0.6281231461517812,0.04770200667453955
206,0.31843319782251134,0.6305483202003146,0.051018481977174165
207,0.3176596107572939,0.6308426700929038,0.05149771914980237
208,0.31694007534508306,0.6307096912642778,0.052350233390639156
209,0.3162204244157653,0.629700076933984,0.05407949865025065
210,0.346075259363339,0.6000572872416423,0.05386745339501856
211,0.342901293874595,0.6009422710252735,0.056156435100131456
212,0.33733940821710967,0.606836015919686,0.05582457586320435
213,0.3382310599138136,0.6054899524284686,0.05627898765771768
214,0.3423814570579294,0.6017991030172439,0.055819439924826714
215,0.3403777760832561,0.6040960627128503,0.055526161203893705
216,0.3420027818546665,0.6031619592149665,0.05483525893036696
217,0.3393815168467209,0.6064365114130235,0.05418197174025569
218,0.3372486347368509,0.6084964393026957,0.05425492596045347
219,0.33628919682710434,0.6099565474249234,0.05375425574797235
220,0.33347128677694254,0.6127915231953386,0.05373719002771883
221,0.33382935877194514,0.6129487347444259,0.0532219064836288
222,0.3326062898749787,0.6142770837527987,0.05311662637222252
223,0.36262178315339044,0.5806728214547933,0.05670539539181624
224,0.3606934065211105,0.5839257320104612,0.05538086146842831
225,0.3583707241700737,0.586196742559064,0.055432533270862346
226,0.35575559737485424,0.5866896252927276,0.057554777332418136
227,0.3566213775221818,0.5842660440806896,0.059112578397128517
228,0.3527128507206889,0.5871209854331443,0.060166163846166756
229,0.3594219481975551,0.5815762831661586,0.059001768636286284
230,0.3640420055109431,0.5786334017706615,0.05732459271839544
231,0.36973894240090066,0.5757788228059861,0.054482234793113184
232,0.36861390852912457,0.5777625493017056,0.05362354216916997
233,0.3671319571311177,0.580085259466137,0.05278278340274535
234,0.36314030610367226,0.5832694792783492,0.05359021461797854
235,0.36767542673988457,0.5775772178689957,0.05474735539111961
236,0.3702661101809157,0.5753049889500376,0.054428900869046774
237,0.352799011025543,0.5912899179751894,0.05591107099926767
238,0.3526694648708457,0.5893804226914354,0.0579501124377188
239,0.36144326931680937,0.5837609962739196,0.05479573440927103
240,0.35287713381284597,0.5909739314198215,0.056148934767332466
241,0.3576777097976379,0.5854015957033976,0.05692069449896446
242,0.3641159700845082,0.5827728639593709,0.05311116595612099
243,0.36359999710531843,0.5829566342107059,0.053443368683975555
244,0.3647522133992284,0.5814671782655788,0.05378060833519284
245,0.36319272190464785,0.5834819154053811,0.05332536268997096
246,0.3628966889653234,0.5837487940937499,0.05335451694092676
247,0.3577928269967175,0.589237885370035,0.05296928763324745
248,0.3575294425659967,0.5900267813998082,0.05244377603419497
249,0.3562393925820047,0.5911567506588971,0.05260385675909814
250,0.3575950107399485,0.5893719662981287,0.05303302296192279
