,0,1,2
0,0.5537006880688152,0.4104033428853899,0.035895969045794854
1,0.5564841005178487,0.40768152213784065,0.03583437734431072
2,0.5603264122381795,0.4042472885239914,0.035426299237829174
3,0.5602604888544488,0.40190576699613373,0.037833744149417564
4,0.5581424944711345,0.4025846554809523,0.039272850047913095
5,0.5618884550271369,0.39879001268088576,0.03932153229197732
6,0.561537311910419,0.39874884056325377,0.03971384752632706
7,0.560220926177789,0.40081790091494685,0.03896117290726409
8,0.563216480430044,0.3979096679935224,0.038873851576433575
9,0.5636864445096073,0.3980328804289078,0.03828067506148499
10,0.5676683604667438,0.3923331801485981,0.0399984593846581
11,0.5628361479325659,0.3964886753181255,0.04067517674930873
12,0.5624966355618729,0.39789461642218793,0.039608748015938965
13,0.5618591017106835,0.39689589422613947,0.04124500406317693
14,0.5614999549104317,0.396182409692025,0.042317635397543185
15,0.5598615430255205,0.39841032707209667,0.04172812990238285
16,0.566695665500142,0.3937823786169165,0.03952195588294149
17,0.566692781898088,0.3945206546108624,0.038786563491049454
18,0.5699768254342422,0.3916615272876432,0.038361647278114495
19,0.5709031375125595,0.3901719660173953,0.03892489647004516
20,0.5671912740544613,0.3932309347649436,0.0395777911805951
21,0.567926096408893,0.3933306894393081,0.038743214151798835
22,0.5675383711379367,0.3937703995365847,0.038691229325478645
23,0.5681278718878124,0.39342616065943053,0.03844596745275706
24,0.5644017292483983,0.39597388110438236,0.03962438964721926
25,0.5655655550532545,0.3964926867672549,0.03794175817949061
26,0.5687578921048633,0.39491593084349275,0.036326177051643996
27,0.5712851456698085,0.392304376267945,0.036410478062246565
28,0.5710967732723022,0.39278741010863627,0.03611581661906148
29,0.5708400688113372,0.3940021164490581,0.03515781473960461
30,0.5678878500706644,0.39643774697754314,0.03567440295179246
31,0.5691316935889605,0.396063246097052,0.03480506031398742
32,0.5707393971213075,0.3947895047895164,0.034471098089176144
33,0.5738033588216445,0.3918072732985281,0.03438936787982746
34,0.5495822382137526,0.41609284931839985,0.0343249124678476
35,0.5501723859852317,0.4147744301275577,0.03505318388721061
36,0.5552909176175623,0.4102777957519878,0.03443128663044989
37,0.5572251498724581,0.40813113741121404,0.034643712716327955
38,0.5564591151559486,0.4085181767624448,0.03502270808160662
39,0.5590005054894928,0.4062895898446861,0.03470990466582115
40,0.562792592532558,0.40339189519328006,0.033815512274161956
41,0.5658589585725802,0.39947936009790597,0.03466168132951382
42,0.566379609223198,0.397691276811487,0.0359291139653149
43,0.5712222532148304,0.3936340329885832,0.03514371379658637
44,0.5656358194562081,0.3989963824738329,0.03536779806995911
45,0.562272883569373,0.4029073490828262,0.034819767347800665
46,0.5586421540088145,0.40626397156296223,0.03509387442822342
47,0.5570431507194574,0.40817035555971837,0.03478649372082421
48,0.5570735083422381,0.4074160050903438,0.035510486567418065
49,0.5594126836836031,0.40509131771642587,0.035495998599971074
50,0.5580921969086376,0.4065308816928378,0.03537692139852463
51,0.5628931934228406,0.40229311453059036,0.03481369204656898
52,0.558489782437084,0.4064744728216709,0.035035744741244976
53,0.5541061808789178,0.41012577013390084,0.03576804898718121
54,0.5505957287608815,0.4146548592970042,0.034749411942114374
55,0.5524732553839897,0.41325707095619085,0.03426967365981943
56,0.5466165367702871,0.4189154292678424,0.03446803396187054
57,0.5424282476236656,0.42252322557896377,0.035048526797370645
58,0.5399023079743449,0.4254897525710445,0.034607939454610576
59,0.5442658460921912,0.42122076601514236,0.034513387892666454
60,0.5422404362602782,0.4229288908623676,0.03483067287735418
61,0.5402429425707387,0.4243117075447501,0.03544534988451109
62,0.5364173782419724,0.4282865139069403,0.03529610785108733
63,0.5368794085919193,0.42782378613233696,0.03529680527574379
64,0.5381279186551664,0.4272587864479787,0.03461329489685485
65,0.5298795632371923,0.4289977634686233,0.04112267329418448
66,0.5288637269108337,0.43053420546174004,0.040602067627426214
67,0.5278866796089422,0.4316318766918065,0.0404814436992513
68,0.5274285472554187,0.431730148165414,0.040841304579167376
69,0.5282851983846891,0.4300158949897848,0.04169890662552618
70,0.517562954189743,0.43357411221979675,0.048862933590460234
71,0.5165547209347545,0.434982329088654,0.04846294997659156
72,0.5172678765039654,0.4342081375473423,0.0485239859486923
73,0.515373030499934,0.4351695963938943,0.04945737310617164
74,0.5139081633889574,0.43668756439511236,0.049404272215930196
75,0.5157744544413378,0.43495790204259704,0.049267643516065183
76,0.5141364389333574,0.4359356152006893,0.049927945865953234
77,0.5170013881580205,0.432774853865726,0.05022375797625345
78,0.5162735875361699,0.4341474738026941,0.049578938661136045
79,0.5165704876512703,0.4336696546112904,0.049759857737439316
80,0.5141872895645805,0.43628241981532173,0.049530290620097756
81,0.5149121168826641,0.43520147432736656,0.049886408789969285
82,0.5105529677354992,0.43990184500185947,0.04954518726264124
83,0.514294399076696,0.4384176372553007,0.047287963668003245
84,0.5159006093954019,0.4365173891830803,0.04758200142151779
85,0.5094679366728223,0.44294790373103676,0.047584159596140915
86,0.5084236934591746,0.44384160365814784,0.047734702882677706
87,0.5104956361741987,0.44235715289298505,0.04714721093281625
88,0.5126802099335541,0.4404071361460237,0.046912653920422105
89,0.5157528124514567,0.4360409092260091,0.04820627832253417
90,0.5111065571197682,0.4406226663033202,0.04827077657691174
91,0.5084001562384938,0.4439365779203008,0.04766326584120541
92,0.508773172925188,0.44373065634109826,0.047496170733713816
93,0.5095945848566344,0.4431159056956287,0.04728950944773691
94,0.5114802589828428,0.4410958701627065,0.04742387085445069
95,0.508632424455461,0.4431688613331608,0.04819871421137822
96,0.5105403859771345,0.4415145946473472,0.04794501937551822
97,0.5088850556786362,0.4432387609865692,0.047876183334794535
98,0.5078195895992585,0.4445370028664722,0.04764340753426928
99,0.5075387003043751,0.444567798944605,0.04789350075101984
100,0.5065807770591534,0.445892038007873,0.04752718493297358
101,0.5116918428726892,0.4396627618683696,0.048645395258941175
102,0.5119802029275249,0.43986404116080224,0.04815575591167283
103,0.510765326098594,0.44155832249024607,0.047676351411160035
104,0.5086410453043637,0.4435115013905344,0.04784745330510183
105,0.5380695137359027,0.41404865133092156,0.04788183493317572
106,0.5486411752355232,0.40913523237315397,0.042223592391322694
107,0.549136325766355,0.4087509431483577,0.04211273108528734
108,0.5486041257056237,0.4086344148679618,0.04276145942641444
109,0.5464511267815906,0.41029804299284334,0.04325083022556613
110,0.5484860152315177,0.4105571248378555,0.04095685993062676
111,0.5473338738105775,0.4117656036682834,0.040900522521139
112,0.5472132980410055,0.4118358115934322,0.04095089036556239
113,0.5497692831339558,0.408909582249452,0.04132113461659211
114,0.5466206685348585,0.412289907713133,0.04108942375200862
115,0.5486709148222603,0.4096737536709252,0.04165533150681455
116,0.5449387628433224,0.4132112747264399,0.041849962430237655
117,0.5417822376978343,0.4165318302922621,0.04168593200990365
118,0.5418924742740909,0.4163935137330987,0.0417140119928104
119,0.5415695742855954,0.41625155736324276,0.04217886835116196
120,0.5399856245614605,0.4176170702241665,0.042397305214372974
121,0.5391482106328296,0.41911501305089216,0.041736776316278236
122,0.5381072620621001,0.42067933491194276,0.04121340302595717
123,0.5400344267885494,0.418882912597755,0.04108266061369573
124,0.5407160602824005,0.41820320727853394,0.041080732439065605
125,0.538315442136621,0.42100038827510616,0.04068416958827274
126,0.5384238093257453,0.4210006821184429,0.04057550855581184
127,0.5354499455573077,0.42478451184333077,0.03976554259936147
128,0.5342458590580996,0.4264161820559564,0.03933795888594397
129,0.5311853292691633,0.42940906999479683,0.03940560073603993
130,0.5339021444701559,0.42690589841025134,0.03919195711959266
131,0.5345053919018756,0.426529029000312,0.038965579097812515
132,0.5330843196911111,0.42841522742417365,0.038500452884715285
133,0.5320138665306439,0.42950526420259244,0.03848086926676373
134,0.5332461179926801,0.4289843090779253,0.03776957292939464
135,0.5313438173459144,0.43139130810413323,0.03726487454995232
136,0.5297705165373122,0.4322845295973409,0.03794495386534696
137,0.5241724262329659,0.4315729016950297,0.044254672072004446
138,0.5229486245323134,0.43319012602560697,0.04386124944207963
139,0.5195765126240388,0.43646814716199217,0.04395534021396909
140,0.5202576286968361,0.4368338986728773,0.04290847263028657
141,0.5199418813506568,0.43771372886277005,0.042344389786573296
142,0.5205980945571748,0.4360765842754203,0.04332532116740497
143,0.5191332777000036,0.4380011369720767,0.04286558532791969
144,0.5167844205426163,0.440571510874459,0.04264406858292464
145,0.5168891998378486,0.4398404895576664,0.04327031060448498
146,0.513796221361308,0.443477417546411,0.04272636109228114
147,0.5139837950007958,0.4436087251098092,0.04240747988939499
148,0.5098639875801546,0.4482968959724571,0.04183911644738836
149,0.5118799038118025,0.44645412314660154,0.04166597304159605
150,0.5117200366643785,0.44716745682059056,0.04111250651503087
151,0.5108636652225836,0.44901367164043576,0.0401226631369806
152,0.510406976061221,0.4498982771054677,0.0396947468333113
153,0.5042229760254203,0.4504880892835561,0.04528893469102369
154,0.5027938026770761,0.451692522279778,0.045513675043146004
155,0.5348180424092606,0.4195925919184591,0.04558936567228039
156,0.5345255505641778,0.4188815940977182,0.046592855338104026
157,0.5379503073407302,0.41585245073430815,0.046197241924961524
158,0.5339543221515258,0.4202100507923798,0.04583562705609443
159,0.5315012669109379,0.42263486829271946,0.045863864796342635
160,0.5332891997089719,0.4203055862673413,0.04640521402368668
161,0.5348374710980431,0.41861642516200687,0.04654610373995001
162,0.5350425690058025,0.41825786493337036,0.04669956606082708
163,0.5361984649969129,0.4173779057758482,0.0464236292272389
164,0.5355107623910063,0.41779816449213364,0.04669107311686017
165,0.532626953566752,0.4207063681127282,0.04666667832051978
166,0.5326994072787482,0.42035753555558397,0.04694305716566792
167,0.5320173845612046,0.42076867526883543,0.04721394016995992
168,0.5297795502414175,0.4230830312136025,0.04713741854497986
169,0.5293802312667599,0.4242131606570983,0.04640660807614177
170,0.5312679457219537,0.42301073519081894,0.04572131908722734
171,0.5285077353366773,0.4263981768446355,0.045094087818687276
172,0.5288326652623946,0.42688020504709995,0.04428712969050541
173,0.5297179088517023,0.4268789668783789,0.04340312426991872
174,0.5319711799389012,0.4236259488607004,0.044402871200398465
175,0.5326533553450359,0.4230157006499217,0.04433094400504237
176,0.5311251534051067,0.42393680615618173,0.04493804043871173
177,0.5293502551690369,0.42488610829569684,0.04576363653526625
178,0.536674226690319,0.42262920361282813,0.040696569696852994
179,0.5408610628822746,0.41816804982505396,0.04097088729267137
180,0.540331516381723,0.41865683525224046,0.04101164836603633
181,0.542112305509722,0.4202410119492161,0.03764668254106197
182,0.5418300684751203,0.4204401129334387,0.037729818591441096
183,0.5346238515010542,0.42856426114942,0.036811887349525806
184,0.5380939850942503,0.4247155740269927,0.037190440878756906
185,0.5449016234993272,0.4177528078641603,0.0373455686365126
186,0.5426545930429677,0.42015925720545366,0.0371861497515786
187,0.5438562957445509,0.418815508931606,0.037328195323843114
188,0.5445424489384592,0.4183920014718504,0.037065549589690404
189,0.549304985067358,0.4143413065022483,0.036353708430393615
190,0.5464635130048248,0.41791069605144615,0.035625790943729065
191,0.5447364823509943,0.4194839583015288,0.0357795593474768
192,0.5429972297954183,0.421429564991136,0.03557320521344583
193,0.5434423817686216,0.42082509933437745,0.03573251889700107
194,0.5448524884536172,0.41990948577625287,0.03523802577012992
195,0.546430146882717,0.4184751714136681,0.03509468170361488
196,0.5472765562792643,0.4176508597664329,0.035072583954302794
197,0.5440778161432386,0.42020760669119844,0.035714577165562957
198,0.5432663462306009,0.4211916118461618,0.035542041923237254
199,0.538757253279015,0.42652257787103415,0.034720168849950946
200,0.5359621845221648,0.42902176763384436,0.03501604784399085
201,0.5345898339152811,0.43038775414957636,0.03502241193514247
202,0.5308990411404585,0.4342037875817506,0.034897171277790864
203,0.5286320193828803,0.4366620295594144,0.03470595105770522
204,0.5245126206347824,0.4405494002267966,0.034937979138420894
205,0.526731561137513,0.43828777952391235,0.03498065933857468
206,0.525469831974925,0.4404618086740324,0.03406835935104253
207,0.5245872026201218,0.4409985778648857,0.034414219514992524
208,0.5237716179131652,0.4412195466361435,0.035008835450691514
209,0.5229688779708612,0.4408391021288345,0.036192019900304136
210,0.5174822890673854,0.4447494828138767,0.03776822811873792
211,0.5140137136899013,0.44651508532234524,0.03947120098775349
212,0.540285859444529,0.4154192750794447,0.04429486547602631
213,0.5412445867922856,0.4141386779424964,0.04461673526521796
214,0.5458377244376431,0.41007530888662097,0.04408696667573587
215,0.5436550104889875,0.4124079004326705,0.043937089078342
216,0.5454807723554846,0.41118998089764563,0.043329246746869804
217,0.5378984301593535,0.4144437934170939,0.04765777642355269
218,0.5355400468448233,0.4166467535826439,0.047813199572532834
219,0.5298173917001118,0.41804993992659845,0.052132668373289885
220,0.5267014748351221,0.42105110523317074,0.05224741993170716
221,0.5271760521593051,0.42108645494188535,0.051737492898809696
222,0.5258341904892478,0.42247270038773044,0.051693109123021594
223,0.5242429205175514,0.42471099818975405,0.051046081292694674
224,0.5177757824559546,0.4277750760819283,0.05444914146211711
225,0.510749273547817,0.4301354754291919,0.05911525102299106
226,0.5075816421089973,0.4309721450273041,0.061446212863698724
227,0.5082486508239373,0.4287124903474557,0.06303885882860703
228,0.5038633586608748,0.4318229562579956,0.06431368508112945
229,0.5160756744158164,0.4259297936488032,0.05799453193538042
230,0.5258907723918341,0.4225786653126283,0.051530562295537624
231,0.5317986669656398,0.4200193075329085,0.04818202550145172
232,0.5306742879348602,0.42185891624835625,0.047466795816783626
233,0.5291661505078663,0.4240560008528948,0.04677784863923882
234,0.5248351132994628,0.4275424060447224,0.04762248065581496
235,0.5295835591595863,0.4219310250901929,0.04848541575022068
236,0.532362365837844,0.4195203577427905,0.04811727641936549
237,0.5184567592442316,0.43543714990700616,0.04610609084876227
238,0.5134826034260548,0.4339941166861004,0.052523279887844755
239,0.5179622581920925,0.4284468129750227,0.05359092883288486
240,0.5085642522510613,0.43620888255908363,0.055226865189855166
241,0.5136518479289319,0.43056105955910573,0.05578709251196231
242,0.5204216273116893,0.42802882598430336,0.05154954670400733
243,0.519829742992905,0.4282837440304386,0.05188651297665637
244,0.5210183101871677,0.42681369228710025,0.052167997525732084
245,0.5194089709213597,0.4288029820947734,0.051788046983866784
246,0.5190888648796901,0.429084465085245,0.05182667003506507
247,0.5136580093054566,0.43470154603918215,0.051640444655361106
248,0.5134382589730441,0.4354178488892544,0.05114389213770145
249,0.5120273370690013,0.4366283673923177,0.05134429553868103
250,0.5134371394865387,0.4348539224530854,0.0517089380603759
251,0.5121939045761491,0.4367165535479043,0.051089541875946734
252,0.5123808344126979,0.4361140897828062,0.05150507580449592
253,0.5141353423886821,0.43569237118971066,0.050172286421607246
254,0.5203800298342511,0.4298000402856803,0.04981992988006864
255,0.5247090475744517,0.4290850062298762,0.0462059461956722
256,0.5301554975878903,0.42279897968759783,0.047045522724511867
257,0.5423509585865549,0.4143816399446827,0.043267401468762345
258,0.5410241406163078,0.4159414937594023,0.043034365624289875
259,0.5396589356876166,0.41788814328032103,0.042452921032062545
260,0.5435025933403749,0.41372469870665096,0.042772707952974214
261,0.5492164328877248,0.4068393543552237,0.04394421275705138
262,0.5558823642826733,0.3995628443632724,0.044554791354054345
263,0.5604824406917192,0.400643064200385,0.03887449510789577
264,0.5638712559348948,0.3970296615205415,0.03909908254456363
265,0.5644240086963702,0.3964228764203804,0.039153114883249386
266,0.5608968259728488,0.39990860484213636,0.039194569185014815
267,0.5666146696487653,0.39441659630758263,0.03896873404365212
268,0.5639355691462706,0.3976094773351722,0.03845495351855702
269,0.5649472725508179,0.3975400920114358,0.0375126354377464
270,0.5596041645311834,0.4018677211129898,0.038528114355826794
271,0.5538352750656131,0.4079824227096888,0.03818230222469822
272,0.5521286823800824,0.4093662635807367,0.03850505403918092
273,0.546365103001082,0.41593719745941365,0.0376976995395044
274,0.5468453727922211,0.4161034404450374,0.03705118676274148
275,0.5478191568313794,0.4152465957877602,0.03693424738086034
276,0.5493377440805576,0.413289347718879,0.03737290820056352
277,0.5479444971521847,0.41644434945738473,0.035611153390430535
278,0.5450951339923222,0.42038388214496447,0.034520983862713114
279,0.5500040771429031,0.4158680367300424,0.03412788612705459
280,0.553958125922303,0.4117405697442698,0.03430130433342714
281,0.5555651905755655,0.4104153127913124,0.03401949663312213
282,0.5518535887428726,0.41359665233951476,0.03454975891761261
283,0.5524360420403952,0.41280864521288796,0.0347553127467169
284,0.5512768607137761,0.41404075391294204,0.03468238537328196
285,0.5521179267878925,0.4127883116472731,0.03509376156483439
286,0.5569245320798764,0.40786214788934255,0.03521332003078105
287,0.5601246762388268,0.40455317900969073,0.03532214475148247
288,0.5554852813372346,0.40956242228648765,0.03495229637627767
289,0.5500143346603678,0.41508172837015367,0.03490393696947862
290,0.5492725447153489,0.4159317245544839,0.034795730730166986
291,0.5475469330166509,0.4175635142607981,0.03488955272255092
292,0.5401515088359182,0.4197251467784042,0.040123344385677565
293,0.5380288666267918,0.42207438955952475,0.039896743813683286
294,0.541080158475263,0.4184560232312521,0.04046381829348477
295,0.5396048228321182,0.41971333366961633,0.04068184349826531
296,0.541659022717133,0.4171977866252311,0.04114319065763599
297,0.5395455680982312,0.41897641270928293,0.04147801919248593
298,0.5369324763646769,0.42095349427710904,0.04211402935821414
299,0.539044787665621,0.41840503619449276,0.042550176139886126
300,0.5402187975197588,0.41814761732691597,0.041633585153325235
301,0.5329385384523532,0.425351732268645,0.04170972927900187
302,0.5321014484071162,0.4255215443179379,0.04237700727494597
303,0.5282877630549919,0.42977995125091234,0.041932285694095586
304,0.5245453677164207,0.4333434042142112,0.04211122806936803
305,0.5265039678115656,0.4304518930529454,0.04304413913548897
306,0.5244897245955227,0.43180770966690557,0.04370256573757165
307,0.5269665131124064,0.42965899375296523,0.043374493134628433
308,0.5249794037668497,0.43119876674574437,0.043821829487406
309,0.5258749205582808,0.43007691725662256,0.044048162185096745
310,0.5164771338194857,0.4341180055345255,0.04940486064598884
311,0.5143481216845743,0.4359770435231331,0.0496748347922924
312,0.5064031378216549,0.43877402272681837,0.054822839451526606
313,0.5067294387964678,0.438584538608294,0.05468602259523817
314,0.506656063383213,0.4383078239389239,0.05503611267786311
315,0.5064875394085238,0.4378270638289729,0.05568539676250338
316,0.5064874922744174,0.4379716500214892,0.055540857704093526
317,0.5024605778127421,0.4416413093562288,0.05589811283102917
318,0.49368389304073035,0.4511864313221404,0.055129675637129165
319,0.4963007707739918,0.4476029305884232,0.05609629863758495
320,0.5028219931548953,0.44186829065604094,0.05530971618906388
321,0.5043870141497632,0.4407342559139407,0.05487872993629607
322,0.5000404666648102,0.44424912582568216,0.05571040750950774
323,0.5003887302165713,0.4440320484788906,0.05557922130453812
324,0.5040068020480558,0.44097777035576113,0.05501542759618302
325,0.4996905695693282,0.4463490877938262,0.05396034263684572
326,0.49650490521311874,0.45039151781557757,0.0531035769713038
327,0.5015437135790065,0.4460745959372997,0.05238169048369383
328,0.5093353536884061,0.43766297949718597,0.053001666814407856
329,0.5107069076130907,0.4361625848731938,0.053130507513715584
330,0.5173100637038685,0.43056657496193046,0.05212336133420092
331,0.5222388011909297,0.4306235002471634,0.04713769856190693
332,0.5187272190727772,0.4338418523018995,0.04743092862532318
333,0.5365751062712167,0.42041030710616234,0.04301458662262106
334,0.537415959778882,0.41887558481352666,0.04370845540759141
335,0.5374371836413657,0.41820316254216244,0.04435965381647182
336,0.5295037920654133,0.4247867670792674,0.045709440855319444
337,0.5420247241072972,0.41317900362027016,0.04479627227243266
338,0.5542190054184706,0.4070586428304261,0.03872235175110337
339,0.5569908092551015,0.4054128002418498,0.03759639050304883
340,0.5548029066421458,0.40594940520180817,0.03924768815604597
341,0.5610709373599634,0.40040044087999627,0.038528621760040384
342,0.5674461362023522,0.39864022326998483,0.03391364052766301
343,0.5624854651227219,0.4041689435737512,0.03334559130352679
344,0.5638390377266178,0.40290917409018445,0.0332517881831977
345,0.565457115561115,0.40074811699639973,0.033794767442485385
346,0.5629925888985774,0.402401861423284,0.0346055496781385
347,0.5661717833301644,0.3985767712665206,0.03525144540331513
348,0.5695146421750035,0.394768201830147,0.03571715599484952
349,0.5620176164877807,0.40177985494866253,0.03620252856355675
350,0.5581929428371435,0.4066924141402033,0.03511464302265318
351,0.5565875104080675,0.40774620983599386,0.03566627975593854
352,0.544168494746654,0.42118436589990976,0.034647139353436295
353,0.5410522177709398,0.4239688639724429,0.03497891825661733
354,0.5435950709474761,0.42185348513036774,0.03455144392215615
355,0.5484023529855728,0.4171586165009095,0.034439030513517765
356,0.5335741299549176,0.4330744491941165,0.033351420850965936
357,0.5391755488578803,0.42742546840825374,0.03339898273386604
358,0.5410280792323086,0.42548990337081133,0.03348201739688011
359,0.5411142263123546,0.42493615503922044,0.033949618648425016
360,0.5429479929223751,0.42295096066138477,0.03410104641624019
361,0.5415052793511401,0.42548659366510944,0.033008126983750455
362,0.5463995371008262,0.42138316344232213,0.03221729945685157
363,0.5526286939051762,0.41601326860321874,0.031358037491604936
364,0.551735429492305,0.41768271925524547,0.03058185125244958
365,0.5491218581492241,0.4193511650792212,0.031526976771554645
366,0.5528036642893153,0.41569410247833627,0.03150223323234847
367,0.5545614963152501,0.41233586871528355,0.03310263496946633
368,0.5458144282606225,0.42075020492257903,0.03343536681679859
369,0.5472279301113407,0.41897053798505896,0.03380153190360024
370,0.5395811010232311,0.42662422304534464,0.0337946759314242
371,0.5342615852561751,0.4307510445002366,0.034987370243588396
372,0.5357087252084873,0.42958153807718585,0.03470973671432677
373,0.5424861632994147,0.42315100923328824,0.03436282746729719
374,0.5418203739722494,0.4237409816314511,0.03443864439629958
375,0.5372270225667004,0.42859029470687277,0.03418268272642681
376,0.5281326930875395,0.4315541629509729,0.04031314396148759
377,0.5265314502261558,0.43246004850393427,0.04100850126991003
378,0.518665279590816,0.43455299019423504,0.04678173021494886
379,0.5172940181921221,0.4354275463810275,0.04727843542685058
380,0.5144020935662843,0.438758378036161,0.04683952839755472
381,0.5154485470391992,0.4373367116867556,0.04721474127404518
382,0.5194048529733615,0.43333535019356634,0.0472597968330721
383,0.5246364637550632,0.4344175105646173,0.04094602568031952
384,0.5156042795328412,0.4440431448148519,0.04035257565230701
385,0.505055718069019,0.4492119947344395,0.045732287196541516
386,0.5082991342079712,0.4463477658750696,0.045353099916959204
387,0.5058531739795032,0.44758111102790105,0.04656571499259571
388,0.5038065253901836,0.4491720345372831,0.047021440072533234
389,0.49571710395152874,0.45154874410613255,0.05273415194233877
390,0.4962260685409542,0.4522343084794808,0.051539622979565006
391,0.4965605001462297,0.4520436438383595,0.05139585601541079
392,0.5042245953027006,0.44409122055269407,0.051684184144605315
393,0.4994556679405933,0.4488103448294769,0.05173398722992974
394,0.5256293248476199,0.41894161112146006,0.05542906403091999
395,0.5239533056024064,0.42159350245320293,0.05445319194439065
396,0.511241618451169,0.4241480042155503,0.06461037733328072
397,0.5146496507695595,0.42435963015122796,0.06099071907921248
398,0.5132441898517879,0.42596517159039243,0.06079063855781966
399,0.5150119890481563,0.4245177612370788,0.06047024971476497
400,0.5209294049674328,0.42325250868667175,0.05581808634589556
401,0.5247774383335375,0.42320555372254537,0.0520170079439171
402,0.527381685823423,0.42053389792731954,0.05208441624925739
403,0.525583166079489,0.4222284408502521,0.0521883930702591
404,0.5288730621892124,0.4188739824960485,0.05225295531473911
405,0.526710339507998,0.42108811673545876,0.05220154375654341
406,0.5227353927191297,0.42455375823785513,0.05271084904301521
407,0.5199114998250073,0.4278852538442445,0.0522032463307482
408,0.5189839475474565,0.4296706287949812,0.0513454236575623
409,0.5172166851067529,0.43177900546576026,0.05100430942748686
410,0.5194565116132991,0.4286781626866471,0.051865325700053755
411,0.5234688407022177,0.4249313454716208,0.0515998138261615
412,0.5250804936838956,0.42358282922234136,0.05133667709376299
413,0.5246164463864545,0.42410629692471985,0.051277256688825636
414,0.5216478787536053,0.42756765534740204,0.05078446589899278
415,0.5348465085180218,0.41937772017138925,0.04577577131058894
416,0.5355000935229552,0.41929014466784836,0.04520976180919645
417,0.5435206876038642,0.416247561300758,0.04023175109537793
418,0.5442553389819509,0.41518788193611456,0.04055677908193455
419,0.540927538192019,0.41823712597911816,0.04083533582886285
420,0.5456218029434337,0.4138465961252789,0.04053160093128745
421,0.5509101992062717,0.41401141179014533,0.03507838900358292
422,0.5455980050497091,0.4185056871211751,0.035896307829116
423,0.5457372017260974,0.41820146220106436,0.036061336072838124
424,0.5424081612350158,0.42151060612303476,0.036081232641949346
425,0.5416093241476954,0.42319591844468113,0.03519475740762345
426,0.5549916185253629,0.41016610444271256,0.03484227703192442
427,0.5559397725433762,0.40901500894325094,0.03504521851337281
428,0.5578007771913199,0.40674889269915443,0.0354503301095257
429,0.557555485430636,0.40708682850809685,0.03535768606126705
430,0.5564692982257042,0.40825215293341144,0.035278548840884376
431,0.5598078165529968,0.4049856547419604,0.03520652870504275
432,0.5631681632179796,0.40215595414980504,0.034675882632215445
433,0.5657202275245534,0.3991444433013156,0.03513532917413097
434,0.580570408318382,0.3888498141152857,0.030579777566332268
435,0.5741036026203883,0.3959782112795721,0.029918186100039535
436,0.5749840934288784,0.3949341168809886,0.03008178969013314
437,0.5699677043079469,0.39966539664430945,0.03036689904774363
438,0.5746172095049856,0.39524327544629256,0.030139515048721796
439,0.5778086713243723,0.3918707673700599,0.030320561305567748
440,0.5746327025944372,0.3942224434326526,0.031144853972910023
441,0.5704898160213824,0.39826193772817137,0.03124824625044634
442,0.5732337615421202,0.3953947766583775,0.031371461799502176
443,0.5721755191195178,0.39644785572963903,0.031376625150843246
444,0.5793199488288374,0.3894681851476275,0.031211866023535158
445,0.5804308521305337,0.3886813549719791,0.030887792897487203
446,0.577768151202551,0.39163588887465667,0.03059595992279233
447,0.5804155454551905,0.38872946874033154,0.03085498580447797
448,0.5793970654436036,0.3893869122371611,0.031216022319235176
449,0.5521687860546826,0.41596109597227604,0.0318701179730413
450,0.5470857896443352,0.42076168739585645,0.03215252295980846
451,0.5424254448625163,0.4253561142368608,0.03221844090062279
452,0.5436990031318569,0.4246972100216804,0.03160378684646275
453,0.5472126776947612,0.4212672526519337,0.031520069653304936
454,0.5401714222540328,0.4279831552596799,0.03184542248628723
455,0.5307921711332177,0.4370774003721397,0.032130428494642656
456,0.529830029265644,0.4381199128237364,0.03205005791061958
457,0.5293676377967644,0.43807966600224274,0.03255269620099279
458,0.5309011373077753,0.4367888904438666,0.032309972248358146
459,0.5238929066697336,0.4434622103466868,0.03264488298357954
460,0.5282496052811088,0.4389487587096494,0.032801636009241915
461,0.5283533249718566,0.4376867422884682,0.03395993273967523
462,0.5360253296309696,0.42943207157997076,0.034542598789059575
463,0.5347648240617403,0.43088547767638774,0.034349698261872084
464,0.5290980407622496,0.43086900698936437,0.04003295224838595
465,0.5284794153169378,0.432258639883856,0.03926194479920628
466,0.5263038854845844,0.43418882297864114,0.03950729153677453
467,0.5274565657543068,0.43267598641334487,0.03986744783234841
468,0.5113229503298237,0.44392046539130015,0.044756584278876306
469,0.5103631997548921,0.4451078095696756,0.04452899067543238
470,0.5130579640026821,0.4424319759720959,0.04451006002522202
471,0.50582302092893,0.4505621186319556,0.04361486043911443
472,0.5068206975058084,0.44942708714756774,0.043752215346624
473,0.507673324815639,0.4477867049741577,0.04453997021020341
474,0.501454554662486,0.4490296872181745,0.0495157581193395
475,0.5012758379595333,0.4486125149817567,0.05011164705871007
476,0.534080397466145,0.41625822243199384,0.04966138010186098
477,0.5278782203420358,0.4175509849014313,0.05457079475653298
478,0.5280353317327742,0.4170266354333037,0.05493803283392207
479,0.5293284903328237,0.4159015317784307,0.05476997788874555
480,0.5301536530728822,0.41501213361394534,0.05483421331317252
481,0.5252211478720651,0.41914908287801433,0.05562976924992037
482,0.5453169917391576,0.402427237618699,0.052255770642143484
483,0.5485340929125826,0.39730564594179324,0.05416026114562418
484,0.5567164493603717,0.39420475084745377,0.04907879979217441
485,0.5606122604209312,0.3908707077973643,0.04851703178170462
486,0.5597536859746375,0.390929104318674,0.04931720970668845
487,0.5599772014574442,0.3906389269628451,0.04938387157971069
488,0.5598321857206037,0.3918356914680959,0.04833212281130036
489,0.5577173109176048,0.3941214523915075,0.048161236690887795
490,0.5573038569897271,0.3942492282078208,0.04844691480245205
491,0.55949687409856,0.3920063642023145,0.04849676169912543
492,0.5412216928080357,0.41566422107598316,0.04311408611598103
493,0.5424742766540561,0.4144169640711643,0.043108759274779584
494,0.5442645494840227,0.41324367743504836,0.042491773080928906
495,0.5445241568212068,0.41271059298803964,0.04276525019075345
496,0.5426076216396204,0.4150667589094848,0.042325619450894886
497,0.5440732964407262,0.41317050767695357,0.04275619588232033
498,0.5420809711451311,0.4151933680330297,0.04272566082183917
499,0.5446155026713485,0.41339292220922697,0.04199157511942446
500,0.5473781646874443,0.4104967881299147,0.04212504718264094
501,0.5456162891727018,0.41237311042498814,0.04201060040231002
