,0,1,2
0,0.49869218808800125,0.37915691423212483,0.12215089767987392
1,0.5013080085720856,0.37672418202544106,0.12196780940247347
2,0.5053257490822064,0.37396248600764387,0.1207117649101498
3,0.5022639707584144,0.36958714435698337,0.12814888488460216
4,0.4985703564093186,0.36888344939986595,0.1325461941908155
5,0.5018997057582713,0.365394237578344,0.13270605666338478
6,0.5010986607881768,0.36500149663121995,0.13389984258060325
7,0.5008347177833925,0.36756385449681556,0.13160142771979194
8,0.503655711073129,0.3650005244106906,0.1313437645161804
9,0.5048185078692178,0.3656513791095591,0.12953011302122308
10,0.47641719795973414,0.3887985777012672,0.13478422433899864
11,0.4792895691712989,0.3919981957656323,0.1287122350630688
12,0.4800920373799465,0.3942846976773635,0.12562326494269005
13,0.4778011751770625,0.39186248180681,0.1303363430161276
14,0.4763621514665706,0.3902294095989705,0.13340843893445892
15,0.47547330942680105,0.39283789808073954,0.1316887924924595
16,0.4840468523341514,0.3905090227986494,0.1254441248671991
17,0.4848222799615165,0.3918699116784037,0.12330780836007978
18,0.4883063185694149,0.3895680615088616,0.12212561992172356
19,0.48855999076459816,0.38765805847988394,0.1237819507555179
20,0.48444416952735125,0.38994122667312636,0.12561460379952247
21,0.48600603656560853,0.3907913634094047,0.12320260002498679
22,0.48570349596021056,0.39125180276337373,0.1230447012764157
23,0.48650842008579215,0.39115130652287655,0.12234027339133124
24,0.48182775041694026,0.3924707534866968,0.12570149609636297
25,0.4771490809895559,0.3944959227988362,0.12835499621160787
26,0.4819344148744111,0.39464022985657754,0.12342535526901137
27,0.4841639145997223,0.3921018003206788,0.12373428507959881
28,0.4843327501346635,0.3928510216427511,0.12281622822258552
29,0.47818592523925507,0.3949587698613349,0.12685530489941005
30,0.47484276448508483,0.39667343275877986,0.12848380275613536
31,0.47705908346547293,0.39727826770590874,0.12566264882861836
32,0.4789506873232041,0.3964509062759815,0.12459840640081435
33,0.4818683528012193,0.39373922279787765,0.12439242440090305
34,0.4869632750063062,0.388744696106629,0.12429202888706484
35,0.48654799795891424,0.3867671495380412,0.1266848525030445
36,0.49201631155557,0.38330779178772606,0.12467589665670391
37,0.49349450720356236,0.3811202688994969,0.12538522389694073
38,0.492296863562818,0.38107977160188067,0.1266233648353014
39,0.4950211708342725,0.3793656200145928,0.1256132091511347
40,0.49287959202372666,0.3776358950441833,0.12948451293208998
41,0.4944461929028449,0.37312884438114896,0.13242496271600623
42,0.49311260074270213,0.3701162831070329,0.13677111615026508
43,0.49859998128949107,0.3672767323585437,0.1341232863519652
44,0.493239274236382,0.3719146968505213,0.13484602891309672
45,0.4909825842123747,0.37607786537119586,0.13293955041642955
46,0.4873203711249599,0.3788286433140792,0.1338509855609609
47,0.4863094976167821,0.3809070481535398,0.13278345422967805
48,0.4853235717686986,0.37941159699342114,0.13526483123788025
49,0.4874502740221188,0.3773154434442361,0.1352342825336451
50,0.48642779267244307,0.37875607613626266,0.13481613119129418
51,0.4915512151649346,0.3755251364090757,0.13292364842598978
52,0.4872646081828868,0.3790849550377194,0.13365043677939376
53,0.4822949803111878,0.3815842513786092,0.13612076831020306
54,0.4805456873586345,0.3868496795092492,0.1326046331321163
55,0.48290681831567883,0.38612329859074035,0.13096988309358076
56,0.47734570216400857,0.39104815662682024,0.13160614120917136
57,0.47277727203964853,0.3936574866063058,0.13356524135404568
58,0.47110178187777585,0.39686454721803216,0.13203367090419196
59,0.47516349319632945,0.39309307583489667,0.13174343096877386
60,0.4729048654213142,0.3942782959862243,0.13281683859246157
61,0.47027352076223405,0.39482084615748003,0.13490563308028578
62,0.46703662947203833,0.3985989402951533,0.1343644302328084
63,0.4674509264744321,0.3981785314012605,0.1343705421243074
64,0.469496144430715,0.39846588483046674,0.13203797073881823
65,0.468660062811898,0.40042786784118495,0.1309120693469172
66,0.4682868567417297,0.40231325254547645,0.1293998907127938
67,0.4675263759543044,0.40342927897693226,0.1290443450687632
68,0.46673172578640776,0.4031851771512177,0.13008309706237436
69,0.46660851261013503,0.4008272266545213,0.1325642607353437
70,0.4629924793619909,0.4038865758259667,0.1331209448120423
71,0.4624049125249394,0.4054740268716706,0.13212106060338993
72,0.4630048228154167,0.4047187137212733,0.13227646346330985
73,0.46050539812463576,0.4049085096706859,0.1345860922046783
74,0.4592153137264815,0.4063375821124812,0.13444710416103733
75,0.46102756067711786,0.40485509314520995,0.13411734617767207
76,0.4589927069198741,0.4052612437248576,0.13574604935526843
77,0.46135495587879066,0.40215254451654026,0.13649249960466903
78,0.4612250084448577,0.4038829690013624,0.13489202255377988
79,0.46134586441871195,0.40331223472241,0.13534190085887804
80,0.45936579770162556,0.40587318015541485,0.13476102214295949
81,0.45973251136827276,0.40462040927130044,0.1356470793604268
82,0.45604560863104404,0.4091745167586957,0.1347798746102602
83,0.46131542067554415,0.40950529001835334,0.12917928930610242
84,0.4625392129998761,0.4075391983197276,0.12992158868039633
85,0.45666129113546156,0.413442688015095,0.12989602084944343
86,0.45558445479983356,0.41414883664845525,0.13026670855171124
87,0.45795937509923457,0.41323138212731747,0.12880924277344802
88,0.46015044429993895,0.4116166760204259,0.1282328796796351
89,0.4618860581096474,0.4066359831062144,0.13147795878413826
90,0.4575934186128404,0.4107905767110516,0.13161600467610793
91,0.45562141914826026,0.41429024615689536,0.1300883346948445
92,0.45609889647270796,0.4142281162510873,0.1296729872762048
93,0.45701886417034704,0.41382048289678,0.12916065293287307
94,0.4586312809390232,0.41186331359589173,0.12950540546508513
95,0.45539552918444043,0.4131799888652903,0.13142448195026923
96,0.4573442702810906,0.41185422525677134,0.13080150446213806
97,0.4558898240342631,0.4134883281465975,0.13062184781913938
98,0.4551075708328159,0.4148564518732946,0.13003597729388947
99,0.45464688171385587,0.41469459757945915,0.13065852070668496
100,0.45407130389463024,0.41618880090510507,0.1297398952002648
101,0.45781959757225776,0.409629184454864,0.13255121797287828
102,0.4584850362516203,0.41018122645273347,0.1313337372956462
103,0.4577703893667487,0.41209722157073,0.13013238906252125
104,0.4556906145719836,0.41376036762411084,0.1305490178039056
105,0.45359891145850334,0.4157772605880407,0.1306238279534558
106,0.4628143330187346,0.41012676101972156,0.1270589059615438
107,0.46337156053985096,0.4098649639390681,0.12676347552108094
108,0.46228138366300525,0.4091806622266686,0.1285379541103262
109,0.4598589302149861,0.4103038294094321,0.12983724037558175
110,0.4638511400111073,0.412590751480096,0.12355810850879666
111,0.4628443136317017,0.4137761906544087,0.12337949571388952
112,0.4626865848064101,0.4137968680661628,0.1235165471274272
113,0.4646908084245351,0.41071798889960237,0.1245912026758625
114,0.4620131586090062,0.4140986606584513,0.1238881807325424
115,0.4633700218582671,0.41113737777047143,0.12549260037126148
116,0.4597654196770181,0.4142796408569026,0.1259549394660793
117,0.4570235115938461,0.4175368408506137,0.12543964755554027
118,0.4570987496836976,0.4173819804574887,0.12551926985881373
119,0.4563772525274701,0.41682948270017117,0.12679326477235883
120,0.4547290397079056,0.41790884187373956,0.1273621184183547
121,0.48659885755703514,0.3878738288620843,0.1255273135808805
122,0.48617756903486153,0.3897369533493163,0.12408547761582224
123,0.488073348396967,0.38819562267131186,0.12373102893172111
124,0.48869900883549766,0.38757333577981284,0.12372765538468951
125,0.48690509588823067,0.3904669864461783,0.1226279176655911
126,0.487114774848719,0.39055678612113864,0.12232843903014241
127,0.4785967234072364,0.39470727899481717,0.12669599759794647
128,0.47796136307783427,0.39658923680106567,0.12544940012110006
129,0.47509919327613903,0.3992685056601595,0.1256323010637014
130,0.47780563177368096,0.39717085723991,0.12502351098640901
131,0.4786005463756069,0.39703181885451594,0.1243676347698772
132,0.4713852351351143,0.39918725751292183,0.12942750735196393
133,0.4704371343763111,0.4002016167186152,0.12936124890507378
134,0.4723708656657614,0.40043175679112947,0.12719737754310917
135,0.4712219935855792,0.40313732989714074,0.12564067651728014
136,0.4690142084813668,0.4032734328141,0.12771235870453315
137,0.46962684422566614,0.4026069832653949,0.12776617250893893
138,0.4688696699737431,0.40440829756839264,0.12672203245786423
139,0.4657025247483005,0.40734278700437987,0.1269546882473196
140,0.46112142147276686,0.4085305231556768,0.13034805537155647
141,0.46138166365297245,0.4098331033222258,0.1287852330248018
142,0.46102678339017666,0.4074719205945537,0.13150129601526955
143,0.46014107955711386,0.40963656206478494,0.13022235837810126
144,0.45821996061609593,0.4121851473445246,0.1295948920393794
145,0.4577122890279943,0.4109619918420768,0.13132571912992902
146,0.4554250263555984,0.41477142888192825,0.12980354476247336
147,0.4559011641876948,0.41517643057422843,0.1289224052380768
148,0.4526970913825715,0.41998176511443736,0.12732114350299129
149,0.454697680495776,0.4184492887967509,0.12685303070747303
150,0.45508286832287637,0.41960397224689455,0.12531315943022914
151,0.44946445475885927,0.42220032231989246,0.12833522292124827
152,0.44948460372880455,0.42342959365707605,0.12708580261411936
153,0.4490309966490397,0.42401145211480845,0.12695755123615193
154,0.4475385551866451,0.4249364877895721,0.12752495702378297
155,0.4450086806174913,0.42728976315354944,0.1277015562289593
156,0.4439468959594729,0.4257808019060452,0.13027230213448188
157,0.44739114546945147,0.4232692644452966,0.1293395900852518
158,0.4440236242307312,0.42766198810481365,0.12831438766445508
159,0.4772199958200085,0.39445162471049244,0.128328379469499
160,0.47837274657972834,0.3919068907732166,0.12972036264705508
161,0.4796619818924718,0.3902508267895412,0.13008719131798702
162,0.4797122867240095,0.3898079730376638,0.1304797402383267
163,0.4810154757606119,0.38920376670705975,0.1297807575323284
164,0.4801476124500623,0.38939215185808546,0.13046023569185228
165,0.4775348933533189,0.3920804183267342,0.1303846883199469
166,0.4773554215744289,0.3915548244218148,0.1310897540037564
167,0.4764925485656781,0.3917308605371068,0.13177659089721522
168,0.474518266496223,0.39391040107855074,0.13157133242522623
169,0.47479935813192087,0.3954946726642544,0.12970596920382468
170,0.47713338282758994,0.3949041295121234,0.12796248766028667
171,0.47516382893117065,0.39849370068216117,0.12634247038666827
172,0.4761789356277913,0.39955081385333857,0.12427025051887013
173,0.4722817971248588,0.40022386644168617,0.1274943364334551
174,0.4733933095929869,0.39642244976343416,0.13018424064357886
175,0.47408327759791286,0.395920629833804,0.12999609256828307
176,0.47211776855237325,0.3962746353877648,0.131607596059862
177,0.47549842140464005,0.3964770693444532,0.12802450925090683
178,0.47627525591729286,0.39386765142681557,0.12985709265589163
179,0.4797829590391646,0.3895412727213822,0.1306757682394531
180,0.4792578179961587,0.38995152460561705,0.13079065739822437
181,0.4791094386893268,0.3944549903050214,0.12643557100565178
182,0.4787562758483373,0.3945563904118489,0.12668733373981375
183,0.47325286628939545,0.40291592609476545,0.1238312076158392
184,0.4759786902334136,0.39900755476494254,0.12501375500164388
185,0.4819995498983295,0.3924654843071951,0.12553496579447532
186,0.4801380593861296,0.39483000207670255,0.12503193853716796
187,0.48106752376408135,0.39345783168855436,0.12547464454736432
188,0.48199922346991164,0.3933249822640431,0.12467579426604528
189,0.48190753439234124,0.3902924317801165,0.1278000338275421
190,0.48022608087750696,0.39432088735221943,0.12545303177027356
191,0.4784652090910722,0.3956042807227007,0.12593051018622708
192,0.47713751675805194,0.3976057667527971,0.12525671648915096
193,0.47734641420281,0.3968839322201079,0.12576965357708209
194,0.4792393774686423,0.39656188007302856,0.12419874245832918
195,0.48085406880941944,0.3953939887134355,0.12375194247714504
196,0.48165281586924097,0.3946593184411344,0.12368786568962464
197,0.4779463191411138,0.39633619464276354,0.12571748621612272
198,0.47742066247935994,0.3974201150807215,0.12515922243991853
199,0.47432451642912554,0.4031866936641592,0.12248878990671523
200,0.4714180035610851,0.405166067679355,0.12341592875955991
201,0.47016137567548905,0.4064132713893466,0.12342535293516428
202,0.4669545668926787,0.4100511333221494,0.122994299785172
203,0.4651217247353156,0.4125155381674782,0.12236273709720628
204,0.4610979334840965,0.4158278477742107,0.12307421874169276
205,0.4630642027854514,0.41370707881742486,0.12322871839712371
206,0.45804479584825675,0.41670549370857335,0.12524971044316985
207,0.45681405104604067,0.4167923640082197,0.12639358494573966
208,0.4553377389069813,0.41630078718533675,0.12836147390768188
209,0.453152913083643,0.414581428259085,0.13226565865727194
210,0.45146837299354226,0.4217988392000551,0.1267327878064025
211,0.4515123871914518,0.42163383208699384,0.12685378072155434
212,0.4459449695806168,0.42745233211189276,0.1266026983074905
213,0.4465605281078779,0.4259669839414785,0.12747248795064356
214,0.45120897388438436,0.4225919119035867,0.12619911421202903
215,0.44932807477083775,0.42492327057900264,0.12574865465015955
216,0.45150779567491495,0.424298708352913,0.12419349597217208
217,0.4443662753591718,0.427729990125035,0.1279037345157933
218,0.4420897666393335,0.4296845707812512,0.12822566257941517
219,0.4366151828650257,0.4313237531431424,0.13206106399183182
220,0.47252929230436536,0.39522731299020925,0.13224339470542548
221,0.47334875590879355,0.3955895175077028,0.13106172658350362
222,0.4721509761027355,0.3968977693836353,0.1309512545136292
223,0.47117689156442816,0.399386014205073,0.12943709423049884
224,0.46557223294014083,0.40294976132298355,0.1314780057368755
225,0.4631801254960431,0.40504680822652794,0.13177306627742882
226,0.458879858670652,0.404575970109876,0.1365441712194719
227,0.46349549905187915,0.4016430379050909,0.1348614630430299
228,0.45874299969753846,0.40389383019919517,0.13736317010326643
229,0.46641799526960925,0.3991800607961116,0.13440194393427912
230,0.47234018848638143,0.39709859317773943,0.13056121833587916
231,0.47228764359248193,0.39380955741895013,0.13390279898856797
232,0.47188434087040465,0.39603394412330123,0.13208171500629412
233,0.4711065108303787,0.3985730430086589,0.1303204461609623
234,0.4664231652121873,0.40113825777149925,0.13243857701631337
235,0.47000628873917677,0.39533775701509344,0.13465595424572985
236,0.47285783840706913,0.39339962794873695,0.1337425336441939
237,0.46189945949011935,0.4095604865179315,0.1285400539919493
238,0.46025907406214683,0.4069374766379119,0.13280344929994117
239,0.46357284172520813,0.40112894998177123,0.13529820829302067
240,0.4639602544854334,0.407180200197676,0.12885954531689062
241,0.46828480859266997,0.4016364889950796,0.1300787024122504
242,0.46924229899526726,0.3988018329250425,0.13195586807969029
243,0.4684432972543139,0.39881345800494783,0.13274324474073831
244,0.46931617481505206,0.3972767868965503,0.1334070382883976
245,0.46813320561708593,0.39935590327662274,0.13251089110629136
246,0.4678107966898879,0.3995890967007866,0.13260010660932559
247,0.4629811848039746,0.4048766889326028,0.1321421262634226
248,0.4631543492233228,0.40586916465629463,0.13097648612038246
249,0.46171130547995937,0.40684746899197116,0.13144122552806956
250,0.4627274530878016,0.4049707798090719,0.1323017671031264
251,0.46205547466875296,0.40710054028350406,0.13084398504774306
252,0.46191405268144425,0.40626623218374897,0.13181971513480675
253,0.4645280425360866,0.4067773319923828,0.12869462547153063
254,0.4705291845643532,0.401582432566563,0.1278883828690838
255,0.46871537490130927,0.3999471083112154,0.1313375167874752
256,0.47817833556923284,0.39353993439161344,0.12828173003915364
257,0.4830962035077554,0.3846997381773261,0.13220405831491847
258,0.4821292698211664,0.3863200733509794,0.13155065682785433
259,0.48148370678613184,0.3885889488116055,0.12992734440226267
260,0.484653008782395,0.3845111291558449,0.13083586206176018
261,0.48863433824526803,0.37725203405328667,0.13411362770144533
262,0.49960829120903927,0.37011729109541175,0.13027441769554884
263,0.49901674434417975,0.3712620732997558,0.12972118235606442
264,0.5018240629702722,0.36775986300090463,0.13041607402882316
265,0.5022606912513367,0.3671573859041531,0.13058192284451037
266,0.4990082330676583,0.37030137711110267,0.13069038982123915
267,0.5044742840109433,0.3654906311652879,0.13003508482376866
268,0.5026625390393727,0.3688702329775596,0.12846722798306776
269,0.5047305545953881,0.3696600035362002,0.1256094418684118
270,0.49863516802255536,0.3726961798732581,0.12866865210418654
271,0.49380313464616876,0.37860341860303387,0.12759344675079748
272,0.49186780690281195,0.3795683468844126,0.12856384621277542
273,0.48758047846700164,0.38633225351690215,0.12608726801609638
274,0.4834882459230957,0.3870980389985337,0.12941371507837077
275,0.48451617442282674,0.3864340894623313,0.1290497361148418
276,0.48534754878468267,0.3842075531478057,0.13044489806751167
277,0.48117463861162857,0.38886989767728336,0.1299554637110879
278,0.48001740695523126,0.39365151842989615,0.1263310746148726
279,0.4800813402504411,0.38994706835196097,0.1299715913975979
280,0.4834159108466484,0.3859836106788225,0.13060047847452913
281,0.4852613258126838,0.38509280992920364,0.12964586425811267
282,0.48117065862534464,0.3873945267443575,0.13143481463029796
283,0.4814128962679115,0.3864432262261625,0.13214387750592604
284,0.48046713350033754,0.3876485930888424,0.1318842734108201
285,0.4806595516423635,0.3860417895385054,0.13329865881913117
286,0.48988094032417145,0.3814227404695968,0.1286963192062317
287,0.49263763206586797,0.3782835730050695,0.12907879492906246
288,0.48892292928583986,0.38325421337090376,0.12782285734325627
289,0.48402403694083057,0.38835197988050896,0.12762398317866053
290,0.4834936573687673,0.38924578871009496,0.1272605539211377
291,0.4818054513763651,0.39063566232601693,0.12755888629761786
292,0.4792075114972258,0.39229626976522586,0.12849621873754843
293,0.4775216375948546,0.3946550319285021,0.1278233304766434
294,0.4796821447846999,0.39082553715994334,0.12949231805535674
295,0.47810452588880015,0.39177882928451235,0.13011664482668736
296,0.47947029226364135,0.389062061004393,0.13146764673196568
297,0.4823862900054848,0.39038587530872976,0.12722783468578552
298,0.47935172066487697,0.3916574858851104,0.12899079345001258
299,0.48082853462137715,0.38895555691684086,0.13021590846178205
300,0.48284004084740306,0.38949412192263666,0.12766583722996036
301,0.4761250040910827,0.3960315303429059,0.12784346556601153
302,0.474686240228125,0.3956138165675718,0.12969994320430317
303,0.47166337224063143,0.3998945158528024,0.1284421119065662
304,0.4680775292019433,0.40299960691522424,0.1289228638828326
305,0.46892737852490246,0.3995455140483715,0.13152710742672602
306,0.4664447435954485,0.4002131059318862,0.13334215047266532
307,0.4690178605286325,0.3985363742348735,0.13244576523649396
308,0.4667705447497125,0.3995548276735205,0.13367462757676687
309,0.46735780783860875,0.39833720572116443,0.1343049864402269
310,0.46381039558827414,0.40207165415537527,0.13411795025635043
311,0.4616479094604387,0.40357440463425565,0.13477768590530573
312,0.45956716196986735,0.4063299526126958,0.13410288541743687
313,0.4599617254253618,0.4062414234377553,0.13379685113688292
314,0.4596498384414722,0.40576858400836674,0.1345815775501609
315,0.45904260894233767,0.40492273951856295,0.1360346515390995
316,0.45914331110225165,0.405145356211832,0.13571133268591637
317,0.45521192406214056,0.40828803600138736,0.13650003993647203
318,0.4477098682092511,0.4175313295160355,0.13475880227471337
319,0.4494449314889901,0.4136278645044251,0.1369272040065848
320,0.4559495088224426,0.4088656755150799,0.13518481566247756
321,0.45768150926020146,0.40809531247630054,0.13422317826349803
322,0.45312815214505703,0.4107975115612513,0.1360743362936916
323,0.45353697502406515,0.41068120260522095,0.13578182237071387
324,0.45723828359076746,0.40823309953961,0.13452861686962247
325,0.45401413714874056,0.4138359388163901,0.1321499240348693
326,0.45168189487296956,0.4181043357268733,0.13021376940015728
327,0.45156948234291244,0.4145917593305867,0.13383875832650083
328,0.4582266937825053,0.4064562046942204,0.13531710152327428
329,0.4593827760562262,0.4049941647621159,0.13562305918165787
330,0.4661742423219938,0.40052999092089026,0.133295766757116
331,0.46583194362629515,0.4004671999444224,0.13370085642928248
332,0.46237949940518575,0.4031810141827058,0.13443948641210843
333,0.47302616277243764,0.3902413711192078,0.13673246610835452
334,0.4784735031850911,0.3882257812087896,0.13330071560611928
335,0.48333147299404283,0.38706775695707957,0.12960077004887754
336,0.4804671761258168,0.3920234516757681,0.12750937219841513
337,0.4927640378028176,0.3820362490894727,0.12519971310770975
338,0.499598102704686,0.3768823112587575,0.12351958603655647
339,0.4980924205303893,0.37634332529210435,0.12556425417750633
340,0.4941313919143446,0.3753189426368205,0.13054966544883492
341,0.5006850625259618,0.37090805544108557,0.1284068820329526
342,0.500394605974034,0.36849487253858326,0.1311105214873828
343,0.4967453287687611,0.37415175089716,0.12910292033407886
344,0.4981070747993777,0.373110164639969,0.1287827605606532
345,0.49877282080525037,0.3705415826972082,0.1306855964975415
346,0.4919146558486819,0.3744110083160009,0.1336743358353173
347,0.49384613868394084,0.37021752245297584,0.13593633886308332
348,0.49617939478241874,0.36624992001804657,0.1375706851995348
349,0.48874699830273816,0.3720693334811445,0.13918366821611725
350,0.48686168419584774,0.3777364302005656,0.13540188560358668
351,0.48463481602319547,0.378070360028654,0.13729482394815062
352,0.4749023972768625,0.39142156951832124,0.13367603320481636
353,0.4716412492061992,0.3935574220811975,0.13480132871260345
354,0.4689013704381573,0.3921405824811905,0.13895804708065226
355,0.47336504618755604,0.3880362074128692,0.13859874639957487
356,0.4562272111378175,0.40379858929225887,0.13997419956992357
357,0.46114487299710605,0.39864232543762,0.14021280156527388
358,0.4626701743565477,0.39678639562147733,0.14054343002197497
359,0.4620415086463286,0.39566855872694545,0.142289932626726
360,0.4634441751022246,0.39368151882912583,0.14287430606864962
361,0.4638130300422932,0.3974128877466557,0.13877408221105117
362,0.46939706315122054,0.39475081955889024,0.13585211728988922
363,0.47632141169859316,0.39101162730481165,0.13266696099659517
364,0.4717050652635111,0.3935585929375801,0.13473634179890887
365,0.4678324304401834,0.39375190803660726,0.1384156615232093
366,0.47116034072742985,0.39047649998214456,0.13836315929042553
367,0.4755294695413743,0.3852520517029567,0.13921847875566906
368,0.46720644893849234,0.39242283843866244,0.14037071262284523
369,0.4679076038772981,0.3903385581368605,0.14175383798584132
370,0.4611093597649294,0.39724536601369226,0.14164527422137846
371,0.46026665897990077,0.39937240081920533,0.14036094020089376
372,0.4619528725565323,0.39866738058377377,0.13937974685969398
373,0.46850768260204423,0.3932960405688867,0.13819627682906913
374,0.4678025144735209,0.39373482632451673,0.13846265920196232
375,0.4640636063741887,0.3984355999298634,0.13750079369594778
376,0.46016879168290226,0.4004333715745935,0.13939783674250414
377,0.4636278664724043,0.40053301084346243,0.1358391226841333
378,0.4615936889968539,0.40236110417525245,0.13604520682789367
379,0.46566229807318205,0.4027544830081473,0.1315832189186706
380,0.4634037587061979,0.4061375168578123,0.13045872443598988
381,0.4640347309286226,0.4045497754341161,0.1314154936372613
382,0.46760309614943424,0.40085412417226307,0.13154277967830258
383,0.46774520848115664,0.40232458122627174,0.1299302102925716
384,0.4601624540019022,0.4116595612986135,0.12817798469948427
385,0.45024636084648095,0.4165567670791846,0.13319687207433445
386,0.45353190492750445,0.41426073416520487,0.13220736090729068
387,0.4502252208808706,0.41437068333252497,0.1354040957866045
388,0.4479662199437985,0.41543790373677986,0.13659587631942155
389,0.445834541941144,0.41760981521321294,0.1365556428456431
390,0.44718731836399095,0.4190826288149102,0.1337300528210989
391,0.44759985655076817,0.4190099974073286,0.1333901460419032
392,0.4543785772735187,0.4115212424029448,0.13410018032353652
393,0.4499889540605467,0.41580912440937656,0.13420192153007665
394,0.44098952105773065,0.42348512800804183,0.13552535093422763
395,0.4347117279438959,0.42663999663554186,0.1386482754205622
396,0.43304749368489676,0.42933287558702965,0.13761963072807354
397,0.427865043997835,0.4315359761033509,0.14059897989881417
398,0.42669530523732796,0.43316737082926343,0.1401373239334086
399,0.42848240322163084,0.4320155094756295,0.13950208730273972
400,0.42916499716624323,0.43062491338362435,0.14021008945013247
401,0.4323532903872602,0.4296475936452608,0.13799911596747905
402,0.43466748640728087,0.4271009450766839,0.13823156851603527
403,0.43296233700063647,0.42860138303991685,0.1384362799594468
404,0.43590075066655853,0.425419083770326,0.1386801655631154
405,0.43397511525666166,0.42752683646561773,0.1384980482777207
406,0.4352081332695424,0.4303591357294702,0.13443273100098732
407,0.4709307800929243,0.39589530023220154,0.13317391967487402
408,0.4707386475001779,0.39809522710072176,0.13116612539910022
409,0.4693801919282338,0.400257175660432,0.13036263241133408
410,0.47077313403768745,0.3968434438135938,0.1323834221487188
411,0.47465149083391805,0.3935755901459049,0.13177291902017715
412,0.4763317861352438,0.39250699285777496,0.1311612210069812
413,0.4759525696467863,0.3930265312909983,0.13102089906221528
414,0.47361204580164495,0.3965295082112706,0.1298584459870845
415,0.4812089939994175,0.3890280135509351,0.12976299244964726
416,0.4823264811060708,0.38937418987913003,0.1282993290147991
417,0.48527429444037723,0.3866491501186366,0.12807655544098617
418,0.4855872412083362,0.3853926150153239,0.1290201437763399
419,0.4822576778964034,0.38793305858243793,0.12980926352115876
420,0.48685799550983955,0.38418829379427744,0.1289537106958829
421,0.4879195849113337,0.384870278638644,0.12721013645002233
422,0.48203895578358996,0.38810152682918814,0.12985951738722196
423,0.48195090557492976,0.38764966395183004,0.13039943047324
424,0.4789154700696276,0.3906391635738674,0.1304453663565049
425,0.4793357874415585,0.39312423423778137,0.12753997832066016
426,0.4919358278500977,0.381607077714703,0.1264570944351994
427,0.49252701795062537,0.38034366129221286,0.1271293207571618
428,0.4936766217176275,0.37785437033557917,0.1284690079467933
429,0.49357744303990275,0.37825866514967627,0.12816389181042095
430,0.4926974857174441,0.379404297147449,0.12789821713510693
431,0.4958224134475518,0.37649694866027333,0.127680637892175
432,0.49958744153891566,0.3744575092560328,0.1259550492050516
433,0.5012855714585925,0.3712343964445652,0.12748003209684222
434,0.5098565643210218,0.3614839460350173,0.1286594896439608
435,0.5002452441986986,0.36878775087538607,0.13096700492591518
436,0.5007565777413209,0.36762749640950626,0.13161592584917284
437,0.4957518383893833,0.37155502168374316,0.13269313992687343
438,0.5003265717681503,0.3678340519068291,0.13183937632502057
439,0.5028880875408602,0.36453787886047084,0.132574033598669
440,0.49861430401958623,0.36561856705691814,0.13576712892349577
441,0.494721518439032,0.3691426359568347,0.13613584560413342
442,0.49697242229954397,0.3663902924553731,0.13663728524508284
443,0.49601485684325075,0.3673364187389848,0.1366487244177643
444,0.502706613745186,0.3612273324621824,0.13606605379263165
445,0.50426491069063,0.36092292630623435,0.13481216300313573
446,0.5023753664950027,0.36397346462173413,0.13365116888326325
447,0.5043079990562342,0.36100796807616964,0.13468403286759623
448,0.5027686763976285,0.3611484649438555,0.1360828586585161
449,0.4786237044202768,0.38784131850099846,0.13353497707872486
450,0.4736241087617293,0.3918262829984342,0.13454960823983644
451,0.4693456000743893,0.39589898325064754,0.13475541667496313
452,0.4714291481948677,0.39611046092729246,0.13246039087783984
453,0.4747147182734175,0.39310924397802155,0.13217603774856093
454,0.4678937522367307,0.3987689434483456,0.1333373043149237
455,0.45906137406964104,0.40661519541661595,0.13432343051374304
456,0.45832012140201217,0.40766587324103265,0.13401400535695512
457,0.4571592888690181,0.4069511363474967,0.13588957478348512
458,0.4588910945753786,0.40611269639935743,0.13499620902526405
459,0.45213430553563083,0.4116807581890464,0.13618493627532272
460,0.4557922099320926,0.40739955635390873,0.13680823371399878
461,0.45960402864184113,0.40471091342306237,0.13568505793509658
462,0.46564030027517267,0.39653531024346883,0.13782438948135856
463,0.46478820521530256,0.3980854140202473,0.13712638076445025
464,0.4699165252237016,0.39786078028233923,0.13222269449395915
465,0.47021949692533815,0.3998688272967061,0.12991167577795576
466,0.46797415554135247,0.4013887927619173,0.13063705169673032
467,0.4686160896452902,0.3996635992584411,0.13172031109626875
468,0.45949664687482944,0.41040972449379115,0.13009362863137933
469,0.4588297748590129,0.4116829402192707,0.1294872849217164
470,0.4613019267958076,0.4092519502364186,0.1294461229677738
471,0.45023537294159,0.41743531862929156,0.13232930842911853
472,0.4510092153447845,0.4162783380566496,0.13271244659856588
473,0.45103329849822704,0.4140844776513454,0.1348822238504275
474,0.45058981775913187,0.4155420934368041,0.13386808880406414
475,0.44995031838724897,0.41471462583510255,0.13533505577764848
476,0.4470191736314155,0.4187674706583125,0.134213355710272
477,0.4465168336524395,0.42029416632077027,0.13318900002679018
478,0.4464258887205443,0.4195560038878595,0.13401810739159625
479,0.447720028868492,0.41861186163346414,0.13366810949804392
480,0.44843612639072633,0.41773357767650526,0.1338302959327684
481,0.44340657573834497,0.42108347883244296,0.13550994542921202
482,0.46082195740538096,0.4039168532392716,0.13526118935534737
483,0.46818758280071826,0.39777877725413996,0.13403363994514192
484,0.46968580409412103,0.39431500442610135,0.1359991914797776
485,0.47373286898807093,0.3916085100104098,0.13465862100151932
486,0.47819313739029834,0.3910593594711866,0.13074750313851496
487,0.47834705875934014,0.3907388405496396,0.13091410069102027
488,0.47904471426601525,0.39260921138421156,0.1283460743497732
489,0.4772222401447101,0.3948889014852948,0.127888858369995
490,0.4766144991606919,0.39480655623279765,0.12857894460651037
491,0.47860402217242365,0.3926540673002098,0.1287419105273667
492,0.48668789086693537,0.38309245492370225,0.13021965420936235
493,0.4878334048416495,0.38195792086258507,0.13020867429576544
494,0.49009764702838776,0.38138569279214096,0.1285166601794713
495,0.4900526185767371,0.38067713177782003,0.12927024964544284
496,0.4887581253059245,0.3831877915645332,0.12805408312954236
497,0.4896512230465073,0.38110474494186697,0.1292440320116258
498,0.4878676842560151,0.3829780705925215,0.12915424515146337
499,0.4909336140737177,0.38192792713118257,0.12713845879509972
500,0.4933160429666767,0.37916927923653715,0.12751467779678613
501,0.4918271211732158,0.380979049667285,0.12719382915949903
