,0,1,2
0,0.4450262837491186,0.5047546752422482,0.050219041008633114
1,0.447799242742385,0.5020078222531258,0.05019293500448931
2,0.4516628056170597,0.4986309266363428,0.04970626774659751
3,0.4204534685918516,0.5264855642443107,0.05306096716383777
4,0.4183125911500386,0.5266806364605515,0.05500677238940991
5,0.4220015013227058,0.5228082671698742,0.05519023150742007
6,0.42163956163166466,0.522632549124088,0.0557278892442474
7,0.4203706316629621,0.524994115374125,0.054635252962912925
8,0.42333124624377577,0.5220640018333711,0.05460475192285309
9,0.4238193953706724,0.5223919453013143,0.0537886593280133
10,0.42769986705121554,0.5159810485613379,0.056319084387446615
11,0.4228846702526722,0.5200020231868185,0.0571133065605093
12,0.4225909460144844,0.5217982377586133,0.05561081622690239
13,0.42189739503697876,0.52022391808026,0.05787868688276113
14,0.4215011179634342,0.5191328129683972,0.05936606906816869
15,0.41990907372088565,0.5216022975109789,0.05848862876813532
16,0.4267527188509004,0.5176270575644463,0.055620223584653274
17,0.4267789893209452,0.518632084962207,0.05458892571684774
18,0.43006218866915186,0.5158450432700973,0.05409276806075087
19,0.43096310942083416,0.5141241615249388,0.05491272905422709
20,0.4272426081500936,0.5170433757978801,0.055714016052026305
21,0.42800591446815334,0.5174281647902361,0.0545659207416106
22,0.4276226194205263,0.5178962810101605,0.05448109956931314
23,0.42821835094207605,0.5176267353500719,0.054154913707852005
24,0.42447453416704134,0.5198333412759082,0.055692124557050644
25,0.4256940241978448,0.5209356382789736,0.0533703375231816
26,0.4289295550225419,0.5198732547729574,0.051197190204500614
27,0.43144518189860936,0.5171661965648642,0.0513886215365265
28,0.4312690069483034,0.5177622554532944,0.05096873759840217
29,0.4310512937848421,0.5193347028326,0.04961400338255791
30,0.4280899304139378,0.5216530136159803,0.0502570559700819
31,0.42936241202288067,0.5215669689051052,0.04907061907201422
32,0.4309783960342568,0.5203763290591822,0.04864527490656098
33,0.4340440801860679,0.5173417538019263,0.04861416601200584
34,0.43258005425155654,0.511809301094152,0.055610644654291386
35,0.43303473527320036,0.510176018354649,0.05678924637215059
36,0.43816312774978466,0.5059148074415646,0.05592206480865071
37,0.4104739534200371,0.533215281450908,0.056310765129054925
38,0.4096813071533724,0.5334236122099857,0.056895080636641795
39,0.4121900486319573,0.5313356550644623,0.05647429630358035
40,0.4160048374092394,0.528841026748217,0.055154135842543646
41,0.418892463815338,0.524489333121829,0.056618203062832856
42,0.4192325771268052,0.5220852716786025,0.05868215119459232
43,0.4240998098297897,0.5183266786762711,0.057573511493939175
44,0.4185790575317417,0.5236697814436246,0.057751161024633534
45,0.4153637436462632,0.5278792584504446,0.05675699790329229
46,0.41179115848738157,0.5311284770802132,0.057080364432405224
47,0.4102786516592635,0.5331869411149448,0.056534407225791616
48,0.41021339634140064,0.532087899256489,0.05769870440211038
49,0.41248743413970707,0.5297601816806374,0.05775238417965553
50,0.4112196642803328,0.5312628271570037,0.057517508562663515
51,0.41597024108267094,0.5272624308314907,0.05676732808583825
52,0.41165071180232965,0.5313673657273147,0.05698192247035565
53,0.40730642523813076,0.5346791990084508,0.058014375753418446
54,0.4040504520067275,0.5396814385186287,0.05626810947464385
55,0.4059227793445524,0.5385182439198863,0.0555589767355612
56,0.4002619866586734,0.5440463488779675,0.05569166446335908
57,0.396182259358296,0.5473325498890077,0.056485190752696306
58,0.3938301586828487,0.5504664503182723,0.05570339099887899
59,0.39800500011052276,0.5463050094016736,0.05568999048780361
60,0.3960303440093996,0.5478376540018272,0.056132001988773286
61,0.39405015647611763,0.5489027168297049,0.057047126694177476
62,0.3904354494677792,0.5528773087206175,0.056687241811603305
63,0.3908733396364709,0.5524235598825104,0.05670310048101867
64,0.3921425405494757,0.5522012683345473,0.05565619111597698
65,0.3908399581349691,0.5540636178739653,0.05509642399106566
66,0.42063687930182125,0.5249934349638422,0.0543696857343366
67,0.4196919528710468,0.5261215548607638,0.05418649226818923
68,0.41922825985679096,0.5261165221260289,0.0546552180171802
69,0.42001856358375644,0.5241640088888404,0.055817427527403186
70,0.4163554951407103,0.5276475654312364,0.055996939428053324
71,0.4153598727938592,0.529126234081139,0.05551389312500177
72,0.41605746566390184,0.5283421344865932,0.055600399849504954
73,0.414237063764694,0.5291335378653165,0.05662939836998948
74,0.41280886610528356,0.5306568830449051,0.05653425084981132
75,0.4146227348988154,0.528956533962334,0.05642073113885054
76,0.41304640119825586,0.5298126046730248,0.0571409941287194
77,0.4158475700765813,0.5266037587189342,0.0575486712044845
78,0.41511855765176126,0.5280912809602836,0.05679016138795526
79,0.4154134706436077,0.5275814242950951,0.05700510506129723
80,0.41308426454581637,0.5302302556522895,0.056685479801894124
81,0.41380057783461716,0.5290878838706333,0.057111538294749485
82,0.4095517953513243,0.5338303852057762,0.05661781944289956
83,0.41312288585910006,0.5327641021233718,0.054113012017528155
84,0.41469613870434757,0.5308171880698785,0.05448667322577388
85,0.40844242948554454,0.5372125154522992,0.05434505506215625
86,0.40743468350157885,0.5380711424554152,0.05449417404300585
87,0.40942666780782583,0.536706214871269,0.05386711732090508
88,0.4115416537026965,0.5348119092956375,0.05364643700166595
89,0.4145704325491486,0.5302289469705441,0.05520062048030723
90,0.4100522633064544,0.5347786642492856,0.05516907244426007
91,0.40740982328199155,0.5381783566537625,0.0544118200642461
92,0.40776642953879655,0.5380048324335722,0.0542287380276313
93,0.40855672132285664,0.5374330520009462,0.05401022667619709
94,0.4103905721980602,0.5354032064833889,0.05420622131855091
95,0.40765029327669433,0.537319289510495,0.05503041721281083
96,0.4094932103864393,0.5357240512310734,0.05478273838248731
97,0.40788581573962873,0.5374475843622116,0.05466659989815954
98,0.40684694879163064,0.5387769501216212,0.05437610108674812
99,0.40658217861123375,0.5387616264120467,0.054656194976719565
100,0.4056446740242571,0.5401399093315168,0.05421541664422617
101,0.41063159224911,0.5337563150959609,0.05561209265492915
102,0.41089751534811464,0.5340455298085252,0.05505695484336028
103,0.40970374573566154,0.5358164955442482,0.0544797587200903
104,0.4076485221596515,0.5377232726259602,0.054628205214388104
105,0.4054605633179303,0.5399225981513175,0.0546168385307523
106,0.4090410922393379,0.5346827945465648,0.056276113214097485
107,0.40952525152496067,0.5343306267818042,0.05614412169323526
108,0.40899925527714215,0.5340097365321049,0.056991008190753076
109,0.40689725264525844,0.5355298278342367,0.057572919520504806
110,0.40890324182054566,0.5365119208138064,0.05458483736564801
111,0.4077812017953052,0.5377441914486847,0.05447460675601025
112,0.40766326509971473,0.5377988039871234,0.054537930913161906
113,0.4101514765825621,0.5347390299527928,0.05510949346464517
114,0.40708499340678234,0.5382109581993646,0.05470404839385303
115,0.409076126093652,0.5354034000810485,0.05552047382529953
116,0.4054420918468554,0.5388949121777223,0.05566299597542217
117,0.40238383734170086,0.5422689627565267,0.05534719990177252
118,0.40249022788516536,0.5421219159783615,0.05538785613647323
119,0.4021729425278556,0.5418327487098561,0.055994308762288295
120,0.40063963534216096,0.5431261880903447,0.056234176567494146
121,0.39983810779667533,0.5448287554941149,0.05533313670920964
122,0.39883971081695446,0.5465520229122599,0.05460826627078565
123,0.4007003716187139,0.5448058108379611,0.054493817543325065
124,0.40135898575817175,0.5441289946260586,0.05451201961576956
125,0.39904581719092663,0.5470401580680895,0.053914024740983967
126,0.3991514077855517,0.5470751604298214,0.05377343178462679
127,0.39629729083171,0.5510889284568471,0.05261378071144288
128,0.42746514261333374,0.5205211376201205,0.0520137197665458
129,0.4244670643544354,0.5234971125704058,0.05203582307515883
130,0.4271347157052696,0.521051333740518,0.05181395055421236
131,0.4277356622803945,0.5207354159398513,0.05152892177975426
132,0.4263637427481855,0.5227504409625618,0.05088581628925262
133,0.42531703775767105,0.5238458055875005,0.050837156654828373
134,0.42655380647980207,0.5235192771784382,0.04992691634175982
135,0.4185979391563497,0.5260628998596937,0.05533916098395673
136,0.41699997581852905,0.5266993329824918,0.056300691198979055
137,0.41767080869375645,0.525987761380643,0.056341429925600685
138,0.41648949707556787,0.5276975739573937,0.05581292896703852
139,0.41321409433931483,0.530932964446967,0.05585294121371812
140,0.41389800792844766,0.5315605368710511,0.05454145520050126
141,0.4136044534208863,0.5325766152191284,0.05381893135998527
142,0.4142189133658581,0.5307031162845408,0.05507797034960108
143,0.4128089399948393,0.5327297893751567,0.054461270630004104
144,0.4105400343481167,0.535333019952174,0.05412694569970934
145,0.41062743823697,0.5344501870563912,0.054922374706638785
146,0.40765191031233555,0.5381850201651259,0.05416306952253857
147,0.40783991252888757,0.5383960903193653,0.05376399715174707
148,0.40388416198299976,0.5431624471143734,0.05295339090262669
149,0.40582802500175247,0.5413925967682091,0.052779378230038546
150,0.40568619271127243,0.5422374561978541,0.05207635109087358
151,0.3992705543568326,0.5443096303549694,0.05641981528819788
152,0.39886827702907834,0.5453199816497907,0.05581174132113086
153,0.39835002792679897,0.5459107468845933,0.0557392251886077
154,0.3969799474386153,0.5470382136730023,0.055981838888382485
155,0.3943955422702023,0.5495934270301346,0.05601103069966322
156,0.39414598735339035,0.5486150132113071,0.05723899943530234
157,0.3974375735532191,0.5456998048982071,0.056862621548573744
158,0.3935718990495569,0.5501412152053066,0.05628688574513643
159,0.3912156309407948,0.5525416108959592,0.05624275816324603
160,0.3929502879610058,0.5500824075564222,0.056967304482572007
161,0.3944449100188122,0.5483635316556181,0.05719155832556961
162,0.3946474244194343,0.547965003848671,0.057387571731894606
163,0.3957530367264931,0.5471619842167658,0.05708497905674123
164,0.3950983960836269,0.5475091246224602,0.057392479293913064
165,0.39232204815560306,0.5504101475003611,0.057267804344035785
166,0.39240046956215147,0.5499888848626533,0.057610645575195255
167,0.3917539189799155,0.5503243091660918,0.0579217718539928
168,0.38960534353489834,0.5526409878249724,0.05775366864012933
169,0.38919992719574226,0.5539581284875279,0.056841944316729856
170,0.3909872558122357,0.5529529101808989,0.0560598340068654
171,0.4228407506846345,0.5219583195708738,0.055200929744491666
172,0.4231590268285169,0.5226203918129242,0.0542205813585589
173,0.4240265781086792,0.5228151670618403,0.05315825482948048
174,0.4262377344364647,0.5193275268067141,0.05443473875682117
175,0.42690799721562656,0.5187296928748689,0.05436230990950464
176,0.42540701771428935,0.5195219508713836,0.055071031414326996
177,0.42366617816559826,0.5202932581183167,0.056040563716084915
178,0.42517891902387767,0.5178684174655626,0.056952663510559755
179,0.4292538070474313,0.5133082260749989,0.05743796687756981
180,0.42873198269993357,0.5137865217823963,0.05748149551767014
181,0.4307304058301741,0.5164325848550995,0.052837009314726555
182,0.43044713973894294,0.516606429056293,0.052946431204764166
183,0.42346486245494447,0.5250297825114538,0.05150535503360178
184,0.4268267126907343,0.5210634122241973,0.05210987508506853
185,0.43349462655991033,0.5140246341478043,0.05248073929228532
186,0.4312975460311185,0.5164953059792716,0.052207147989609945
187,0.43246772537975703,0.515099627177325,0.052432647442917896
188,0.43316242832908325,0.5147559216677621,0.05208165000315462
189,0.4328284046287496,0.5108939195467637,0.05627767582448668
190,0.43014410403925,0.5147621198157207,0.05509377614502919
191,0.42843497781324275,0.5162785771129537,0.05528644507380355
192,0.4267650048719622,0.5183062846296668,0.054928710498371044
193,0.42717790217194723,0.5176392478952297,0.055182849932823005
194,0.4286212934844683,0.516916956432594,0.05446175008293757
195,0.43018336073235114,0.515535933649056,0.05428070561859283
196,0.4310149291800304,0.5147177410862759,0.0542673297336937
197,0.4278004996529608,0.5170284817936435,0.05517101855339578
198,0.42703171411667135,0.518080599834753,0.05488768604857574
199,0.4227502124958013,0.5237246547284923,0.05352513277570625
200,0.4199976986029703,0.5260928255402965,0.05390947585673305
201,0.41866712882053847,0.5274464376761698,0.053886433503291725
202,0.41511520192762213,0.5312764848687792,0.05360831320359878
203,0.4129538144170392,0.5337817674180595,0.05326441816490123
204,0.4089628611760862,0.5375177765893444,0.053519362234569406
205,0.4110892329146778,0.5352743237423966,0.05363644334292565
206,0.4099931814623236,0.5377834013193716,0.05222341721830473
207,0.4091012451997859,0.5381713672057883,0.05272738759442583
208,0.4082428563592385,0.5381479200530839,0.053609223587677564
209,0.4073230428319915,0.5372959082421349,0.055381048925873706
210,0.4023845393516629,0.5423977616417,0.05521769900663713
211,0.39891118827002175,0.5434934180086148,0.05759539372136345
212,0.3930226557434047,0.5496374262993916,0.057339917957203626
213,0.3939486649366112,0.5482612210727759,0.05779011399061296
214,0.3983763387569587,0.5443638512444015,0.05725980999863987
215,0.39626468620322075,0.5467447501535603,0.05699056364321891
216,0.3980222616141752,0.5457152740222702,0.05626246436355463
217,0.39527134784888235,0.549094294056537,0.05563435809458071
218,0.39300103937481573,0.5512593665334351,0.05573959409174916
219,0.3920043768596091,0.5527532939890688,0.0552423291513221
220,0.3890048258216468,0.5557298623881557,0.055265311790197474
221,0.42605817085378983,0.5192081145084149,0.05473371463779528
222,0.4247282690154198,0.5206165522043174,0.05465517878026294
223,0.4186483715090962,0.522962278522448,0.05838934996845588
224,0.4166973099095223,0.5262395139679589,0.057063176122518725
225,0.4142556763002588,0.5285945637641636,0.057149759935577665
226,0.41139338950420795,0.5292456819852284,0.059360928510563765
227,0.412220785405563,0.5268372912492614,0.060941923345175654
228,0.41279407871624735,0.529865908598499,0.05734001268525365
229,0.41991609342328384,0.5239511665022624,0.05613274007445375
230,0.4248248841519454,0.5207006834299465,0.054474432418108086
231,0.4260411919085106,0.5179239684163753,0.0560348396751141
232,0.424912731175242,0.5199137925815992,0.05517347624315886
233,0.4234090325429168,0.5222562965348535,0.05433467092222976
234,0.41918510935852665,0.5255990470561719,0.055215843585301475
235,0.4238700356335631,0.5197949927103077,0.05633497165612924
236,0.42659472733697146,0.5174323598811599,0.055972912781868805
237,0.41291275252486265,0.533781653044066,0.05330559443107146
238,0.4127328103218851,0.532021364973563,0.055245824704551756
239,0.4171998698437025,0.5263140165133016,0.05648611364299603
240,0.40812427263664147,0.5338792855303828,0.05799644183297574
241,0.4131330296122288,0.528150606528594,0.05871636385917723
242,0.4148221247464745,0.5254926861283064,0.05968518912521919
243,0.41425451245062817,0.5256840453343871,0.060061442214984856
244,0.4204057715003497,0.524158192742299,0.055436035757351315
245,0.4187970147560032,0.5262114327705578,0.05499155247343894
246,0.4184852072481914,0.5264892899391371,0.05502550281267139
247,0.4131499735079681,0.5321489397966365,0.05470108669539553
248,0.41290131803365127,0.5329330101991798,0.05416567176716877
249,0.4115365310267605,0.5341159454031233,0.054347523570115935
250,0.41293869359161395,0.5322921269845133,0.05476917942387272
