,0,1,2
0,0.17040047866918173,0.7866645826548037,0.0429349386760144
1,0.17201985481981663,0.784927970211938,0.04305217496824531
2,0.17423814075133107,0.7829467222296911,0.0428151370189779
3,0.14332627037570975,0.810873641800036,0.04580008782425432
4,0.14241842722714818,0.8101612287918911,0.047420343980960705
5,0.1443299776648106,0.8078744074666772,0.047795614868512304
6,0.1441960523202192,0.8075461053201647,0.048257842359616124
7,0.143436657205738,0.8093587739654776,0.047204568828784405
8,0.14495905592660158,0.8076954389911347,0.04734550508226364
9,0.14513101084139768,0.808229541228207,0.046639447930395324
10,0.14740258735440825,0.8034495239713534,0.049147888674238374
11,0.1449754661722348,0.8054460587329464,0.04957847509481877
12,0.1446755169206665,0.8071166719405016,0.04820781113883204
13,0.14454021327020186,0.8052505284676537,0.05020925826214441
14,0.1444816592601747,0.8039912560607742,0.051527084679051254
15,0.14357452841306773,0.8057874339038453,0.05063803768308699
16,0.14683729429708645,0.8047035218200512,0.0484591838828623
17,0.14674758168496385,0.8057237376603924,0.04752868065464357
18,0.1484156841680047,0.8043159016463906,0.04726841418560469
19,0.14897326565685176,0.8029622199747253,0.0480645143684229
20,0.1471025187945482,0.804324662644367,0.04857281856108498
21,0.14738589638504046,0.8050355830919049,0.04757852052305461
22,0.14717702674540378,0.8053432139590944,0.04747975929550185
23,0.14745555199923677,0.8053254234169642,0.047219024583799
24,0.14565887560927215,0.8059503705906397,0.04839075380008814
25,0.1460612668967081,0.8075704785786538,0.046368254524638136
26,0.14752915219816776,0.8078825092248828,0.044588338576949445
27,0.1488670185939974,0.806235381631366,0.04489759977463664
28,0.14873162844956092,0.8067599441236206,0.0445084274268185
29,0.14847955345904515,0.808246623926274,0.04327382261468081
30,0.14699661860486854,0.8093062763884651,0.043697105006666404
31,0.14754098874942398,0.8097623915341357,0.042696619716440364
32,0.14834303010611524,0.80925992410942,0.04239704578446469
33,0.14995172776734478,0.8075213683838917,0.0425269038487636
34,0.15286593916206218,0.804268889900907,0.04286517093703083
35,0.15325610477845125,0.8029046017041914,0.04383929351735731
36,0.15593821997783489,0.8006505256305962,0.04341125439156896
37,0.1336190402565085,0.8298458687360862,0.036535091007405165
38,0.13330165422063542,0.8298005749700487,0.03689777080931586
39,0.13448167156333496,0.8287941198489798,0.036724208587685214
40,0.13620369148156344,0.8278044226300539,0.03599188588838261
41,0.13782598192698745,0.8250443855420786,0.03712963253093404
42,0.13825813091636982,0.8231693763489599,0.03857249273467026
43,0.14816297380429694,0.821391015391373,0.03044601080433009
44,0.14527075361382508,0.8243905103409127,0.030338736045262202
45,0.14343929115648826,0.8268922469767157,0.029668461866795993
46,0.14163547132476118,0.828646648876713,0.029717879798525797
47,0.13345765421646752,0.8298606552845676,0.03668169049896487
48,0.1335668358930069,0.8289594454209711,0.03747371868602201
49,0.13469129379787953,0.827692875993779,0.037615830208341416
50,0.1340386316236881,0.8285651136708374,0.037396254705474544
51,0.13629287297707898,0.8266064982708379,0.03710062875208307
52,0.13418512880868547,0.8287651839569666,0.03704968723434799
53,0.13218469097624364,0.8302603359980392,0.03755497302571724
54,0.13040032185511613,0.8333772698114379,0.036222408333445866
55,0.13122089408088358,0.8329541438364817,0.03582496208263476
56,0.12851624366774564,0.8358159987317374,0.035667757600517096
57,0.1194835855057421,0.8373086336263749,0.04320778086788302
58,0.14936780136497713,0.8081705049170893,0.04246169371793362
59,0.1516390976837522,0.8057159661722944,0.04264493614395342
60,0.15060865157027006,0.8064871640393568,0.04290418439037297
61,0.1496290081260806,0.8068332671447422,0.04353772472917715
62,0.14763708818144822,0.8092805785075807,0.04308233331097103
63,0.1478746173633241,0.8090100191132523,0.04311536352342362
64,0.1724515855623976,0.7781614165229135,0.049386997914688924
65,0.1716119172420267,0.7795736991736157,0.048814383584357496
66,0.16410954218613205,0.7809248811716425,0.05496557664222547
67,0.15672988401989335,0.7817241295410137,0.061545986439093016
68,0.1565016732676402,0.7814417814549394,0.062056545277420425
69,0.15699851442899865,0.7795437744306228,0.0634577111403786
70,0.18618227329234074,0.7504105536997376,0.06340717300792159
71,0.17856638966669883,0.7516785602752671,0.0697550500580341
72,0.1789925328127982,0.7510944091913965,0.06991305799580531
73,0.17791833866765902,0.7509910093484562,0.07109065198388481
74,0.17705187449679388,0.7520782052629642,0.07086992024024193
75,0.1781458976219705,0.7510007810445954,0.07085332133343393
76,0.17721295645214283,0.7511325864466711,0.07165445710118613
77,0.1789222350409411,0.748706821168149,0.07237094379090976
78,0.17845735121063408,0.7501860425903742,0.07135660619899163
79,0.17864262490145494,0.7497072329875163,0.0716501421110287
80,0.1772226174678295,0.7516967782594607,0.07108060427270985
81,0.17766814883287818,0.7506612360005799,0.07167061516654187
82,0.17509367030062842,0.7541584316940467,0.07074789800532491
83,0.1771713278642827,0.7549997862794954,0.06782888585622195
84,0.17813388981729675,0.753458307368026,0.06840780281467729
85,0.17436415785152956,0.7578271780415601,0.06780866410691037
86,0.1737659034897177,0.7583050637701794,0.06792903274010283
87,0.17494009478279057,0.7577876859050332,0.06727221931217614
88,0.1762043928379432,0.7566615945935407,0.0671340125685162
89,0.18499386520430577,0.7526177757271094,0.06238835906858488
90,0.18217502879912392,0.755745798949489,0.06207917225138719
91,0.18049957220172702,0.7584429956366626,0.06105743216161045
92,0.18071033023223512,0.7584199067670386,0.060869763000726336
93,0.1811875898565192,0.7581453862982596,0.06066702384522114
94,0.18233454735348695,0.7566666481169877,0.060998804529525386
95,0.18068018508657857,0.7575429058811715,0.061776909032249985
96,0.1818079509281871,0.7565878230254466,0.06160422604636628
97,0.18080684114689796,0.7578171109018011,0.0613760479513009
98,0.18015036923930067,0.7588660727200379,0.06098355804066131
99,0.1800015745035867,0.7587114822406887,0.061286943255724646
100,0.17940144146758863,0.75986852073163,0.06073003780078137
101,0.18255817085701048,0.7548210083130352,0.06262082082995431
102,0.15134538288706195,0.7866528287879623,0.0620017883249758
103,0.1506768138061557,0.7880644494580935,0.06125873673575084
104,0.14958954761591664,0.7891205857487715,0.06128986663531173
105,0.14842866266859703,0.7904416632571224,0.061129674074280646
106,0.15041675091463705,0.7863115166066065,0.06327173247875652
107,0.15766511696519603,0.7861774744977628,0.056157408537041216
108,0.15743546213316875,0.785569870864757,0.05699466700207419
109,0.15631230993081982,0.7862265139151798,0.05746117615400037
110,0.15720394442183153,0.7882751902162672,0.0545208653619013
111,0.15657387266678394,0.7890843259935465,0.054341801339669524
112,0.15651324693074747,0.7890871144472754,0.05439963862197725
113,0.15793667372585407,0.7869301565540906,0.05513316972005519
114,0.1562055666831987,0.7892590065597401,0.054535426757061266
115,0.15736919069223382,0.7871405728738423,0.055490236433923965
116,0.15536873931725015,0.7892134684108728,0.0554177922718771
117,0.15366588227578873,0.7914204546648752,0.054913663059336135
118,0.15372705601236644,0.7913115980156141,0.054961345972019404
119,0.15359688452749928,0.7908432378483001,0.05555987762420061
120,0.15277597048249336,0.7915119570814387,0.05571207243606793
121,0.1522749740983637,0.792975863987713,0.0547491619139232
122,0.15168076794349417,0.7943634055795936,0.05395582647691227
123,0.1526851183481261,0.7933672935695031,0.05394758808237084
124,0.15304575668381468,0.7929499348137853,0.05400430850240006
125,0.15174368914723277,0.7949918588016356,0.05326445205113171
126,0.1517911092944443,0.7950807939862137,0.053128096719341954
127,0.14371463387599628,0.7980394109498113,0.05824595517419255
128,0.1430886912320285,0.7994133120599668,0.057497996708004644
129,0.14157667023366552,0.8011067430629485,0.05731658670338607
130,0.14290908366308436,0.799841394278663,0.05724952205825266
131,0.14319589433360305,0.7998353995963731,0.05696870607002386
132,0.16815793763169523,0.7694748359771008,0.06236722639120407
133,0.16755412399149677,0.7702092311957641,0.06223664481273904
134,0.1682276147045756,0.7705823382683098,0.06119004702711463
135,0.16714178445459293,0.7726607516840236,0.060197463861383534
136,0.16628047582901495,0.7725582349714637,0.06116128919952131
137,0.16666997133818864,0.7720796499530617,0.06125037870874974
138,0.16595564258161438,0.7734572164563379,0.060587140962047724
139,0.1640794395625331,0.77550027659591,0.06042028384155686
140,0.15850636202334561,0.7765959432638458,0.06489769471280853
141,0.15831283420455447,0.7776819782215569,0.06400518757388857
142,0.1587072426657216,0.7757244554552367,0.06556830187904167
143,0.15790048030403114,0.777374630804178,0.06472488889179079
144,0.15663577883994104,0.7791992261669678,0.06416499499309113
145,0.15671750643463736,0.7781544486949712,0.06512804487039132
146,0.1550544114112604,0.780935695691684,0.06400989289705548
147,0.15514047841084103,0.7813152892105737,0.06354423237858525
148,0.152954457538546,0.7847369016503843,0.06230864081106964
149,0.15400256278129093,0.7837674989492218,0.06222993826948733
150,0.15389636031922024,0.7847235024551946,0.06138013722558517
151,0.1806042418974768,0.754163467003654,0.06523229109886912
152,0.18032943187039177,0.7551745358187323,0.06449603231087597
153,0.18000512622735612,0.7556148315528746,0.06438004221976949
154,0.17916713300745968,0.756251498606031,0.06458136838650932
155,0.17757459668744893,0.7579650454393425,0.06446035787320856
156,0.17747084656996023,0.756652390072617,0.06587676335742279
157,0.17948632752491248,0.7548750232024982,0.06563864927258925
158,0.17707942763100804,0.7581881951533941,0.06473237721559799
159,0.1756333634949105,0.7598268181528967,0.06453981835219282
160,0.17672520698326613,0.7577875259772766,0.06548726703945734
161,0.177652848161048,0.7565074194597957,0.06583973237915636
162,0.1777854704437415,0.7561337512486915,0.06608077830756694
163,0.178454578363671,0.7557500123226337,0.06579540931369524
164,0.17806346159932154,0.7558223242887476,0.0661142141119308
165,0.17635194930547896,0.757849187606764,0.06579886308775702
166,0.17641381483438998,0.7573834209385816,0.06620276422702846
167,0.17603006298549645,0.7574448208205911,0.06652511619391245
168,0.17470995111546994,0.7590923912100908,0.06619765767443936
169,0.17442657145461488,0.7604587160596338,0.06511471248575135
170,0.17548640989708625,0.7601999629834527,0.064313627119461
171,0.17382831893797135,0.7630115293899725,0.06316015167205603
172,0.17396316672230464,0.7639969543675376,0.06203987891015787
173,0.17441996333739035,0.7647207436308343,0.060859293031775376
174,0.17580953791058124,0.7616991336029966,0.06249132848642222
175,0.1762064426395203,0.7613426904039943,0.06245086695648541
176,0.17534888647272776,0.7614718368663209,0.06317927666095131
177,0.17969643066407448,0.7614409754676642,0.05886259386826137
178,0.18069023058087713,0.7593723234032573,0.05993744601586556
179,0.18873491048439478,0.7560456462612869,0.05521944325431842
180,0.1884080883337579,0.756359170139473,0.05523274152676917
181,0.18922749769655797,0.7600183212439675,0.05075418105947455
182,0.1890583404585046,0.7600943956705504,0.0508472638709451
183,0.17964234374049426,0.7664004869576525,0.05395716930185336
184,0.18174648804366134,0.7634586410638009,0.05479487089253769
185,0.15314321267520167,0.7912782278871303,0.05557855943766798
186,0.15195108893101505,0.7929110258413271,0.05513788522765775
187,0.15259105084786934,0.7919501508195159,0.055458798332614787
188,0.15792442424847944,0.7919400977657591,0.05013547798576144
189,0.16046884142179266,0.7899994795383477,0.0495316790398597
190,0.15884711781017286,0.7928536932132978,0.04829918897652933
191,0.1579201030832922,0.7937024329544593,0.048377463962248596
192,0.15696101062752932,0.79507952503437,0.04795946433810084
193,0.15721497856591032,0.7945723493934569,0.04821267204063274
194,0.15793690349660294,0.7944229155085653,0.04764018099483175
195,0.15878324668158278,0.7936538356571642,0.04756291766125303
196,0.15924375334043234,0.7931591483033388,0.0475970983562289
197,0.15755735418589722,0.794205641691948,0.04823700412215465
198,0.15710371000520848,0.7949590344139339,0.047937255580857596
199,0.1546170521489321,0.798909676856501,0.046473270994566884
200,0.1485181885482512,0.8001700770753077,0.051311734376441154
201,0.1478161441311724,0.8009742659687075,0.051209589900120235
202,0.14134598744397617,0.8033378621334509,0.05531615042257293
203,0.1689976377893677,0.7716418095604507,0.05936055265018151
204,0.16213874377001689,0.7739070061163716,0.0639542501136114
205,0.16334883972451458,0.7724126483438447,0.06423851193164075
206,0.16267048259804467,0.7748765676563281,0.06245294974562722
207,0.16218557955124394,0.7748096783112837,0.06300474213747237
208,0.16173535185841043,0.774249695366937,0.06401495277465272
209,0.1612861860716285,0.7726178534098362,0.06609596051853524
210,0.15660135445000786,0.7787539865043706,0.06464465904562162
211,0.15478446386596137,0.7779892658317749,0.06722627030226379
212,0.1852822101345928,0.7482028959210679,0.06651489394433924
213,0.1858887718655383,0.7470127337274122,0.06709849440704954
214,0.18870200729066355,0.7445591631758994,0.06673882953343703
215,0.18733787240046262,0.7463658928236945,0.066296234775843
216,0.1884366308906858,0.7460209574054433,0.06554241170387091
217,0.18236230607261927,0.7487046882686582,0.0689330056587223
218,0.18094663323081817,0.7501302350603365,0.06892313170884544
219,0.18031480563446542,0.751442393031188,0.06824280133434664
220,0.1784541050807247,0.7534582094728908,0.06808768544638444
221,0.17869360878849852,0.7538535201429023,0.06745287106859915
222,0.17788849854507183,0.7548489377983075,0.0672625636566206
223,0.17276497939453572,0.7568659417531944,0.07036907885226978
224,0.20177822732326206,0.7255928353869138,0.07262893728982424
225,0.20016054283973383,0.7272581883545693,0.07258126880569687
226,0.19831723495912143,0.726467848403887,0.07521491663699163
227,0.2031714350442125,0.7238161412887488,0.07301242366703861
228,0.20042131496739912,0.7254584933886269,0.0741201916439739
229,0.20515131450757432,0.7218363353759065,0.07301235011651912
230,0.2084326259257462,0.7204105154611016,0.07115685861315221
231,0.21357172835312757,0.717434522237676,0.06899374940919645
232,0.21276559787482588,0.7193779022455742,0.0678564998796001
233,0.21170427895151825,0.7215680448650093,0.06672767618347256
234,0.2088428534950404,0.7235897904091101,0.0675673560958496
235,0.2120861210942782,0.7186802565100138,0.0692336223957081
236,0.18442882328465762,0.7509066142080151,0.06466456250732744
237,0.1678841699509284,0.7633884543252186,0.06872737572385297
238,0.1678259587001689,0.7609387635683846,0.07123527773144643
239,0.17473025214060972,0.7563664687060069,0.06890327915338328
240,0.16941914297845975,0.7604602508741264,0.0701206061474139
241,0.17239660212752977,0.7562405467178611,0.07136285115460915
242,0.17794671690240613,0.7538848199963586,0.06816846310123528
243,0.17762138488605933,0.7538120141762027,0.068566600937738
244,0.1783501981771041,0.7525862697477074,0.06906353207518859
245,0.1773640968915002,0.7542431938965842,0.06839270921191569
246,0.177177395826141,0.7544087724075688,0.0684138317662904
247,0.17397085789341227,0.7583871448418564,0.0676419972647313
248,0.1738052125703352,0.7592383474988869,0.06695643993077786
249,0.17299967180021822,0.7599086988741196,0.06709162932566222
250,0.1738472440482105,0.7584400518633111,0.06771270408847843
251,0.17307726111598057,0.7601557754109511,0.06676696347306822
252,0.17321706652954932,0.7594431303762913,0.0673398030941593
253,0.17413823961559793,0.7601406953992097,0.06572106498519231
254,0.18214243258906362,0.7563855878464972,0.06147197956443914
255,0.18182657520195822,0.7549091555318348,0.06326426926620704
256,0.15610169962315695,0.7835634079677564,0.060334892409086675
257,0.16958533000547824,0.7769568522770253,0.05345781771749651
258,0.1687954074149962,0.7781525717712721,0.0530520208137318
259,0.16794974953325825,0.7798454897482812,0.0522047607184607
260,0.1701978084442644,0.7768770981675623,0.05292509338817323
261,0.17860618558487326,0.7714232886577996,0.04997052575732705
262,0.1827726097605748,0.7660023994415702,0.05122499079785498
263,0.18220358058927946,0.7668874905205824,0.050908928890138365
264,0.15656786177442814,0.7970297884632132,0.04640234976235871
265,0.15687829983688448,0.796608688959113,0.04651301120400251
266,0.1549568207252007,0.7987620068304521,0.046281172444347256
267,0.16315386724693998,0.7954740127686821,0.04137211998437792
268,0.16155484961695368,0.7978265717151684,0.040618578667878026
269,0.16198151083932136,0.7983617477331346,0.0396567414275441
270,0.15913941688448327,0.8004628962143876,0.040397686901129055
271,0.15103645215461264,0.8044559846527837,0.04450756319260369
272,0.15017466736911844,0.8050597077257369,0.04476562490514466
273,0.14232399626057776,0.8095497333078572,0.04812627043156506
274,0.14250278260527954,0.8101784843690436,0.04731873302567682
275,0.1429801503474991,0.8097765775600907,0.04724327209241023
276,0.1437876463090327,0.8082708986842796,0.047941455006687804
277,0.14291624243189946,0.8115636540669581,0.04552010350114249
278,0.14138967512432932,0.8147268774642865,0.04388344741138413
279,0.14381035322691638,0.8124569947431972,0.043732652029886396
280,0.14583700877533598,0.8099068415837881,0.04425614964087593
281,0.14663361524606877,0.8093617338329206,0.04400465092101058
282,0.1447881492493188,0.8107869620530599,0.044424888697621394
283,0.14510459055704455,0.8101557648960167,0.04473964454693863
284,0.1445082504779156,0.8109359726465055,0.044555776875578955
285,0.14497576993893535,0.809863008783537,0.04516122127752763
286,0.1474542176526179,0.8068537994226106,0.04569198292477159
287,0.14913029248002926,0.8047803757900357,0.046089331729934985
288,0.14668534625696938,0.8080809582432704,0.04523369549976013
289,0.14389059577763916,0.8113581718448701,0.044751232377490714
290,0.14350585980992506,0.8119408392334312,0.0445533009566438
291,0.1382529863720081,0.8128059341774653,0.04894107945052655
292,0.1326732278647575,0.8137634163344665,0.05356335580077608
293,0.16084161736543043,0.7817232971736578,0.057435085460911695
294,0.16256221783787034,0.7788952053749452,0.05854257678718443
295,0.16176107342433296,0.7795108486085747,0.05872807796709228
296,0.16746557647694507,0.7774746456406143,0.05505977788244065
297,0.16629510392177813,0.7783690873611957,0.05533580871702622
298,0.16487701349856196,0.7791466908674164,0.055976295634021594
299,0.1661051237254967,0.7771408783243325,0.05675399795017065
300,0.1666900763027333,0.7777040352821349,0.0556058884151317
301,0.16261361037359395,0.7822987636698878,0.05508762595651819
302,0.16220601104336943,0.7818775241868684,0.05591646476976205
303,0.1600709723142415,0.7849334855172232,0.054995542168535194
304,0.15352695300088604,0.7870272831310687,0.05944576386804514
305,0.15461993178884567,0.784412441977689,0.060967626233465376
306,0.15359652511196759,0.7846768157925555,0.0617266590954769
307,0.15488605129246885,0.7836266897334705,0.06148725897406081
308,0.15386220347470608,0.7841934582683181,0.0619443382569758
309,0.14960517899827674,0.78329514394258,0.06709967705914323
310,0.18127886344947008,0.7521221213012865,0.06659901524924344
311,0.18002078923419307,0.7532057335671513,0.06677347719865576
312,0.17381719017240368,0.7553294107109667,0.07085339911662948
313,0.17399722433858625,0.7552985533450028,0.07070422231641084
314,0.17398057119408955,0.7548590769845055,0.07116035182140493
315,0.1739307603001825,0.7540660433455636,0.0720031963542538
316,0.17391994206524702,0.7542682159025351,0.07181184203221784
317,0.17161064190709652,0.7565037094459284,0.07188564864697508
318,0.2007595231331054,0.7292089441522774,0.07003153271461722
319,0.20253247274195063,0.725957833400307,0.07150969385774236
320,0.2067739280491397,0.7221760952745128,0.07104997667634758
321,0.20778393191440903,0.7215951901579414,0.07062087792764968
322,0.20496149535791583,0.723706494726982,0.07133200991510213
323,0.20518197887776857,0.723627012038515,0.0711910090837165
324,0.20754055531058274,0.7216922359053192,0.07076720878409806
325,0.20460595299938675,0.726374388260133,0.06901965874048027
326,0.20245562760589295,0.729903206899118,0.06764116549498894
327,0.20571593408706268,0.7271690576934687,0.06711500821946859
328,0.1771924567700863,0.7542314831984868,0.068576060031427
329,0.17801527687264607,0.7531082182322595,0.06887650489509445
330,0.19088475736496194,0.7499451216378199,0.05917012099721816
331,0.1571874930671576,0.783457941901338,0.059354565031504394
332,0.15984222954361538,0.785255375305016,0.054902395151368626
333,0.1716450649594199,0.7760280105589138,0.05232692448166628
334,0.17221022142741646,0.7745271641692852,0.05326261440329833
335,0.17229334959767978,0.7736265353339858,0.05408011506833434
336,0.16785642486898028,0.7770395329169424,0.05510404221407713
337,0.17504027764750965,0.7699462031958574,0.05501351915663295
338,0.15602950194335163,0.799017647260374,0.04495285079627447
339,0.15740127120527278,0.7987883948333699,0.0438103339613573
340,0.15641334812483854,0.7979599191653068,0.04562673270985468
341,0.1647042187746901,0.7949834478821124,0.040312333343197504
342,0.17039509570156477,0.7933168679845459,0.03628803631388933
343,0.16741465070155576,0.79722006229526,0.03536528700318424
344,0.16818441406931559,0.7964726829871519,0.035342902943532456
345,0.16921060222752526,0.7947536144195452,0.03603578335292944
346,0.1617846035956691,0.8047064162206186,0.033508980183712386
347,0.13772186295601066,0.8334736164381631,0.02880452060582629
348,0.14513031958470488,0.8311366337637357,0.023733046651559425
349,0.1413575644391183,0.8348996650482537,0.02374277051262804
350,0.13377180281449896,0.8379577940590378,0.028270403126463284
351,0.13309018276731568,0.8382592066605485,0.028650610572135866
352,0.12709093166069807,0.8457251499827071,0.02718391835659466
353,0.12047109025160216,0.8469766908925862,0.032552218855811665
354,0.1215304040097632,0.8461841941622903,0.03228540182794656
355,0.12364970033188209,0.8438957760374761,0.032454523630641774
356,0.11704900673668016,0.8523723740047094,0.030578619258610502
357,0.119453907133297,0.8496193650222804,0.030926727844422505
358,0.12026845069568015,0.848623405945902,0.031108143358417766
359,0.12036593879780655,0.8480709272266209,0.03156313397557255
360,0.12118749098246058,0.8470000067266749,0.031812502290864596
361,0.12041556962145292,0.8489061230530268,0.03067830732552014
362,0.12246324174961987,0.847357043844091,0.030179714406289106
363,0.12513664816499032,0.8451856323700949,0.029677719464914765
364,0.12462843493667919,0.8464993168294543,0.0288722482338665
365,0.12358287809758904,0.8467618122217323,0.029655309680678733
366,0.12523542182006012,0.8449363006390732,0.02982827754086662
367,0.1262538517995252,0.8422477802602695,0.03149836794020535
368,0.12236427484410985,0.8463067430800603,0.031328982075829896
369,0.11792559828078594,0.845194776334633,0.03687962538458105
370,0.11469669416233816,0.8489325152207546,0.036370790616907255
371,0.13952255697481317,0.8179573780497402,0.04252006497544641
372,0.1402061657594839,0.8175190059196726,0.04227482832084344
373,0.14869491525050188,0.8141444302857397,0.03716065446375852
374,0.14835892983038862,0.8144369174379369,0.03720415273167452
375,0.1459646864755016,0.8173929816789162,0.03664233184558223
376,0.16608765481637047,0.7866240975117685,0.047288247671861
377,0.16004867416520202,0.7867307059127815,0.053220619922016425
378,0.14846799269760375,0.7879817232465667,0.06355028405582958
379,0.14779936969019974,0.7880953538729312,0.06410527643686927
380,0.1462990705701273,0.7904820331992807,0.06321889623059214
381,0.14685475368173098,0.7893077480247641,0.06383749829350491
382,0.15940649798465367,0.7868334938615488,0.05376000815379764
383,0.15909288754457815,0.7879267132063749,0.052980399249046836
384,0.15420254203366532,0.7943033593887119,0.051494098577622834
385,0.17414941640774395,0.7650226576147584,0.06082792597749752
386,0.1809767047507884,0.7633998105255365,0.05562348472367515
387,0.17961624363933454,0.7634283025971513,0.05695545376351417
388,0.1733219969073666,0.7641975616241234,0.06248044146851002
389,0.1668593236488004,0.7657790083002319,0.0673616680509677
390,0.16706270256839728,0.7670888626765804,0.06584843475502233
391,0.1622719702733921,0.7670680602140918,0.07065996951251617
392,0.16654077103037127,0.7616420713721443,0.07181715759748446
393,0.16388601576431455,0.7646980856192362,0.0714158986164493
394,0.18882126339516003,0.7378726870696578,0.0733060495351821
395,0.18769775819693374,0.7404863097233891,0.07181593207967712
396,0.18167596204059638,0.7426185663353038,0.07570547162409981
397,0.17895996626007551,0.7449704341831627,0.0760695995567617
398,0.17810074277506932,0.7462366044345241,0.0756626527904067
399,0.17912994774219648,0.7454310750545088,0.0754389772032948
400,0.18413439446355997,0.7443202095616392,0.07154539597480074
401,0.1834889450103986,0.7433985166234308,0.07311253836617049
402,0.1896088049983457,0.741439705635095,0.0689514893665592
403,0.18849497007885602,0.7425867170793704,0.06891831284177359
404,0.19055798831898307,0.7401171576152726,0.06932485406574437
405,0.18919889303914703,0.7417560666737782,0.06904504028707477
406,0.18677171557434422,0.7438806569824342,0.06934762744322158
407,0.18499308590840316,0.7466116583352865,0.06839525575631035
408,0.1843567674079813,0.748483448018448,0.06715978457357084
409,0.1832527477678987,0.7502065723310813,0.0665406799010201
410,0.1846873387536499,0.7474130275095329,0.0678996337368173
411,0.18713446322509844,0.7449430671294829,0.06792246964541869
412,0.18811209897463407,0.7441672706202521,0.0677206304051138
413,0.1922556494164037,0.7445843117955336,0.06316003878806263
414,0.19033370493057927,0.7473861606134322,0.06228013445598853
415,0.16710022511831019,0.7743845570105783,0.05851521787111173
416,0.1674184414198742,0.7747504858647454,0.05783107271538043
417,0.17358295568732202,0.7728054784665953,0.05361156584608277
418,0.17404377654124292,0.7718412046684645,0.05411501879029251
419,0.17212309971416592,0.7736599912135693,0.054216909072264785
420,0.17484619418055888,0.7709591102072232,0.0541946956122179
421,0.17504941213978065,0.771542972773,0.05340761508721937
422,0.17199706480257027,0.7737801597142644,0.05422277548316542
423,0.17208729282946267,0.7734259755793208,0.05448673159121652
424,0.17016963376726518,0.7755902119930316,0.05424015423970317
425,0.1696615060666333,0.7775111394174788,0.05282735451588778
426,0.15352990420816276,0.8018057008241994,0.04466439496763779
427,0.15405837150535445,0.8009393294477777,0.045002299046867755
428,0.15955856513271108,0.7992204317661136,0.04122100310117535
429,0.1594109068584193,0.7994957911125289,0.041093302029051794
430,0.15880083955300411,0.8002750202723627,0.040924140174633104
431,0.16064255048096124,0.7982895865406092,0.0410678629784295
432,0.16245688918541049,0.7968814768106424,0.0406616340039471
433,0.16396246458041874,0.7946429037776164,0.0413946316419649
434,0.1423143597477415,0.8197524928835824,0.03793314736867599
435,0.13897504220124854,0.8243750800235822,0.03664987777516937
436,0.13943360389761528,0.8236511284329991,0.03691526766938551
437,0.13698417942939264,0.8260830967099498,0.03693272386065742
438,0.13925737146676148,0.8237796845814144,0.03696294395182412
439,0.14541288196475394,0.8217084625767325,0.03287865545851361
440,0.14389045006805215,0.8225059413571946,0.0336036085747533
441,0.141789327349819,0.8247465625799523,0.03346411007022883
442,0.1432050275780392,0.8230258911263307,0.03376908129563014
443,0.1426648576905288,0.8236256703109407,0.03370947199853047
444,0.1463333461773707,0.81969610685599,0.03397054696663921
445,0.14686775904690585,0.819456214518326,0.033676026434768275
446,0.14543236401839688,0.8213835748768844,0.033184061104718714
447,0.14685481084897456,0.8195070100195684,0.03363817913145706
448,0.14637434958016843,0.8196455830827284,0.03398006733710326
449,0.14982422602081996,0.815049161461016,0.035126612518164124
450,0.14721744401405987,0.8176377375071985,0.035144818478741624
451,0.14484142890055815,0.8202123938192156,0.034946177280226136
452,0.145413753771253,0.8202519237795235,0.03433432244922343
453,0.147203708953403,0.8183539883464569,0.034442302700140134
454,0.143656412812625,0.8219416548756671,0.03440193231170807
455,0.13903768069871378,0.8267748517132812,0.0341874675880049
456,0.12918104359842728,0.8273945135535203,0.043424442848052275
457,0.1290047990913796,0.8269114376855123,0.04408376322310819
458,0.12968864959347168,0.8264514022129161,0.04385994819361218
459,0.12653802899054387,0.8296455520740613,0.04381641893539486
460,0.1285132053248191,0.8271415253854243,0.04434526928975651
461,0.12863967065049023,0.8254129746494867,0.045947354700022966
462,0.13221459584237485,0.8204384207251992,0.04734698343242601
463,0.13161394235742485,0.8214069017553256,0.046979155887249616
464,0.15852057460092067,0.7891819729286733,0.052297452470405986
465,0.15812134006038453,0.7906577075502459,0.051220952389369606
466,0.1519630231850369,0.7916551933635037,0.05638178345145965
467,0.15258752129479888,0.790407740778827,0.05700473792637409
468,0.1421234126943329,0.7976384520983169,0.06023813520735025
469,0.16918632147822915,0.7660978419990709,0.06471583652269995
470,0.17071807639434297,0.764350776273056,0.06493114733260094
471,0.16658940544964465,0.7704360411737163,0.06297455337663896
472,0.16715432946340064,0.7695833443382213,0.06326232619837799
473,0.1676683745498784,0.7678407082398213,0.06449091721030031
474,0.16716031296815997,0.7689647988546899,0.06387488817715009
475,0.16710162202493326,0.7682544562152905,0.06464392175977618
476,0.16024028191128004,0.7712248070373933,0.06853491105132672
477,0.15972343490292615,0.7724078335249275,0.06786873157214647
478,0.15984541367305857,0.7717972930187837,0.06835729330815762
479,0.16054188682812826,0.7711802037774091,0.06827790939446256
480,0.16100448782215432,0.7705472546411303,0.06844825753671528
481,0.15837003356007148,0.772683403799535,0.06894656264039346
482,0.1666764875769846,0.7598408251137679,0.07348268730924748
483,0.174035132328216,0.7547054534661263,0.0712594142056577
484,0.18093141766766052,0.7518703614037765,0.06719822092856288
485,0.16245362184749573,0.7815984380009874,0.05594794015151698
486,0.16207666962450498,0.7810975890015665,0.05682574137392859
487,0.16221247978496078,0.7808600186640641,0.05692750155097517
488,0.16198615893307716,0.7823620704971123,0.0556517705698105
489,0.16077050195732356,0.7839819580774957,0.055247539965180684
490,0.16057701894044116,0.7838734317956031,0.055549549263955854
491,0.1618190168795571,0.7823638269934903,0.055817156126952636
492,0.17274443880492812,0.7754698305473593,0.051785730647712615
493,0.17347965647083505,0.774640701450031,0.051879642079133946
494,0.17446445830583607,0.7742772868537742,0.051258254840389775
495,0.18020318776268296,0.7737316453995552,0.04606516683776172
496,0.17897662484273877,0.77558214705087,0.04544122810639131
497,0.1799274440877435,0.7740495086025331,0.04602304730972337
498,0.17871492066218697,0.775436936127862,0.04584814320995101
499,0.1487526880799375,0.8060370422524256,0.045210269667636936
500,0.1502206052615041,0.8042090254783986,0.04557036926009736
501,0.14927900538916306,0.8054134629440798,0.04530753166675705
