,0,1,2
0,0.24290824879754794,0.5992887632898082,0.1578029879126438
1,0.23768800876744461,0.5971200550778945,0.165191936154661
2,0.24059711835668815,0.5952269147404441,0.16417596690286781
3,0.24629406373796303,0.5872685055464785,0.16643743071555847
4,0.25159966223742697,0.584524341343025,0.16387599641954803
5,0.2236554579026135,0.6116696445001534,0.16467489759723294
6,0.22319427505357847,0.6107270110494486,0.166078713896973
7,0.2227828507277698,0.6142042283880547,0.16301292088417546
8,0.22479021956157502,0.6119695473405841,0.16324023309784086
9,0.22545436028574375,0.613455776564779,0.16108986314947724
10,0.22703863130020915,0.604649046573323,0.168312322126468
11,0.22347035359200698,0.606613378781002,0.16991626762699102
12,0.22388152240349043,0.6102526139764397,0.16586586362006983
13,0.2225004751922859,0.6056523289148764,0.1718471958928377
14,0.22999000599045766,0.6026122325861334,0.167397761423409
15,0.22923048967215154,0.6057673304627081,0.16500217986514032
16,0.23507574660368938,0.6065934640198162,0.15833078937649453
17,0.22774057949357826,0.6088327279240076,0.16342669258241418
18,0.23018431883153026,0.6073862466018147,0.162429434566655
19,0.23045493991405688,0.6048047015657799,0.16474035852016317
20,0.22758955069895562,0.6059069830877453,0.1665034662132991
21,0.22858444332941266,0.6079224519929187,0.1634931046776687
22,0.2283589260447255,0.6084169900961426,0.16322408385913206
23,0.2289004128347757,0.6086942780266819,0.1624053091385425
24,0.2257246206497059,0.6081246965689469,0.16615068278134734
25,0.2199141615827883,0.6124696772354937,0.16761616118171802
26,0.2156837180205923,0.615159248868937,0.16915703311047062
27,0.21723233577945547,0.6127561404525116,0.17001152376803308
28,0.2173113083372248,0.6139360819153384,0.16875260974743675
29,0.21779631344008374,0.6174867007528864,0.16471698580702998
30,0.21556815765800208,0.6181445027924988,0.16628733954949904
31,0.20988637191112186,0.6201428412497076,0.16997078683917044
32,0.2111194640386107,0.6200286306089234,0.1688519053524658
33,0.21309470234428832,0.6177856033971165,0.16911969425859522
34,0.21658666571741625,0.6134580049962803,0.16995532928630344
35,0.2164092020187642,0.6103577575112703,0.1732330404699656
36,0.22011237757201393,0.6084115734424687,0.17147604898551744
37,0.2211796045546516,0.6060516745603056,0.1727687208850428
38,0.2203993198234106,0.6053184795162208,0.17428220066036862
39,0.2222620985577105,0.6043443457294623,0.17339355571282722
40,0.21834670388355687,0.6044285587963389,0.17722473732010421
41,0.21958863245348192,0.5987086653737381,0.18170270217277987
42,0.21887876024375888,0.593555885919813,0.1875653538364281
43,0.222594210341977,0.5924080158374178,0.18499777382060534
44,0.21886925705009697,0.5962609371855991,0.18486980576430395
45,0.21720337150851562,0.6010964347444787,0.18170019374700574
46,0.2147196006176827,0.603067378805579,0.18221302057673816
47,0.21397249124099496,0.6055222480143844,0.18050526074462084
48,0.2134187335763716,0.6028061281524033,0.18377513827122507
49,0.21487752195308735,0.6009400562498306,0.18418242179708202
50,0.21415391200173672,0.6024668342176226,0.18337925378064063
51,0.21759715206671484,0.6006055617798195,0.18179728615346566
52,0.2146713203015132,0.6034087617427402,0.18191991795574675
53,0.21139292384035913,0.6042741974866292,0.1843328786730116
54,0.21003598242079782,0.6108958346729589,0.17906818290624316
55,0.21155935353219069,0.6111682794700808,0.17727236699772853
56,0.20783032349289626,0.6151372744038394,0.17703240210326443
57,0.2048679828090416,0.6163138398191541,0.17881817737180433
58,0.20368477678945798,0.6199433885994674,0.1763718346110745
59,0.20637432631643207,0.6168419483382948,0.17678372534527317
60,0.20491809493236957,0.617270187944917,0.17781171712271357
61,0.2032685736256203,0.6165746891708911,0.1801567372034886
62,0.20110963367522108,0.6201317615827292,0.17875860474204971
63,0.20138218591259874,0.6197674597384935,0.1788503543489079
64,0.23350001234362022,0.5904416009732905,0.17605838668308935
65,0.23285363294296302,0.592761915994325,0.17438445106271186
66,0.23253072987139897,0.5952009992462075,0.1722682708823936
67,0.23196750029765853,0.5963749131157259,0.1716575865866156
68,0.2314282027144439,0.5956408075695061,0.17293098971605003
69,0.23142407368485143,0.5923031155202494,0.17627281079489926
70,0.22883711410054186,0.5947615312570464,0.17640135464241166
71,0.2283817458697322,0.5966682328597622,0.17495002127050552
72,0.22881748134980212,0.5959199145690588,0.17526260408113906
73,0.2271043364033986,0.5949473470830574,0.17794831651354392
74,0.22617865091470746,0.5962840132616053,0.17753733582368708
75,0.22746210093135721,0.5951311622077785,0.17740673686086436
76,0.23319067396002266,0.5946889895871336,0.17212033645284375
77,0.23495827484933524,0.591555923859339,0.17348580129132576
78,0.2347876199136764,0.593837088425938,0.17137529166038554
79,0.2348975510652417,0.5931201604602201,0.1719822884745382
80,0.2334179091305641,0.5956831351282309,0.17089895574120514
81,0.23372780456771383,0.5941585891759069,0.17211360625637936
82,0.23099577830185214,0.5986235181604354,0.17038070353771254
83,0.22780067697249612,0.6014692565714971,0.17073006645600677
84,0.22870284710288497,0.5993621038377737,0.17193504905934143
85,0.2245073830522565,0.6045728251412774,0.17091979180646602
86,0.2237562492930223,0.6050058886115065,0.1712378620954713
87,0.22539367520721953,0.6049297539312593,0.16967657086152124
88,0.2269360503254117,0.6038005256943633,0.16926342398022495
89,0.23519644467043138,0.5977896426514692,0.16701391267809954
90,0.23205981914023097,0.6014331097430873,0.1665070711166818
91,0.2305545873171415,0.6052308046923117,0.16421460799054663
92,0.2308824260664575,0.6053661180129553,0.1637514559205872
93,0.23152802318374374,0.6052406663334544,0.16323131048280193
94,0.23271954650459065,0.6033495306046545,0.16393092289075478
95,0.2304517132491315,0.6036387881914379,0.1659094985594306
96,0.2318406159082161,0.6027489821345496,0.16541040195723425
97,0.23077399746452076,0.6042781764569002,0.16494782607857905
98,0.23017923711163926,0.6057544528671006,0.16406631002126018
99,0.229873565392371,0.6053267597767236,0.16479967483090552
100,0.22941475462662078,0.6070638326624787,0.16352141271090057
101,0.2322680188829162,0.5999742447002735,0.16775773641681027
102,0.2326974623934685,0.6010200233417688,0.16628251426476268
103,0.23212034935243944,0.6032702173538564,0.16460943329370423
104,0.23062593521355013,0.6045519554296018,0.16482210935684805
105,0.22911304621413112,0.6062967355645045,0.16459021822136427
106,0.23087318903900783,0.5997293407012649,0.16939747025972712
107,0.23126649929520704,0.5996455750863705,0.1690879256184226
108,0.2376149286027994,0.5981529214311018,0.16423214996609894
109,0.23588460393895924,0.5985636657357012,0.16555173032533965
110,0.23174951513281988,0.603482412205485,0.1647680726616951
111,0.23101715672699275,0.6046161200398298,0.1643667232331775
112,0.23090747296562547,0.6045652811702177,0.1645272458641568
113,0.23238795205041496,0.6013096509174247,0.16630239703216024
114,0.23043316385920423,0.6046434975117794,0.16492333862901634
115,0.23145971726643064,0.6012282375137075,0.16731204521986184
116,0.2288784731268871,0.6037639219334918,0.167357604939621
117,0.226901475865345,0.6068739582479792,0.16622456588667575
118,0.22695749012283772,0.6066987569447644,0.1663437529323979
119,0.226479895101517,0.6055765063006058,0.16794359859787722
120,0.22532315306868594,0.6062330553082091,0.16844379162310488
121,0.22515366687167615,0.6088941800453755,0.1659521530829483
122,0.22477359114191947,0.6113154312259242,0.16391097763215623
123,0.22610438988118686,0.6101237646273826,0.16377184549143053
124,0.22655115689045408,0.6095679482528057,0.1638808948567402
125,0.2252099246318782,0.6127325225524336,0.16205755281568815
126,0.22534248361510129,0.6129702101905443,0.16168730619435442
127,0.21732813199418738,0.6178387229053457,0.16483314510046693
128,0.21681510813690885,0.6201424154614974,0.16304247640159383
129,0.21484452918803126,0.6223845785083497,0.16277089230361902
130,0.21668264153175162,0.6208747437065945,0.1624426147616539
131,0.21719713274150806,0.621097775064978,0.16170509219351392
132,0.21023323286462933,0.6236953847959709,0.1660713823393997
133,0.20958466925614266,0.6246075389010349,0.1658077918428224
134,0.21077346447566925,0.6259387092220918,0.16328782630223893
135,0.20375906545667524,0.6290870422893559,0.16715389225396876
136,0.202396796063017,0.6280346176229031,0.16956858631407987
137,0.20280355196609065,0.6274372291647495,0.16975921886915987
138,0.20225552157180354,0.6295563971382349,0.1681880812899616
139,0.2331220567211906,0.5989705657934522,0.1679073774853572
140,0.2341750179795941,0.6013918087154135,0.16443317330499235
141,0.22832189947507048,0.603262154600815,0.1684159459241146
142,0.22816894765143597,0.5998461522051589,0.17198490014340495
143,0.2274859184254646,0.6023848382074246,0.1701292433671108
144,0.22608888722925094,0.6049359009407973,0.1689752118299517
145,0.22579072339856376,0.603013434571171,0.1711958420302653
146,0.2241072845556041,0.6070992861746568,0.1687934292697392
147,0.2244131078105495,0.6078858270828973,0.1677010651065532
148,0.22208623405139558,0.6128528051434291,0.16506096080517527
149,0.22348374207166702,0.6117554373803151,0.16476082054801788
150,0.22370049096893282,0.6135187636226769,0.16278074540839044
151,0.21808455595724793,0.6171382765497355,0.16477716749301655
152,0.2180501944098835,0.6188098655890298,0.16313994000108667
153,0.21772875781488352,0.6193717933560939,0.16289944882902252
154,0.21671131699634366,0.6198827104520812,0.16340597255157516
155,0.20938061710571168,0.6218020433272277,0.16881733956706063
156,0.20873430004405644,0.6191708978177272,0.17209480213821654
157,0.21104277053165713,0.6175348794503099,0.171422350018033
158,0.20873171527615225,0.6217913541986462,0.1694769305252017
159,0.20720637437197892,0.6236745746168415,0.16911905101117972
160,0.20805821245826356,0.6206991408945608,0.17124264664717564
161,0.2089486360108542,0.619053076105592,0.17199828788355373
162,0.20900431721618126,0.6184504986523384,0.17254518413148037
163,0.20984808129644397,0.6183050582644457,0.1718468604391103
164,0.209297762927673,0.6180972596083447,0.1726049774639824
165,0.2075303973292046,0.6204854053742017,0.17198419729659378
166,0.20744820133272088,0.6196410836819745,0.17291071498530483
167,0.21264701336206143,0.6194182137762472,0.1679347728616915
168,0.21127921321926477,0.6214329759719349,0.1672878108088003
169,0.21135094688912665,0.6237746534472169,0.1648743996636564
170,0.21283871136440918,0.6241593831574805,0.1630019054781103
171,0.20589659703767968,0.6281172802173438,0.16598612274497648
172,0.2410728664784895,0.5955627649364107,0.1633643685850999
173,0.2368624182312174,0.5972686650392075,0.16586891672957507
174,0.23780416375569421,0.592553237567434,0.1696425986768718
175,0.23830534423468716,0.5921872772514536,0.16950737851385922
176,0.24240825604964156,0.5917446486818928,0.16584709526846553
177,0.24074068524409042,0.5909647483702334,0.16829456638567614
178,0.24704254971825712,0.5877142203255181,0.16524322995622467
179,0.24975973527468198,0.5833554092727911,0.16688485545252693
180,0.24936474272408982,0.5836851032823551,0.16695015399355514
181,0.24231037854188484,0.5922112243601886,0.16547839709792664
182,0.24205839081818514,0.5921839520074802,0.16575765717433466
183,0.23784234389431047,0.6011076397460633,0.16105001635962612
184,0.23991352250282458,0.5970218511245728,0.1630646263726026
185,0.24443299305690577,0.5908218548911953,0.16474515205189888
186,0.24301379426348113,0.5932214280218255,0.16376477771469328
187,0.24373072827145975,0.5917582639225711,0.16451100780596914
188,0.24439220882418133,0.5920173575642379,0.1635904336115809
189,0.2430441841886735,0.5902616770338618,0.16669413877746478
190,0.24166856106292578,0.5950550380601898,0.16327640087688441
191,0.24038050112655282,0.5959952451425583,0.1636242537308888
192,0.2393609339891071,0.5981296343125667,0.16250943169832602
193,0.2395413264891377,0.5972322389317193,0.163226434579143
194,0.23587629974790117,0.5976880529672677,0.1664356472848312
195,0.2370418205304135,0.5968614644722493,0.1660967149973372
196,0.23762597180674982,0.5962301905032431,0.16614383769000698
197,0.23499109643457183,0.5967161893518393,0.1682927142135887
198,0.23458576018960017,0.5979736938924176,0.16744054591798213
199,0.22733438920676538,0.6044846037297539,0.16818100706348085
200,0.22529979851569615,0.6057273648197976,0.16897283666450624
201,0.22441267505199727,0.6068170911295981,0.1687702338184045
202,0.22214636328774537,0.6102279364584898,0.16762570025376475
203,0.22084712658887182,0.6127099437920601,0.16644292961906804
204,0.21806930412937714,0.615183135124915,0.16674756074570787
205,0.21943771546592847,0.6132711078203782,0.1672911767136934
206,0.21456465441288963,0.6174533041527211,0.16798204143438913
207,0.2137559191365615,0.6169118523805501,0.16933222848288842
208,0.2128059115562436,0.6154346416254656,0.1717594468182907
209,0.21643120730562118,0.6118763554142308,0.17169243728014807
210,0.20899953437547586,0.6233340579667137,0.1676664076578105
211,0.2105933132222823,0.6204517785462577,0.16895490823146
212,0.24300711271927145,0.5893165795566726,0.16767630772405584
213,0.24347899214709243,0.5875980610581734,0.16892294679473427
214,0.24695404270718374,0.585171066873803,0.16787489041901318
215,0.24553184036579614,0.5874596364961145,0.1670085231380892
216,0.242487117656089,0.587617334794174,0.16989554754973715
217,0.24079532332204806,0.5912168802803387,0.16798779639761313
218,0.23910959210569366,0.5927976356353469,0.16809277225895938
219,0.23404588613081528,0.5947011764807871,0.1712529373883977
220,0.23191112317184945,0.5970183601124771,0.17107051671567347
221,0.23244796053651653,0.5979118613877189,0.1696401780757645
222,0.2315711892110953,0.5991425813213205,0.16928622946758426
223,0.23078856885274623,0.6021033698732705,0.16710806127398314
224,0.2255972766389598,0.6065424399898618,0.1678602833711785
225,0.22390656389582253,0.6082549231540133,0.1678385129501642
226,0.22110010881691172,0.6055549435075956,0.1733449476754926
227,0.22565378795368168,0.6014125429226123,0.17293366912370603
228,0.22707562050648136,0.6022147018782066,0.1707096776153121
229,0.2324809989741365,0.5993273270590668,0.16819167396679688
230,0.2321071882994375,0.5991859075091005,0.16870690419146198
231,0.23223715202568013,0.5946219207972362,0.1731409271770837
232,0.23185205390651992,0.5974992198383529,0.17064872625512728
233,0.23119867659524626,0.6006254214547222,0.16817590195003168
234,0.2279200899571314,0.6019024757657686,0.17017743427710005
235,0.2352532443686048,0.5956430853109079,0.16910367032048723
236,0.23730700774476698,0.5942918486927631,0.16840114356246985
237,0.2245990422581427,0.6111495352332674,0.16425142250858984
238,0.22363677351390246,0.6067887718143773,0.1695744546717201
239,0.23074133485953388,0.6004486524303202,0.16881001271014587
240,0.22860697925400011,0.6041706022980152,0.16722241844798472
241,0.23178380077030883,0.5986464393088455,0.1695697599208457
242,0.23740560202508687,0.5951975436659706,0.16739685430894255
243,0.23685641331044024,0.5948508688206812,0.16829271786887848
244,0.24243718786896334,0.5931574081888804,0.16440540394215625
245,0.24149071908214548,0.5954347259726239,0.1630745549452304
246,0.2412541570024315,0.5956089945617729,0.16313684843579565
247,0.23761643367933252,0.6005911905167328,0.16179237580393474
248,0.23767347866216526,0.6019828064498559,0.16034371488797886
249,0.23663020812037705,0.6026627500972107,0.16070704178241219
250,0.23743758056332273,0.6006077525949134,0.16195466684176385
251,0.23684898242575617,0.6031455600791246,0.1600054574951193
252,0.2368038122759573,0.6019789357980844,0.16121725192595843
253,0.2338578950731536,0.6037775427471325,0.16236456217971396
254,0.23823863204411833,0.5994879243366749,0.1622734436192068
255,0.23707917925884833,0.5964401749228307,0.1664806458183208
256,0.24523938926363997,0.589619794237186,0.16514081649917398
257,0.25427004938177844,0.579663594746255,0.16606635587196655
258,0.25347929552872056,0.5814586295939339,0.16506207487734564
259,0.2528772296755821,0.5842666901451312,0.1628560801792867
260,0.25539168911076376,0.5800658708485729,0.16454244004066337
261,0.2587135871023805,0.5718200728339802,0.1694663400636393
262,0.22865936724254757,0.598702635454046,0.1726379973034064
263,0.22819513742783326,0.6000456445378912,0.1717592180342756
264,0.23558703616281465,0.5964469060389911,0.16796605779819426
265,0.23592378901206532,0.5958025649845167,0.16827364600341804
266,0.2335287268581975,0.5986810101123389,0.16779026302946362
267,0.23752641334315652,0.5945066025214492,0.16796698413539435
268,0.230821786839289,0.5984365495011291,0.1707416636595819
269,0.22701072199237726,0.6006592338066062,0.17233004420101655
270,0.22284545016793078,0.6017481005439755,0.1754064492880938
271,0.21938883409857282,0.6076928540990423,0.1729183118023848
272,0.22326115732786114,0.6080231272637812,0.16871571540835767
273,0.22007414428509353,0.6153879915286217,0.16453786418628488
274,0.2207936143869112,0.6171041411467876,0.16210224446630112
275,0.2214944870051581,0.6166900957687003,0.16181541722614165
276,0.22219089303836037,0.6140110873726808,0.16379801958895868
277,0.2128359287325924,0.6209322784445422,0.1662317928228654
278,0.20249829326257734,0.6270079427866625,0.17049376395076027
279,0.20573185825145834,0.6245527226912737,0.16971541905726797
280,0.20801324398461352,0.6207484368775118,0.17123831913787477
281,0.20920275487273812,0.6204886652471362,0.17030857988012565
282,0.20655203222203378,0.6215277730925505,0.17192019468541572
283,0.20675831920553434,0.6203084478082477,0.172933232986218
284,0.20610709061728846,0.6215043657981638,0.17238854358454772
285,0.20632267419300068,0.6193275864143676,0.17434973939263163
286,0.21395817786101337,0.6150121631586342,0.1710296589803525
287,0.21588525477638382,0.6120003264501354,0.17211441877348077
288,0.21324678121212678,0.6171174009496556,0.16963581783821766
289,0.20989108672376652,0.6217150279355137,0.1683938853407198
290,0.2095099571182839,0.6226967287878366,0.16779331409387943
291,0.20838555347098744,0.6237442599858544,0.16787018654315816
292,0.20669114648449852,0.6246708076382151,0.16863804587728637
293,0.20552300348199337,0.6270812310108085,0.1673957655071982
294,0.20706771371261654,0.622845805027186,0.17008648126019746
295,0.20604501711433476,0.6233313937110738,0.17062358917459147
296,0.20703988049912134,0.6202259923723129,0.17273412712856573
297,0.20556558648139903,0.6208573066863767,0.17357710683222424
298,0.20854845131422284,0.6209333974500153,0.170518151235762
299,0.20961471601061313,0.6178989054169093,0.1724863785724776
300,0.2108385344889745,0.619774249096388,0.16938721641463747
301,0.20631645387112385,0.6253577672011448,0.16832577892773137
302,0.20545440965060288,0.6239735546675602,0.170572035681837
303,0.20337544335672722,0.6283443558740107,0.16828020076926198
304,0.20103265089400774,0.6307239733160418,0.16824337578995052
305,0.20668113880854994,0.6263467715069069,0.1669720896845433
306,0.20512404850366622,0.6259807975892819,0.16889515390705193
307,0.20679874863459796,0.6249997145313197,0.1682015368340823
308,0.20536286304530033,0.6252420507194245,0.16939508623527516
309,0.2057957971790188,0.6238658303131459,0.17033837250783523
310,0.2034100208595625,0.6271748735556326,0.1694151055848049
311,0.23803211028365034,0.5920980687616116,0.16986982095473802
312,0.23645809867800868,0.594880040837792,0.1686618604841993
313,0.23673485332404062,0.5949357527124974,0.16832939396346197
314,0.2365425693624147,0.5941635061083147,0.16929392452927058
315,0.23616470733334036,0.592760860934474,0.17107443173218567
316,0.2362233439020445,0.5931038902885286,0.1706727658094268
317,0.2333675963126148,0.5955783928999403,0.17105401078744473
318,0.22782310517607263,0.6045545922048526,0.16762230261907476
319,0.22918083471894135,0.6001460522872728,0.17067311299378585
320,0.233845674773578,0.5966760394659205,0.16947828576050153
321,0.23507283592925224,0.5964115458292849,0.16851561824146283
322,0.23182203818884642,0.5980077813188038,0.17017018049234978
323,0.23210685264241623,0.5980334066948777,0.16985974066270604
324,0.23476133213415745,0.5963998835283444,0.1688387843374981
325,0.23228259553210148,0.6024497848775348,0.1652676195903637
326,0.23049028105296693,0.6070856426273257,0.1624240763197074
327,0.22938831605003673,0.604706189968586,0.1659054939813772
328,0.23432878000257468,0.5968099338273557,0.16886128617006965
329,0.23519604037541988,0.595361988747494,0.16944197087708607
330,0.24011216368213484,0.5923494204393682,0.16753841587849697
331,0.244709699435871,0.5921144600031457,0.16317584056098336
332,0.2421453297823438,0.594284493259321,0.1635701769583353
333,0.250402096526702,0.5814373230942287,0.16816058037906925
334,0.2505483461641726,0.5787461814817065,0.17070547235412079
335,0.25526914887752244,0.5768801967061857,0.1678506544162917
336,0.21893573899228352,0.6151072382250455,0.16595702278267094
337,0.22751341870970934,0.6073771298365525,0.16510945145373815
338,0.22719890125054493,0.6035615999637917,0.1692394987856635
339,0.2247292518959984,0.6048867767584126,0.17038397134558897
340,0.22741929664828311,0.6012373892156216,0.17134331413609535
341,0.2268611556803426,0.5982768312390114,0.17486201308064603
342,0.22680719006561173,0.5945878927641686,0.17860491717021978
343,0.22409120875545369,0.6008682040628561,0.17504058718169024
344,0.2250413932066207,0.6000911089374333,0.174867497855946
345,0.2256234420729647,0.5967038043660396,0.1776727535609956
346,0.23953314447589605,0.5673924554797298,0.19307440004437412
347,0.24099112925631141,0.5622448137541296,0.19676405698955898
348,0.24274175004561915,0.5576251920466732,0.19963305790770777
349,0.2430388382823127,0.5622322452082443,0.1947289165094429
350,0.24153733916947343,0.56946606376145,0.18899659706907648
351,0.2399428780886106,0.5688086342443128,0.19124848766707658
352,0.23274395531515185,0.5829336135650203,0.18432243111982785
353,0.23586800021040488,0.5842831863611309,0.17984881342846423
354,0.23792936087560024,0.5837054542523746,0.17836518487202513
355,0.24123297809964953,0.5800937275157774,0.17867329438457308
356,0.22203342003261284,0.5962828824860769,0.18168369748131027
357,0.22553435226586824,0.5915740362994767,0.18289161143465504
358,0.22663772248348965,0.589749861608819,0.1836124159076912
359,0.22625911095329446,0.5879047987499731,0.18583609029673243
360,0.2326150405151422,0.5858324803462871,0.1815524791385707
361,0.2275065135371493,0.591073276455558,0.18142021000729286
362,0.22632481062045126,0.5900881141548538,0.1835870752246949
363,0.22617907982760221,0.5883554027339831,0.18546551743841466
364,0.22640105380762954,0.5922535055232404,0.18134544066913
365,0.22378497811897213,0.5905458397434267,0.18566918213760109
366,0.2261437113050768,0.5876260314686297,0.18623025722629352
367,0.23087979810865217,0.5797292054711621,0.18939099642018575
368,0.2302092388722298,0.5856489322868506,0.18414182884091979
369,0.23077411100068085,0.5830926918128521,0.1861331971864671
370,0.2311373765146772,0.58938935440236,0.179473269082963
371,0.23203637500660357,0.589340658485596,0.17862296650780035
372,0.23322205102052662,0.58914804415098,0.1776299048284934
373,0.2379918073785623,0.5847990572968664,0.17720913532457128
374,0.23748260322144937,0.585079496129561,0.1774379006489897
375,0.23467994439451564,0.5897913523890042,0.17552870321648023
376,0.2372685567306675,0.5907345960970679,0.17199684717226463
377,0.23572710685834442,0.5899173387971176,0.1743555543445379
378,0.23424246341578944,0.5914725674308265,0.17428496915338407
379,0.2385228010615934,0.5912312418313137,0.17024595710709284
380,0.2368083811252992,0.5947970338427127,0.16839458503198818
381,0.2373130424006734,0.5929270350545756,0.16975992254475095
382,0.23996033719190402,0.5895309493092543,0.1705087134988417
383,0.23999840264962413,0.5916075937283003,0.1683940036220756
384,0.23433492511921478,0.6007893354306487,0.16487573945013656
385,0.2259137844327883,0.6053866805825431,0.16869953498466858
386,0.22823369052653372,0.6038260249885503,0.16794028448491594
387,0.22599179418359883,0.602445853850663,0.17156235196573824
388,0.22442525038365002,0.6028353599943087,0.1727393896220412
389,0.222904186892428,0.6047576325602567,0.17233818054731515
390,0.2237498710693519,0.6073501207535416,0.16890000817710657
391,0.22402979887221255,0.6074441913222673,0.16852600980552007
392,0.22892591479530736,0.600531118891696,0.1705429663129966
393,0.22577170922925746,0.604265543811079,0.1699627469596635
394,0.21797231896129507,0.6128788717462327,0.16914880929247225
395,0.24709159887152798,0.5817689613557417,0.17113943977273022
396,0.2457876846225308,0.5845896088311529,0.1696227065463164
397,0.23988605075785524,0.5893441568983235,0.17076979234382114
398,0.2389885061660668,0.590974404335491,0.1700370894984422
399,0.24031178180551574,0.5901945531581271,0.16949366503635718
400,0.2408527803291322,0.5886813928086774,0.17046582686219047
401,0.2394910510292922,0.5866847886256948,0.1738241603450129
402,0.24123194888969843,0.5843191571733694,0.1744488939369321
403,0.23995813434515623,0.5855727368335192,0.1744691288213246
404,0.2421707612787508,0.5826301850476961,0.17519905367355298
405,0.24554030439607197,0.5845892354469595,0.16987046015696838
406,0.24256767879779725,0.5866925839332932,0.17073973726890948
407,0.24086006474518568,0.5903228270171124,0.168817108237702
408,0.24060855533125186,0.5932253348342199,0.16616610983452812
409,0.23955262600421678,0.5955480588907395,0.16489931510504374
410,0.24069974336492644,0.5915407606954322,0.16775949593964143
411,0.24357461616572532,0.5888258152019654,0.1675995686323094
412,0.24480763651760407,0.5881177746360673,0.1670745888463286
413,0.24451375722375496,0.5886579325593227,0.16682831021692235
414,0.2426890802177046,0.5923856322544727,0.16492528752782282
415,0.2484290068884538,0.5855324278396032,0.1660385652719429
416,0.24919902138163205,0.5865079394543505,0.16429303916401736
417,0.251442910588225,0.5840777701856779,0.1644793192260972
418,0.25173702491622796,0.5824849726842326,0.16577800239953935
419,0.24923145422542747,0.5844966152448254,0.1662719305297472
420,0.252710885744968,0.5813896286701113,0.1658994855849207
421,0.2534291925553644,0.5828063465266771,0.16376446091795852
422,0.24906731863644552,0.5846305001981472,0.1663021811654072
423,0.24903047609520987,0.5839701106473918,0.1669994132573985
424,0.24672336728078367,0.5867170489114878,0.1665595838077285
425,0.24688084592113374,0.5903082704911021,0.16281088358776402
426,0.2518655882718127,0.5800836117607805,0.16805079996740677
427,0.25235110271958316,0.5785822742376445,0.16906662304277228
428,0.25329880991480563,0.5756106638882266,0.1710905261969679
429,0.25320774900580506,0.576135144055966,0.1706571069382288
430,0.25251901969315993,0.5773375271040032,0.17014345320283683
431,0.2549138963864114,0.5747018705575224,0.17038423305606615
432,0.25774657585757355,0.573584926219259,0.16866849792316746
433,0.22508860798253713,0.603855426330218,0.17105596568724496
434,0.23134993429043751,0.5941920454912909,0.17445802021827167
435,0.22773874060276006,0.6023492660104344,0.16991199338680554
436,0.22815870772962757,0.6009472109176024,0.17089408135276998
437,0.22463425596478398,0.6040219748966663,0.1713437691385496
438,0.22315425200184796,0.601025300370474,0.17582044762767798
439,0.22503114179812533,0.5975897818185792,0.17737907638329528
440,0.2222007194889945,0.5968953490213045,0.180903931489701
441,0.22431282230546845,0.5999429926801151,0.17574418501441627
442,0.22596731169810658,0.5971449513251981,0.17688773697669546
443,0.22527928621257623,0.598016327286005,0.17670438650141876
444,0.23008088569207194,0.5926100642672311,0.177309050040697
445,0.23112232016560108,0.5929527491472812,0.1759249306871177
446,0.22965216040280084,0.5963955567319343,0.17395228286526487
447,0.2311438587933663,0.5930970547699089,0.17575908643672478
448,0.23012748975549818,0.5925275367991782,0.1773449734453235
449,0.23366217868695258,0.5844792497519588,0.18185857156108853
450,0.2350980790414328,0.5875782253030691,0.17732369565549802
451,0.23198723942203964,0.5911702653182193,0.1768424952597412
452,0.2334059867370404,0.592473215124304,0.17412079813865564
453,0.23579573906516066,0.589893161687091,0.17431109924774826
454,0.23087554399225274,0.5944411457513915,0.1746833102563558
455,0.2245792062097638,0.6009512514496607,0.17446954234057555
456,0.22403996474066032,0.6020295071393154,0.17393052812002432
457,0.22329136870068578,0.6004868512297795,0.17622178006953468
458,0.2244851521449981,0.6001798464269955,0.1753350014280064
459,0.22472499190512435,0.6044991391813817,0.17077586891349394
460,0.22738136664440062,0.6004263327198882,0.17219230063571123
461,0.23159037764111196,0.5960779966976537,0.1723316256612343
462,0.2413888072120712,0.5877290769821878,0.170882115805741
463,0.24070869453310434,0.5894428273715155,0.16984847809538003
464,0.2404612760038837,0.5889822569381015,0.17055646705801478
465,0.24058102461805728,0.5918681076795409,0.16755086770240185
466,0.23894560880617274,0.5929104148760979,0.16814397631772943
467,0.2394712586163275,0.5908502838916778,0.16967845749199462
468,0.23268637847306065,0.6012469810984478,0.16606664042849167
469,0.2321737254980519,0.6026581030732735,0.16516817142867463
470,0.2339769130555154,0.6005167814084493,0.16550630553603526
471,0.2246870228257293,0.6088686410869668,0.1664443360873038
472,0.22525779609259258,0.6076790516542894,0.16706315225311805
473,0.2253733057127386,0.6047541514027285,0.1698725428845329
474,0.22500995551258204,0.606500861409754,0.16848918307766397
475,0.22461889236455662,0.6050999377263574,0.17028116990908587
476,0.22247956762999074,0.6091622157486108,0.16835821662139838
477,0.22207724483244745,0.6109640054398149,0.16695874972773753
478,0.22204954200653443,0.6099391195559497,0.16801133843751595
479,0.22295357001641894,0.6092779712785992,0.1677684587049819
480,0.22347065596570148,0.6084366062238911,0.16809273781040746
481,0.21997821909790705,0.6105789011311816,0.16944287977091133
482,0.23397534538192966,0.5929959524012159,0.17302870221685443
483,0.2408403693710273,0.5853673498709767,0.173792280757996
484,0.24764936106925156,0.5813036288774583,0.17104701005329018
485,0.2506711452274644,0.5793658609994867,0.16996299377304894
486,0.24966163944823672,0.5780040511964806,0.1723343093552828
487,0.24978541189318512,0.577630697635925,0.17258389047088987
488,0.25021380771462987,0.5805443772413407,0.16924181504402944
489,0.24881002614646508,0.5828567745576899,0.16833319929584492
490,0.24837644963927522,0.5824615208948909,0.16916202946583409
491,0.24989413655539175,0.5804028567474954,0.16970300669711288
492,0.256155196571425,0.5708157496211972,0.17302905380737787
493,0.25704140761127386,0.569753228401176,0.17320536398755024
494,0.25872894807688096,0.5699890614161518,0.17128199050696727
495,0.25872545484446685,0.5689746958312353,0.1722998493242978
496,0.25766888874755806,0.5718990524507664,0.17043205880167547
497,0.2584121705098377,0.5693904715628021,0.17219735792736016
498,0.25702421422752314,0.5711966003977755,0.17177918537470147
499,0.25932199901100295,0.5711336206714488,0.16954438031754832
500,0.26119821493786505,0.5683525688935704,0.17044921616856454
501,0.2600210037100911,0.5702125476015247,0.1697664486883841
