,0,1,2
0,0.3879318108349205,0.41083732900614245,0.20123086015893704
1,0.39031902357671616,0.4085701772217115,0.20111079920157232
2,0.3942112255300715,0.4063625577343345,0.19942621673559394
3,0.397333124204313,0.39955291358885775,0.20311396220682923
4,0.40086506643012493,0.3974856459477297,0.20164928762214532
5,0.4038810808870582,0.3940567620626324,0.20206215705030942
6,0.40293446055759086,0.3933383904506091,0.20372714899180008
7,0.40310435173834075,0.3964755213890862,0.20042012687257307
8,0.4057346924285035,0.3940600343524581,0.20020527321903833
9,0.40712948850654784,0.3952073638465174,0.1976631476469347
10,0.3777960317831045,0.4169204733944725,0.20528349482242297
11,0.3728377857891485,0.41937661134733817,0.20778560286351333
12,0.37417903219141374,0.4226326667031947,0.20318830110539166
13,0.3792524499582923,0.4186792407824448,0.20206830925926308
14,0.3774022975268499,0.416153786314563,0.20644391615858715
15,0.37691803344093255,0.41918015516101265,0.2039018113980548
16,0.3779959892931782,0.41893962838493054,0.20306438232189114
17,0.3791295355457387,0.420985896904483,0.1998845675497783
18,0.3824907842221315,0.41921088894250413,0.1982983268353643
19,0.38237105182915293,0.4168084377733962,0.2008205103974509
20,0.37831492109787085,0.4183400747423353,0.20334500415979395
21,0.38020865725034686,0.4199966959152757,0.19979464683437745
22,0.37997117498627037,0.42049065932305635,0.19953816569067334
23,0.38083724510873335,0.4206437281438098,0.19851902674745675
24,0.3759667150804519,0.4207125493338517,0.2033207355856965
25,0.3720023599152408,0.4243647879385156,0.20363285214624358
26,0.3699668843360262,0.42619699365184166,0.20383612201213216
27,0.37187166524002835,0.4236757645106466,0.20445257024932517
28,0.3722163807249622,0.42473069356449916,0.20305292571053857
29,0.36657342315921226,0.42785828905690265,0.20556828778388517
30,0.3633080823649914,0.4288864759972238,0.2078054416377849
31,0.3658134173906236,0.43049317662861003,0.2036934059807663
32,0.3676945324627356,0.4301003428813941,0.20220512465587032
33,0.3703181744670901,0.42760158333317794,0.20208024219973197
34,0.3748602971172686,0.4228844489815702,0.20225525390116125
35,0.3740084623756326,0.42013544360784394,0.20585609401652347
36,0.3792810528477145,0.4175546236837976,0.20316432346848795
37,0.38045387607435904,0.41520802489907105,0.20433809902657
38,0.3791323458094698,0.41472829659403154,0.20613935759649873
39,0.38176945223902603,0.41344655237404915,0.20478399538692493
40,0.3796523465939839,0.41282438167403923,0.20752327173197685
41,0.3804815016780023,0.4074929988189964,0.2120254995030012
42,0.38569867498530225,0.4031377378103642,0.21116358720433348
43,0.3911206393281502,0.4012038648697205,0.20767549580212932
44,0.38615078702057987,0.4054672958795196,0.20838191709990056
45,0.3844509952828459,0.41007745269297136,0.2054715520241828
46,0.38099644025932344,0.4124415176099959,0.20656204213068072
47,0.3802726454783441,0.41477689787536104,0.20495045664629485
48,0.3789595497422024,0.41255826090947734,0.20848218934832025
49,0.38087372950904996,0.41055230679310034,0.20857396369784958
50,0.3800277993969549,0.41206887349634663,0.2079033271066984
51,0.3849663204573327,0.40954930227080816,0.20548437727185917
52,0.38098104940443056,0.41275112923607205,0.2062678213594973
53,0.3760994339139235,0.4143750480254584,0.20952551806061817
54,0.3751323801935198,0.4205380783225277,0.20432954148395246
55,0.37752880871812655,0.4203644528103483,0.20210673847152513
56,0.3724378892912222,0.42487805357430514,0.20268405713447257
57,0.3680314859237357,0.42673681930686325,0.20523169476940117
58,0.3667936279978382,0.43029129038139946,0.20291508162076213
59,0.3704645928778023,0.42678804930887543,0.20274735781332223
60,0.36826989443627,0.42757127601251027,0.2041588295512198
61,0.36558099035483116,0.42741166392478647,0.2070073457203825
62,0.3627950634907753,0.4311811646209304,0.20602377188829432
63,0.363161768234006,0.4307796245699745,0.2060586071960195
64,0.365363487604103,0.43181475159854954,0.2028217607973475
65,0.3648054833256722,0.43405116039537334,0.20114335627895455
66,0.36472295672626925,0.43634367581958755,0.19893336745414325
67,0.3641046149818962,0.4375228067755031,0.19837257824260068
68,0.36322668968204974,0.4369464376374149,0.1998268726805354
69,0.36271000334954173,0.4338876666570161,0.20340232999344207
70,0.3594121453284758,0.436607756240338,0.2039800984311862
71,0.3590537526465525,0.43844314750444296,0.20250309984900464
72,0.35956010598449234,0.4376757523288757,0.20276414168663198
73,0.3569748938811158,0.4370922112719452,0.20593289484693897
74,0.35585743242906187,0.4384901948473789,0.20565237272355927
75,0.35751199001678435,0.4371963683547509,0.20529164162846478
76,0.35545286206508997,0.4370433528476395,0.20750378508727052
77,0.3574187984917381,0.4338566286270473,0.2087245728812146
78,0.3575617260282894,0.4360205250609723,0.20641774891073825
79,0.3575960693079256,0.43533212538115534,0.20707180531091907
80,0.35594000464823816,0.43794716114882165,0.20611283420294024
81,0.35612174135508373,0.4364698726755064,0.20740838596940975
82,0.35300784772538996,0.44106020619261527,0.2059319460819948
83,0.3585648350392149,0.44324358146952547,0.19819158349125962
84,0.35952970902564246,0.44113227006229583,0.19933802091206176
85,0.3543294120215422,0.4467263137991794,0.19894427417927826
86,0.3533189181470759,0.4472678240763095,0.19941325777661453
87,0.35565157312932233,0.4468937610015875,0.19745466586909016
88,0.35768515401890744,0.4455610781702133,0.1967537678108793
89,0.35869826437755686,0.43975769167671186,0.20154404394573133
90,0.35487809656527974,0.44364246936741053,0.20147943406730962
91,0.3533799798574079,0.44746156130084763,0.19915845884174443
92,0.3538680248877429,0.44754333133406915,0.198588643778188
93,0.35476316973898825,0.44733162127380605,0.19790520898720568
94,0.35613439562311444,0.44536550109933465,0.1985001032775509
95,0.3529678610867763,0.4459630695298134,0.2010690693834102
96,0.35478824476547294,0.4449208118615718,0.20029094337295533
97,0.3535320032805964,0.4465245140762321,0.19994348264317136
98,0.3529345540843866,0.44801358624285764,0.19905185967275582
99,0.35242895318288503,0.44765037913472866,0.1999206676823863
100,0.3520668601623431,0.4493706422445036,0.1985624975931532
101,0.3549282961223578,0.44223218997400604,0.2028395139036362
102,0.35571139707434374,0.44316107729405757,0.20112752563159866
103,0.35527211612578813,0.44537550516199337,0.19935237871221864
104,0.3533676934995654,0.44680586245031373,0.1998264440501208
105,0.35150999735016314,0.44868301242985376,0.19980699021998316
106,0.35291307868088095,0.4421972966518362,0.2048896246672828
107,0.35345595487395615,0.44206257084779493,0.2044814742782489
108,0.35216910487776054,0.4407547200658015,0.20707617505643783
109,0.3569503395051891,0.44132130338005915,0.2017283571147517
110,0.3547501150184481,0.44565162966416283,0.19959825531738914
111,0.3539015775938048,0.4468329147972582,0.1992655076089371
112,0.35373743902963356,0.4468002552247223,0.19946230574564414
113,0.35528988353361585,0.4435009738842849,0.20120914258209918
114,0.3530774185728999,0.4469423594058052,0.19998022202129478
115,0.3539619254188255,0.44355519568030766,0.20248287890086689
116,0.35072354161756847,0.44632817097402394,0.2029482874084075
117,0.34842730197976673,0.4495733195913864,0.20199937842884677
118,0.34847809828734716,0.4493981122409954,0.20212378947165743
119,0.3476129087058764,0.4483967222408655,0.20399036905325796
120,0.3460734123530786,0.44918908931622836,0.20473749833069313
121,0.3462691522517885,0.45175583735864167,0.20197501038956986
122,0.3782311857956768,0.42202390087510316,0.1997449133292201
123,0.37999663861297794,0.4206765858562237,0.1993267755307983
124,0.3805570784813366,0.42008316957281394,0.1993597519458495
125,0.37917247764556355,0.4232333210541312,0.1975942013003053
126,0.3794199709850867,0.4234246306150366,0.19715539839987667
127,0.3781659872903322,0.42818322382498447,0.19365078888468332
128,0.37125513736745824,0.4303822486813446,0.19836261395119717
129,0.36867301849416173,0.4328683790584032,0.19845860244743507
130,0.37119475503403104,0.43108378428920346,0.1977214606767654
131,0.37202458564100044,0.4311789103280199,0.19679650403097962
132,0.37156737923454686,0.4337065043998069,0.1947261163656462
133,0.37072548887861895,0.4346977089016107,0.19457680221977017
134,0.3664784694191627,0.4355927603719824,0.1979287702088548
135,0.36572265314372693,0.43869845399733937,0.1955788928589338
136,0.36340608389139795,0.4381195023979766,0.19847441371062552
137,0.36394108350098925,0.4374679622277021,0.1985909542713086
138,0.36344605031875415,0.4395362015211551,0.19701774816009085
139,0.3605957850663554,0.44224085764784815,0.19716335728579648
140,0.3562942692633113,0.4443231875920022,0.1993825431446865
141,0.3567710396305638,0.44608459591061617,0.19714436445882
142,0.3560290527351977,0.4429328566239964,0.20103809064080602
143,0.3554467922249231,0.4454133539308022,0.19913985384427466
144,0.35384685147244743,0.4480377411821756,0.19811540734537705
145,0.35312839132358576,0.4462956455246747,0.2005759631517394
146,0.3513470686431218,0.45041122348253343,0.1982417078743447
147,0.35190392584649255,0.4510939787572814,0.19700209539622604
148,0.34932558608321956,0.4561777044370416,0.19449670947973885
149,0.3451632330641519,0.4548933894201816,0.19994337751566643
150,0.3457597162622217,0.4565501600690279,0.1976901236687504
151,0.37552276364656767,0.42506979059060734,0.19940744576282496
152,0.3757977298650803,0.42660044450461915,0.19760182563030051
153,0.3754156484003244,0.4271834319062002,0.19740091969347545
154,0.3739560639669526,0.4278730299446517,0.1981709060883959
155,0.3716451521097735,0.4300146400947808,0.19834020779544573
156,0.37017078775431045,0.4278169221410064,0.2020122901046832
157,0.37345272303557225,0.4257608687613343,0.20078640820309343
158,0.37063577965173006,0.43017253545450257,0.19919168489376743
159,0.36860045295770955,0.432264820801407,0.19913472624088344
160,0.3693941502678636,0.4293637696287736,0.20124208010336278
161,0.37048220399999526,0.4276562242591172,0.2018615717408875
162,0.3704607891981418,0.42710143907285786,0.2024377717290003
163,0.3717423037460328,0.4267552601625693,0.2015024360913979
164,0.37085248192605413,0.42670970623352683,0.20243781184041906
165,0.368535727317543,0.4293075733492868,0.20215669933317024
166,0.3682575869274321,0.42856957301068094,0.203172840061887
167,0.3673746099862851,0.42850877765622286,0.2041166123574919
168,0.3656535042099015,0.4306586398141611,0.20368785597593722
169,0.3662140293005544,0.43279716151834535,0.2009888091811003
170,0.368584710430067,0.4328207759511576,0.19859451361877542
171,0.36710048653899907,0.436799325190195,0.19610018827080597
172,0.3627318652658878,0.43851645329488165,0.19875168143923055
173,0.35903657301137054,0.4399941387841612,0.20096928820446824
174,0.3595558339381671,0.4354205180216418,0.2050236480401912
175,0.360196388296917,0.4350100334778441,0.20479357822523878
176,0.3581892767345379,0.4347753711720257,0.2070353520934365
177,0.3614961032825699,0.43419443464287033,0.20430946207455958
178,0.36184878041033325,0.4310533700425165,0.20709784954715027
179,0.37068934489439065,0.42664458813583694,0.20266606696977232
180,0.3702015090464518,0.426999217604717,0.20279927334883108
181,0.36564900047431315,0.43461422554251794,0.19973677398316886
182,0.36529183203415977,0.4346216757246361,0.20008649224120403
183,0.3555459884577601,0.4436089832888117,0.2008450282534281
184,0.3577144838204683,0.43945408129671976,0.20283143488281202
185,0.3629051873402706,0.4330433560486812,0.20405145661104815
186,0.3613627834608688,0.4354825970692783,0.20315461946985283
187,0.36209657296822023,0.4340102013260747,0.203893225705705
188,0.36306775102675126,0.43418642040069105,0.20274582857255768
189,0.36805467033747064,0.4321096366581759,0.19983569300435342
190,0.3617101200117724,0.43678550196590793,0.20150437802231955
191,0.36007335043484584,0.437829593785138,0.20209705578001616
192,0.35902584931752607,0.43998547748663813,0.20098867319583572
193,0.3591178632595382,0.43910701561467574,0.20177512112578605
194,0.36106640929844713,0.43938889015649746,0.19954470054505535
195,0.3625713100496761,0.43844358279733947,0.19898510715298456
196,0.3632881670949509,0.4377670052341637,0.1989448276708855
197,0.35965491958219536,0.4386055616116414,0.2017395188061632
198,0.3592923761698944,0.4398454976632393,0.2008621261668662
199,0.3519329353688542,0.446331908433797,0.20173515619734872
200,0.34923103354443535,0.44782376538324214,0.20294520107232245
201,0.3481388918091988,0.4489943555409912,0.20286675264981008
202,0.34544103051496206,0.45258975182041566,0.20196921766462222
203,0.34397263374613185,0.4551609387945489,0.20086642745931912
204,0.34036826558024363,0.45796982316629753,0.20166191125345875
205,0.3420355651717738,0.45592185983006445,0.2020425749981618
206,0.34252714330972434,0.45994361200287404,0.19752924468740157
207,0.34127250734156944,0.45958932132700087,0.19913817133142972
208,0.3396751915474874,0.45838008467755675,0.20194472377495595
209,0.34241905886282326,0.4552943992412345,0.20228654189594222
210,0.3750737403550177,0.42770926658986125,0.19721699305512091
211,0.3746172105809492,0.4259669224210129,0.1994158669980378
212,0.36967842967684633,0.4314722811100664,0.19884928921308737
213,0.37004916561557205,0.4298108791337095,0.20013995525071845
214,0.37448266804010083,0.4270685032635054,0.19844882869639388
215,0.3728892992962891,0.42938735404198236,0.19772334666172847
216,0.3751737419133364,0.4293003670929469,0.19552589099371667
217,0.36847395345499934,0.4328752266722184,0.19865081987278235
218,0.36636994740267553,0.4345967424728671,0.19903331012445746
219,0.36599969477679306,0.4364409458461543,0.19755935937705257
220,0.3633328875334501,0.43895277365894714,0.19771433880760275
221,0.36423044234217145,0.43967791288845914,0.19609164476936936
222,0.36317545513059707,0.4409700856678628,0.19585445920154018
223,0.35774338761693986,0.4438452970313835,0.19841131535167653
224,0.3526080515823997,0.448146946163342,0.19924500225425823
225,0.350457213297273,0.45004369925928533,0.1994990874434417
226,0.350848625251347,0.4479766516067402,0.20117472314191284
227,0.35509078103681074,0.4441503497294321,0.20075886923375721
228,0.35054815534179895,0.44549347157957925,0.20395837307862186
229,0.35774785910250495,0.4419432188948309,0.20030892200266415
230,0.3587498977635745,0.441176786934408,0.20007331530201755
231,0.3581989673550697,0.43689936710888627,0.204901665536044
232,0.35811683161103747,0.4396418190623909,0.20224134932657167
233,0.3576940899890991,0.44266786720333734,0.19963804280756373
234,0.3532417098839712,0.444389069297956,0.20236922081807285
235,0.35607074673918004,0.43810512934140317,0.2058241239194167
236,0.35872740725661284,0.4365613949038868,0.2047111978395004
237,0.34512259192890227,0.4537433010741928,0.20113410699690495
238,0.34302579862909927,0.4496953047886038,0.2072788965822968
239,0.3504595475934927,0.44330098774461013,0.20623946466189724
240,0.34643423310595267,0.44776432883462697,0.2058014380594205
241,0.3499853346848112,0.4420747985638375,0.2079398667513513
242,0.35566767455923975,0.438693134144808,0.20563919129595232
243,0.35483701783204513,0.4384278631982416,0.20673511896971325
244,0.3554961888746282,0.4367360751646352,0.20776773596073664
245,0.35460228199694294,0.4390243790569202,0.2063733389461369
246,0.35430453385742555,0.43921437811871683,0.20648108802385756
247,0.35014219184347695,0.4443859575873808,0.20547185056914227
248,0.35048070838787926,0.44573925126744757,0.20378004034467312
249,0.34914240575685523,0.4464986602194784,0.20435893402366645
250,0.34989445311748646,0.44441829591526816,0.20568725096724533
