,0,1,2
0,0.8890522605786787,0.031685660592509844,0.07926207882881141
1,0.8898525471430558,0.03134627679106083,0.0788011760658834
2,0.8915543297217008,0.030928117277820404,0.07751755300047874
3,0.8870286823207768,0.030596486237111455,0.08237483144211166
4,0.883824106891653,0.030653327177335335,0.08552256593101164
5,0.8544947300943586,0.06036614302100987,0.08513912688463154
6,0.8536967580962849,0.06034125270445681,0.08596198919925842
7,0.8545302679765445,0.06085623883472144,0.084613493188734
8,0.8557296096259135,0.060177698176666926,0.08409269219741965
9,0.856915380016695,0.060229487997741436,0.08285513198556357
10,0.8553485296427401,0.058842801040824226,0.0858086693164356
11,0.8604736521777245,0.05977725254098852,0.07974909528128679
12,0.8620216923112155,0.060133418974640904,0.07784488871414362
13,0.8592506836839316,0.0598575091294074,0.08089180718666088
14,0.8574608211290367,0.05966358115729023,0.08287559771367307
15,0.8578075843066658,0.060199017102620274,0.08199339859071382
16,0.8635835352463377,0.05917800348405462,0.07723846126960764
17,0.8647297814260568,0.05936794945129467,0.07590226912264841
18,0.8664921320601305,0.05871754737479297,0.07479032056507649
19,0.8659234259603756,0.05836099523676596,0.07571557880285829
20,0.8636638339484264,0.05904898501337476,0.07728718103819873
21,0.8652117734910815,0.059093266487446706,0.07569496002147177
22,0.8651628447601097,0.05919639578152392,0.07564075945836626
23,0.8657434052710407,0.05912292326731992,0.07513367146163943
24,0.8626465904786352,0.059684379488202224,0.07766903003316246
25,0.8656729849562627,0.0598488297310042,0.07447818531273319
26,0.8621694732437597,0.05952291192573736,0.07830761483050298
27,0.8628776310362981,0.05891606621456335,0.07820630274913867
28,0.8633225178868768,0.0590384886557588,0.07763899345736443
29,0.8648933726423761,0.05935550224329974,0.07575112511432419
30,0.8630033755793961,0.059901710879731486,0.0770949135408725
31,0.8649325870566091,0.05984782079215799,0.07521959215123276
32,0.8593028020492024,0.0595642717915491,0.08113292615924857
33,0.8604990407255241,0.05888052318212356,0.08062043609235234
34,0.862450777330582,0.057655876618021365,0.07989334605139671
35,0.8612766470520088,0.05733338138560043,0.08138997156239085
36,0.8641501366478097,0.05637653036294498,0.07947333298924529
37,0.8643894826077199,0.05590236630165488,0.07970815109062526
38,0.8634285187745789,0.055970116527191104,0.08060136469823005
39,0.864848128646225,0.05550281904787783,0.07964905230589722
40,0.8613175150843471,0.054919218615029054,0.08376326630062397
41,0.8606261190504784,0.05404841306147013,0.08532546788805151
42,0.8582681936202279,0.05360974592892523,0.08812206045084685
43,0.8614156685918825,0.0528059139817878,0.0857784174263298
44,0.859141076789513,0.05391117695996541,0.0869477462505217
45,0.8591249756166126,0.05476419008211784,0.08611083430126959
46,0.8573613266802657,0.05546522396877878,0.08717344935095551
47,0.8574430103780261,0.055890778725778564,0.08666621089619538
48,0.8627721644020401,0.05569018508342219,0.08153765051453768
49,0.863569566555415,0.05519184485600378,0.08123858858858132
50,0.8633569827497585,0.05550536382639509,0.0811376534238465
51,0.8659721082095687,0.0546232407373389,0.07940465105309236
52,0.8641233822542927,0.055507383677091536,0.08036923406861554
53,0.8613063652558556,0.056265045882215696,0.08242858886192878
54,0.862041572957367,0.05729795053175452,0.08066047651087835
55,0.863571058822463,0.05701171029236732,0.07941723088516968
56,0.8612325108643047,0.058253357586742986,0.08051413154895233
57,0.8587049235204925,0.05903494976065442,0.08226012671885295
58,0.8586718121221283,0.05972526477811636,0.08160292309975542
59,0.8603483329014338,0.058766519387557656,0.08088514771100867
60,0.859053569997124,0.059136096756855085,0.08181033324602095
61,0.8571983399257301,0.05942021108926246,0.0833814489850075
62,0.8561491842487868,0.06033064433693141,0.08352017141428165
63,0.8563095479898963,0.060224877067531234,0.08346557494257244
64,0.8580473157482932,0.06012757263769328,0.08182511161401357
65,0.8581753107896867,0.060540455514809376,0.08128423369550385
66,0.8586401482512188,0.06090695411992856,0.08045289762885263
67,0.8584875496770527,0.06116438569178307,0.0803480646311643
68,0.8577569687471972,0.06117934311058715,0.08106368814221572
69,0.8567064220868488,0.0607630966815132,0.08253048123163816
70,0.8550511923623378,0.061585847038978785,0.08336296059868335
71,0.8552225729329997,0.061918877721983026,0.0828585493450172
72,0.8553983108655608,0.061736141087636504,0.08286554804680264
73,0.8534620775955601,0.061959760074435676,0.08457816233000413
74,0.852998578721276,0.06231925564024871,0.08468216563847518
75,0.8538620056881266,0.06191041678225194,0.0842275775296214
76,0.8523808737730806,0.062139292509272234,0.08547983371764728
77,0.8530312506957498,0.06139371200886985,0.08557503729538042
78,0.8536271344366277,0.06171833826947079,0.08465452729390147
79,0.8534933745727642,0.06160532303219087,0.08490130239504498
80,0.8529317936927473,0.0622227672024617,0.08484543910479102
81,0.8527201481771334,0.06196585016086216,0.08531400166200438
82,0.851575686022848,0.06308511123790209,0.08533920273924989
83,0.8559846419163559,0.0627380241167778,0.08127733396686627
84,0.8561692737386112,0.06228504571990051,0.08154568054148839
85,0.8538221845234202,0.06382515382315704,0.08235266165342274
86,0.853233156707936,0.06404107195473586,0.0827257713373281
87,0.8547914502798534,0.06368392635941479,0.0815246233607319
88,0.8559059595808512,0.0632153411419647,0.08087869927718415
89,0.8552768795650622,0.06217001975058255,0.08255310068435526
90,0.8534962538215577,0.06326239687682422,0.08324134930161813
91,0.8533213127451883,0.06406435957873972,0.08261432767607191
92,0.8536855352193864,0.06401500670194621,0.08229945807866747
93,0.854268064677495,0.06386682812685891,0.08186510719564599
94,0.8547771740542104,0.06337904240438004,0.0818437835414096
95,0.8526818485228714,0.06387646225439189,0.0834416892227366
96,0.8537282223359662,0.06347800100379974,0.08279377666023394
97,0.8532118239853677,0.06389450971237193,0.08289366630226049
98,0.8531336424681694,0.06421022279761764,0.082656134734213
99,0.8526903660191467,0.06421682614984561,0.08309280783100756
100,0.8528323965122936,0.06454065117485923,0.08262695231284711
101,0.8532061267962165,0.06303094190327702,0.08376293130050652
102,0.853971693491863,0.06308083142138513,0.08294747508675193
103,0.8541739971257197,0.06348946330107817,0.08233653957320207
104,0.85316064581999,0.0639606604478725,0.08287869373213756
105,0.8522759353613214,0.0645018655873345,0.0832221990513442
106,0.8517711843104064,0.06327925797056008,0.08494955771903354
107,0.8521255660676677,0.06318909594917758,0.08468533798315482
108,0.8509077235247926,0.06314199337642475,0.08595028309878261
109,0.8565827549467442,0.06353239151051303,0.07988485354274281
110,0.8606392791290765,0.06363659806101085,0.07572412280991275
111,0.8603152118314191,0.06393417974915168,0.07575060841942924
112,0.8601990955917533,0.06395053827374313,0.07585036613450354
113,0.8605602302432037,0.0632274760136682,0.07621229374312806
114,0.8597872311393376,0.06405977414199832,0.07615299471866391
115,0.8596875098465752,0.06340807614284982,0.07690441401057509
116,0.8580794408358642,0.06427316927064233,0.07764738989349337
117,0.8571877499708415,0.06509942386788509,0.07771282616127351
118,0.8571863165653921,0.06506445897725728,0.07774922445735052
119,0.8563899593184604,0.06502059476536562,0.07858944591617395
120,0.8554973553820275,0.06535705467691762,0.07914558994105496
121,0.8561615038781233,0.06574436019051748,0.07809413593135912
122,0.8565530102777408,0.06614763605949743,0.07729935366276175
123,0.8574427869240892,0.06569829612195913,0.07685891695395168
124,0.8576913320660992,0.06552799324858558,0.07678067468531537
125,0.8574080617558995,0.06623857454994529,0.07635336369415521
126,0.8576074895457994,0.0662406926945057,0.07615181775969497
127,0.8577267833352742,0.06721659728242553,0.07505661938230025
128,0.8579236300754034,0.06764238308933168,0.07443398683526485
129,0.8567029778466891,0.0684121398923227,0.07488488226098806
130,0.8580156421253142,0.06777093111484768,0.07421342675983807
131,0.8518986331670065,0.06767855250998038,0.08042281432301311
132,0.8521267184252671,0.06817730189297622,0.07969597968175664
133,0.8517598411511993,0.06845880845614674,0.07978135039265404
134,0.8533784504627526,0.06834740237922327,0.07827414715802399
135,0.8534978488118357,0.06898661352465058,0.07751553766351375
136,0.8517966456046688,0.06919655461458746,0.07900679978074376
137,0.8520303500570028,0.06901101068757587,0.07895863925542145
138,0.8521139389561285,0.06943853027401298,0.07844753076985853
139,0.8507034403894442,0.07030149491698513,0.0789950646935707
140,0.8524215434827931,0.07041020670725352,0.07716824980995336
141,0.8530899940577721,0.07065022379227709,0.07625978214995084
142,0.8519694161082114,0.07020491606231137,0.07782566782947725
143,0.8520544118832656,0.07072077721390575,0.07722481090282869
144,0.8514682188004447,0.07140995625336552,0.07712182494618983
145,0.8506314042099234,0.07120696685151286,0.07816162893856378
146,0.8502037246682825,0.0721916442879944,0.07760463104372295
147,0.8507246043785671,0.07223089113079807,0.0770445044906348
148,0.8499301138086708,0.0735153344151578,0.07655455177617135
149,0.8509577098984837,0.0730129780096327,0.0760293120918835
150,0.8516790712533239,0.07321449466749483,0.07510643407918134
151,0.8466553796313356,0.07373290883953709,0.07961171152912729
152,0.8471359065145313,0.07398624123542841,0.07887785225004022
153,0.8469864035866317,0.07414966456236577,0.07886393185100256
154,0.8461181076409462,0.07448280860486277,0.07939908375419098
155,0.8449350093996086,0.07521575125013287,0.07984923935025837
156,0.8434876764522738,0.07500069371020802,0.08151162983751799
157,0.845366942401643,0.07414913630256963,0.08048392129578741
158,0.8442649014602602,0.07538844661842849,0.08034665192131119
159,0.8432483381351044,0.07608170642251683,0.08066995544237869
160,0.8432436604244409,0.0754083067610328,0.08134803281452625
161,0.8436736823477003,0.07492602110980803,0.08140029654249165
162,0.8435520448977742,0.07482235830530568,0.08162559679692018
163,0.8443758200593157,0.0745767422083294,0.08104743773235504
164,0.8437492942877939,0.07469223883397738,0.08155846687822879
165,0.8426320660545623,0.07551924825479718,0.08184868569064062
166,0.8422945906464071,0.0754161513558247,0.0822892579977682
167,0.8416620951771092,0.07552992894541591,0.082807975877475
168,0.8408622265956435,0.07619368722458814,0.08294408617976845
169,0.8416729265901066,0.07652855386660438,0.08179851954328898
170,0.843344732038216,0.07619152085372861,0.08046374710805539
171,0.8430733755690333,0.07717792461811103,0.07974869981285566
172,0.8442853065952414,0.07732869926100691,0.0783859941437518
173,0.8458268078064907,0.07734019753471201,0.07683299465879732
174,0.8453852038994889,0.0763858336745367,0.07822896242597434
175,0.8457526593909744,0.07621122147130441,0.07803611913772115
176,0.8443324991922242,0.07646830972195873,0.07919919108581702
177,0.842517991986592,0.07673125821419985,0.08075074979920809
178,0.842187046420782,0.07607202765924259,0.08174092591997521
179,0.843428322759668,0.07479644928278387,0.08177522795754819
180,0.8431564925295703,0.0749331079129858,0.08191039955744395
181,0.8432665293535376,0.07549282690659133,0.081240643739871
182,0.8430162156173467,0.07554550483333904,0.08143827954931425
183,0.841680127119487,0.07791953494126722,0.08040033793924588
184,0.8424339122102907,0.07679050923107608,0.08077557855863318
185,0.8448662638599359,0.0748033248790146,0.08033041126104945
186,0.8442493411004262,0.07549059374221839,0.08026006515735541
187,0.8444850719793381,0.07510385499685837,0.08041107302380361
188,0.8451923932372134,0.07499613296718893,0.07981147379559765
189,0.8482303040419403,0.07389075979242611,0.07787893616563347
190,0.8483477829320967,0.07492519873651492,0.07672701833138845
191,0.8474190333504107,0.0753631021671444,0.07721786448244501
192,0.8470864536729352,0.0759253460521206,0.07698820027494419
193,0.846992913112802,0.07574597559368526,0.07726111129351268
194,0.8483730448548991,0.07550839959759002,0.0761185555475109
195,0.8492254129675201,0.07510860288366926,0.07566598414881069
196,0.8495894415101088,0.07487680401248288,0.07553375447740829
197,0.8472712096835451,0.07557131823226715,0.0771574720841879
198,0.8472440477533894,0.07585899674482287,0.07689695550178773
199,0.8468599046932089,0.07742694502964308,0.07571315027714798
200,0.8452511742728708,0.07813805911748115,0.07661076660964802
201,0.8446931331771593,0.0785361904602661,0.07677067636257465
202,0.84342426142567,0.07966350556496288,0.07691223300936717
203,0.8428332935170557,0.0804017134636117,0.07676499301933264
204,0.8407541153611668,0.08155288535120403,0.0776929992876291
205,0.8415900145296163,0.08087275751551698,0.07753722795486673
206,0.8426387258695219,0.08157057846327612,0.07579069566720197
207,0.8416833691740359,0.08171464545044566,0.0766019853755184
208,0.840327807263953,0.08175101910170021,0.07792117363434682
209,0.8379714175646423,0.08157651113085142,0.08045207130450627
210,0.837736591398403,0.08291990984724062,0.07934349875435637
211,0.8335454350984578,0.08339155691023563,0.08306300799130656
212,0.8309886406738609,0.08533526303655789,0.08367609628958132
213,0.8309512583527858,0.08491769139032625,0.08413105025688794
214,0.8336516503510785,0.08364790901786667,0.0827004406310549
215,0.8329325711439874,0.0843886090347456,0.08267881982126699
216,0.8345579140092743,0.08402140879248088,0.08142067719824486
217,0.8339241462908876,0.0850653861956152,0.08101046751349725
218,0.8327159863839909,0.08576970531440677,0.08151430830160229
219,0.8327748723658804,0.08622689919607539,0.08099822843804416
220,0.831285778767294,0.08720348254262432,0.08151073869008163
221,0.8320674084923717,0.08721422192781872,0.08071836957980953
222,0.8315294353625815,0.08766791099794496,0.08080265363947356
223,0.8315603704722152,0.0884031862506291,0.08003644327715567
224,0.8319606186940915,0.0894167135630272,0.07862266774288124
225,0.8307038066958311,0.09020977533664037,0.07908641796752852
226,0.8270886168167866,0.09055349862283697,0.08235788456037632
227,0.8259069297001197,0.08983196673152978,0.08426110356835054
228,0.8284269357173352,0.0909174394168248,0.08065562486583992
229,0.8330730012493598,0.08887340457191936,0.07805359417872086
230,0.8317164686662565,0.08771843503758378,0.0805650962961597
231,0.8305915904974152,0.08688390305069942,0.0825245064518854
232,0.8309965649965755,0.0874919704864128,0.08151146451701174
233,0.8312025564062698,0.08822015375526976,0.08057728983846034
234,0.8282282476101323,0.08935855447176404,0.0824131979181037
235,0.8292419938167567,0.08750201141506553,0.08325599476817792
236,0.8309183614484679,0.0867229080249618,0.08235873052657038
237,0.8272958020726598,0.09202451576661812,0.08067968216072208
238,0.8250602462742457,0.09151306780242471,0.08342668592332964
239,0.8258790450706609,0.08965088739098483,0.08447006753835426
240,0.8255539261024124,0.09226994044887016,0.08217613344871738
241,0.8272790781265917,0.09036162938318197,0.08235929249022629
242,0.827115959053245,0.08952314111208293,0.08336089983467208
243,0.8264583010445348,0.08960714528372088,0.08393455367174449
244,0.8266636870062185,0.08911800335362029,0.08421830964016117
245,0.8263840111687507,0.08978038976035177,0.08383559907089759
246,0.8261951448772995,0.08987418121040565,0.08393067391229474
247,0.8239524950682633,0.0917636169764414,0.08428388795529529
248,0.8244340996004242,0.0920079124231184,0.0835579879764573
249,0.8235540506097577,0.0924191855481207,0.08402676384212152
250,0.8237714713291061,0.09181509522415811,0.08441343344673581
251,0.8239293494938311,0.09244990118559823,0.08362074932057068
252,0.8235273442184126,0.09224365335509135,0.08422900242649618
253,0.825892086668044,0.0921036903343786,0.08200422299757729
254,0.8291165248584981,0.09011822539577913,0.08076524974572279
255,0.8270657870135714,0.08987571057146845,0.08305850241496035
256,0.8283796384469303,0.08778848850779941,0.0838318730452702
257,0.829343234385128,0.08504167698530248,0.08561508862956962
258,0.8291134209324363,0.0855474296515515,0.0853391494160122
259,0.8293807001891188,0.08619300429095857,0.08442629551992267
260,0.8305666089128504,0.08485192741944719,0.0845814636677025
261,0.8312878814781046,0.08264342350828609,0.08606869501360924
262,0.8332059133154944,0.0803770310789643,0.08641705560554126
263,0.8331399260435847,0.08071482205650764,0.08614525189990775
264,0.8341673828496615,0.07960419044183412,0.08622842670850432
265,0.8343049589966609,0.07941778736585824,0.08627725363748098
266,0.8327754842357057,0.08047211705378489,0.0867523987105094
267,0.8355128759020415,0.07882432174528195,0.08566280235267652
268,0.8352724997231435,0.07981695427387754,0.08491054600297902
269,0.8372701071939459,0.07985062729748463,0.0828792655085694
270,0.8333564221875525,0.08110968253681684,0.08553389527563066
271,0.8375685623146801,0.08301830949295019,0.07941312819236976
272,0.8363492710170126,0.0834357360382545,0.08021499294473293
273,0.8351966255367571,0.08555122215909587,0.07925215230414706
274,0.8364249582298298,0.08563601053097111,0.07793903123919911
275,0.8370212060695649,0.08536856971642946,0.07761022421400568
276,0.8369647893151636,0.08472559714393249,0.07830961354090382
277,0.8391784725139099,0.08581583188188366,0.07500569560420642
278,0.8341579546400786,0.08713723547729958,0.07870480988262188
279,0.8369165213676298,0.0857143438369454,0.07736913479542472
280,0.83827314738292,0.0843944736038945,0.07733237901318551
281,0.8394249831442134,0.08399475164986701,0.07658026520591964
282,0.836966702719261,0.08496558556572374,0.07806771171501528
283,0.8368576000055206,0.0847032499155167,0.07843915007896267
284,0.8364966914892787,0.08509798659711194,0.07840532191360923
285,0.8361434434437499,0.08467555696481949,0.07918099959143056
286,0.8379438010398992,0.08312155825564581,0.07893464070445508
287,0.8390797730620309,0.08208728556618047,0.07883294137178876
288,0.8377924414662626,0.08366921900789903,0.07853833952583837
289,0.8355844342451478,0.08541451506232857,0.07900105069252358
290,0.8354574900976548,0.0856919928054893,0.07885051709685595
291,0.8345652660017171,0.08620713845386488,0.07922759554441808
292,0.8330236131553928,0.0868821617505436,0.08009422509406354
293,0.8324468603518087,0.08765240834561444,0.0799007313025768
294,0.832915623075554,0.08645958230401485,0.08062479462043122
295,0.831956441544232,0.08685632348674738,0.08118723496902076
296,0.8321550675517706,0.0860288635785738,0.08181606886965553
297,0.8307476944766637,0.08658736012200664,0.08266494540132953
298,0.8286693860469008,0.0872006356069959,0.08412997834610328
299,0.828942407317343,0.08636152851023919,0.0846960641724177
300,0.8308077950594124,0.08631462879374766,0.08287757614683998
301,0.8275206256397603,0.08864899499120682,0.08383037936903293
302,0.8321785728497189,0.08867758195247695,0.07914384519780425
303,0.831124060113047,0.09009727517092689,0.07877866471602604
304,0.829220343846244,0.09128286947486355,0.0794967866788925
305,0.8287956244922803,0.09029020185778061,0.08091417364993896
306,0.8269882949872713,0.0907241632215221,0.08228754179120644
307,0.8285437405374609,0.09001741352213935,0.08143884594039978
308,0.8270419265777227,0.09051758780328617,0.08244048561899102
309,0.8271284140123941,0.09013777126536572,0.08273381472224002
310,0.8254300027097373,0.09149044376817038,0.08307955352209233
311,0.8241345689956446,0.0921177620010234,0.0837476690033321
312,0.8233056125139961,0.09307293942159489,0.08362144806440892
313,0.8236041691271052,0.09300655378447639,0.08338927708841855
314,0.8231919328667592,0.09291480478168261,0.08389326235155814
315,0.8224131612335839,0.09275593859420625,0.08483090017220977
316,0.8225690729096866,0.09280416888557719,0.08462675820473614
317,0.826821513882145,0.09407262808746132,0.07910585803039373
318,0.823493554049057,0.09742066496428821,0.07908578098665489
319,0.8237579819269714,0.09616818522806345,0.08007383284496528
320,0.8275731577452007,0.09413882660748259,0.0782880156473167
321,0.8287201131046625,0.09373560848581101,0.07754427840952642
322,0.8258887522918975,0.09497882549690354,0.07913242221119897
323,0.8261810282254306,0.09489991602703839,0.07891905574753112
324,0.8284100053787041,0.09382302871509528,0.07776696590620061
325,0.8274745074778895,0.09567796608375101,0.0768475264383594
326,0.8268535020255448,0.09709101533462172,0.07605548263983346
327,0.8237779185572964,0.09554635074724634,0.08067573069545725
328,0.8266958975191017,0.09263754373830085,0.08066655874259747
329,0.8271811120284396,0.09212606969976848,0.08069281827179196
330,0.8312399944621857,0.09022379166827921,0.07853621386953506
331,0.8309502410786754,0.09024446604300786,0.07880529287831667
332,0.8290294038615638,0.09132281989527703,0.07964777624315919
333,0.8335180500156935,0.08687024221426035,0.07961170777004613
334,0.8329307506399076,0.08635680620843546,0.08071244315165689
335,0.832051072539988,0.08612371904490644,0.08182520841510547
336,0.8267437462435725,0.0882238511412283,0.08503240261519922
337,0.8334252348509169,0.08450822535190919,0.08206653979717388
338,0.8371836121189125,0.08259855715920827,0.08021783072187928
339,0.8400932704620785,0.08213969964540598,0.07776702989251555
340,0.8366055601646225,0.08222996498597801,0.08116447484939958
341,0.8403090063546701,0.08055490110732622,0.0791360925380036
342,0.839272098493717,0.0799784410902463,0.08074946041603678
343,0.8382896072986665,0.08170702388298437,0.08000336881834907
344,0.8390168554858535,0.08132730406269681,0.0796558404514498
345,0.8386802236623017,0.08062725876867481,0.08069251756902344
346,0.849128470684032,0.07146747911583172,0.07940405020013622
347,0.8491700757427991,0.07039409056123144,0.08043583369596942
348,0.8495928406853661,0.06934671146009082,0.08106044785454306
349,0.8458956556349647,0.07120865470367922,0.08289568966135609
350,0.8463827861929807,0.0726149947045478,0.08100221910247145
351,0.8447709825346794,0.07287410287461016,0.08235491459071036
352,0.8417472330456796,0.07671818204190352,0.08153458491241675
353,0.8398937024334192,0.07749913665014124,0.08260716091643941
354,0.8416937786001089,0.07691623293615449,0.08138998846373664
355,0.8438021858266124,0.07558233639428551,0.0806154777791021
356,0.8398649189216963,0.08027032024927805,0.0798647608290256
357,0.8420433448207815,0.07860359558997872,0.07935305958923984
358,0.8426323300856429,0.07803426232813694,0.07933340758622019
359,0.8418063668036884,0.0778439196454609,0.08034971355085081
360,0.8422608063848029,0.07726025427011064,0.08047893934508629
361,0.8436963565090192,0.07806333784099109,0.07824030564998977
362,0.8470880105698468,0.07692599972127616,0.0759859897088769
363,0.8455223213812062,0.0754439758881372,0.07903370273065664
364,0.8467128795414928,0.07597619494661514,0.07731092551189203
365,0.8438142424128975,0.07638036204318718,0.07980539554391523
366,0.845305454869177,0.07534290481623138,0.07935164031459166
367,0.8428431524428627,0.07428034359246165,0.08287650396467572
368,0.8387291601780319,0.07663493713814128,0.0846359026838268
369,0.8385743469834505,0.07609962916400388,0.08532602385254552
370,0.8415636689708752,0.07829982925961032,0.08013650176951465
371,0.8372111494372703,0.07943144266266619,0.08335740790006363
372,0.8383131142446623,0.0791057778261221,0.08258110792921561
373,0.8416835657785543,0.07725749443902741,0.08105893978241832
374,0.8412785303291298,0.0774230005795878,0.08129846909128251
375,0.8399000142242234,0.07884917028352653,0.08125081549225012
376,0.8374845085853198,0.07968540767538818,0.08283008373929224
377,0.842113140581988,0.07992806278193343,0.07795879663607848
378,0.8411197862999672,0.0805515751389466,0.07832863856108627
379,0.8399291298794963,0.0808130892674439,0.07925778085305965
380,0.83927311796473,0.08182511595182254,0.07890176608344736
381,0.8392396564153491,0.08139115929674956,0.07936918428790131
382,0.8408274374410358,0.08018361137301078,0.07898895118595332
383,0.841435235352008,0.08051145481943653,0.07805330982855535
384,0.8385491232231178,0.08344979902747003,0.07800107774941203
385,0.8367196145587109,0.08505852356217053,0.07822186187911849
386,0.8385856322394124,0.08416417116176747,0.07725019659882015
387,0.8360027038025882,0.08454361055193241,0.07945368564547951
388,0.8345433403533625,0.08504007903359986,0.08041658061303772
389,0.8335314185288718,0.08578924897293902,0.08067933249818927
390,0.8350899402027125,0.08599185939196062,0.07891820040532681
391,0.8353967699927549,0.08592927459200207,0.07867395541524308
392,0.8383780306873914,0.08343114565745506,0.07819082365515359
393,0.8362753705072988,0.0849093224917175,0.07881530700098369
394,0.8359094434673034,0.08712595457164261,0.07696460196105398
395,0.8361445630675947,0.08798266248169834,0.07587277445070702
396,0.8356247175988016,0.08882299511909326,0.0755522872821051
397,0.8342113294943829,0.08874465940575546,0.07704401109986153
398,0.833763400221234,0.0892763939206959,0.07696020585807015
399,0.8348295992632974,0.08878101957958066,0.07638938115712203
400,0.8349639864681215,0.08836871596709375,0.0766672975647847
401,0.8331677042432569,0.08837921124072742,0.0784530845160155
402,0.8342337208920861,0.08749942441380065,0.0782668546941132
403,0.833335543792073,0.08805771944836588,0.07860673675956115
404,0.8347005679871615,0.08695691802077336,0.07834251399206513
405,0.8338143298364129,0.08768231092845113,0.07850335923513606
406,0.8315172040941977,0.08883078788984146,0.07965200801596084
407,0.8308153750529931,0.08993814213873434,0.07924648280827268
408,0.8313359718353874,0.09053151874652114,0.07813250941809145
409,0.830919508931736,0.09124087508354792,0.07783961598471592
410,0.8309802653529643,0.09020162612825618,0.07881810851877957
411,0.8330447747342462,0.08894832382166418,0.07800690144408967
412,0.8340376414852957,0.08849925288738375,0.07746310562732052
413,0.8338987755432965,0.08867223325167355,0.07742899120502994
414,0.8331283745739866,0.08982160589373615,0.07705001953227725
415,0.8310288190014413,0.08711119587348394,0.08185998512507472
416,0.8320566996959079,0.08709429880629721,0.0808490014977949
417,0.8335283227409085,0.08611144675167867,0.08036023050741285
418,0.8333577250408488,0.08575872943981835,0.0808835455193329
419,0.8315135547724587,0.08672767908012873,0.0817587661474127
420,0.8339780241102439,0.08533106760147016,0.08069090828828605
421,0.8350625364268861,0.08540747352076257,0.07952999005235117
422,0.8313923408971828,0.0867920577012031,0.08181560140161404
423,0.8311679598908126,0.08668344364176073,0.0821485964674267
424,0.8296977923729225,0.0877500961983364,0.08255211142874122
425,0.8308848391124121,0.08835711924888269,0.08075804163870517
426,0.8371820773066745,0.08420514752016726,0.07861277517315829
427,0.8372293739403828,0.08383036017503637,0.07894026588458082
428,0.8373101591920246,0.08309578599291938,0.07959405481505613
429,0.8373666448603111,0.08320702426681263,0.07942633087287619
430,0.8370502540734832,0.08357650064605494,0.07937324528046193
431,0.838557624738275,0.08256176511627293,0.0788806101454521
432,0.8408435073344787,0.0817178549124199,0.07743863775310142
433,0.8411006708789769,0.08076472801347366,0.07813460110754945
434,0.8445176375032355,0.07763552152310026,0.07784684097366412
435,0.843263329818633,0.0798305246273511,0.07690614555401601
436,0.843288864018089,0.07950051434270715,0.07721062163920385
437,0.8407009651332197,0.08091193680684652,0.07838709805993388
438,0.8430270292489113,0.07958882832405825,0.07738414242703047
439,0.8439385741398202,0.07855872042829487,0.07750270543188491
440,0.8410326203993386,0.07919332889283005,0.07977405070783139
441,0.8391541442011399,0.08040580439785991,0.0804400514010002
442,0.8400196610893447,0.07952677459431025,0.08045356431634505
443,0.8395819441167248,0.07984443316870597,0.08057362271456929
444,0.842771487740384,0.07776570052654652,0.07946281173306942
445,0.8438526445140625,0.0775594259491143,0.07858792953682328
446,0.8433753225858188,0.07846473730753366,0.07815994010664744
447,0.8439115110478708,0.07757648375661529,0.07851200519551385
448,0.8427938827607889,0.07774119010596277,0.07946492713324829
449,0.8439976182470577,0.0756330594681174,0.080369322284825
450,0.8414319308953946,0.07698202460653818,0.08158604449806733
451,0.839435015530655,0.0783049638360834,0.08226002063326161
452,0.8411701635607675,0.07816175770037788,0.0806680787388547
453,0.8427371213203221,0.07717617681516964,0.08008670186450823
454,0.839267768106064,0.07910158808586848,0.08163064380806763
455,0.8406944308080176,0.08177692900426438,0.0775286401877179
456,0.8404503501031342,0.0820969967150085,0.07745265318185741
457,0.839319317553268,0.08205059044581789,0.07863009200091413
458,0.8404032542163952,0.0816778763901717,0.0779188693934332
459,0.8368733089786453,0.08368210573623416,0.07944458528512047
460,0.8383922402000139,0.08229636978149539,0.07931139001849075
461,0.8362749431676493,0.0818364563945136,0.08188860043783718
462,0.8383538878966585,0.07934057259263869,0.08230553951070281
463,0.8381950776613964,0.07978163183977978,0.0820232904988238
464,0.8378211264833583,0.07976571656419598,0.08241315695244575
465,0.8387787401756661,0.08020822068201804,0.0810130391423158
466,0.837493687643461,0.0807754650055834,0.08173084735095569
467,0.837403681204592,0.08030948049970413,0.08228683829570393
468,0.8337412035986745,0.08373771627690395,0.08252108012442158
469,0.8336439792169225,0.08410977033606554,0.08224625044701199
470,0.8348223527854555,0.08328256827040137,0.08189507894414319
471,0.8329530209002166,0.08583344792842386,0.08121353117135964
472,0.8331941252281702,0.08547341723321154,0.08133245753861829
473,0.8324696033175202,0.08494448777812619,0.0825859089043536
474,0.832600615862418,0.08534082751772129,0.08205855661986072
475,0.8317952390902326,0.0852094360329609,0.08299532487680646
476,0.8307578631731676,0.0864983294848842,0.08274380734194835
477,0.8308626633028764,0.08692230634542807,0.08221503035169556
478,0.8305357145924706,0.08675317001476197,0.08271111539276745
479,0.8312837700174466,0.08638548593690551,0.082330744045648
480,0.831575351366952,0.08609677283714134,0.08232787579590661
481,0.8285481000125634,0.08745210562398971,0.08399979436344687
482,0.8324392836345579,0.08209653361171444,0.08546418275372773
483,0.8381704402445753,0.08048981614064672,0.08133974361477779
484,0.8381921086785947,0.07953647040425231,0.08227142091715293
485,0.8404846211755592,0.07852993742458504,0.08098544139985574
486,0.8391469025709299,0.07853694153008467,0.0823161558989853
487,0.8391563477026485,0.07844820357186214,0.08239544872548932
488,0.8403944199073038,0.07882504649225709,0.08078053360043902
489,0.8397393403851298,0.07952348346414322,0.08073717615072717
490,0.8392157035965463,0.07955864012308715,0.08122565628036646
491,0.8400539091240843,0.07887467027147002,0.0810714206044457
492,0.8431147387207271,0.07595150472492142,0.0809337565543516
493,0.8436205771742592,0.07559408114287737,0.08078534168286346
494,0.8452096759477196,0.07527363399058079,0.0795166900616997
495,0.8449218355909491,0.07511510028556243,0.07996306412348851
496,0.8447924431639057,0.07579915028709794,0.07940840654899646
497,0.8447568195811263,0.07524642342185023,0.07999675699702347
498,0.8440115700470167,0.07582578207219869,0.08016264788078464
499,0.8460625227888593,0.075328227399679,0.07860924981146171
500,0.8469547061451613,0.07450145123505751,0.07854384261978103
501,0.8464284297031748,0.0750370074594573,0.07853456283736798
