,0,1,2
0,0.9539213726220717,0.03167306778484967,0.01440555959307858
1,0.9543642705310149,0.03132017382894157,0.01431555564004351
2,0.9550680305425352,0.03086612095290477,0.014065848504560038
3,0.9543213147324408,0.030666950383817757,0.015011734883741457
4,0.9535598840089162,0.03081071845094917,0.015629397540134676
5,0.954112158014789,0.030334393696091356,0.015553448289119623
6,0.9539396508764606,0.030344741342021093,0.01571560778151825
7,0.9539706482650656,0.03057486296517949,0.015454488769754905
8,0.9544478060972061,0.030206683528614112,0.0153455103741797
9,0.9546985049381287,0.03019877493451121,0.015102720127360032
10,0.9547693625273964,0.029559735832306217,0.015670901640297375
11,0.9538426954059303,0.03010005492141463,0.016057249672655198
12,0.9541161331714401,0.030233685974179032,0.01565018085438098
13,0.953521764373648,0.030173210369199368,0.016305025257152647
14,0.953140739067068,0.0301261906759939,0.01673307025693811
15,0.9530709180784621,0.030382037303039455,0.016547044618498312
16,0.9547693608503951,0.02971984810439019,0.015510791045214686
17,0.9549915524993304,0.029782648687589893,0.015225798813079658
18,0.9556029100203008,0.02941527433746823,0.01498181564223095
19,0.9555686155306258,0.029254806790562946,0.015176577678811176
20,0.9548258969795006,0.0296540522815386,0.015520050738960718
21,0.9551867516595043,0.02963439210980315,0.015178856230692539
22,0.9551453118766727,0.029686500818343228,0.015168187304984022
23,0.9553062983175044,0.029634766140073064,0.015058935542422564
24,0.9543968888288433,0.029995005374854264,0.015608105796302464
25,0.9550807753540033,0.029993977241082076,0.014925247404914556
26,0.9560393876293404,0.02973683390161959,0.01422377846903994
27,0.9563811871676942,0.02942002043992562,0.014198792392380234
28,0.9564427074688998,0.02946785589453993,0.014089436636560251
29,0.9566944552119258,0.029580062436219485,0.013725482351854713
30,0.9561096428199098,0.02989935674875675,0.01399100043133331
31,0.9565537753798989,0.029819673650369197,0.013626550969731819
32,0.956887149374275,0.029650375198804743,0.01346247542692022
33,0.9573512182833014,0.02928346248154389,0.013365319235154726
34,0.9581411704379115,0.02863311687361736,0.013225712688471251
35,0.9580024709724595,0.02850764724041285,0.013489881787127634
36,0.9588946791203657,0.02796468375478593,0.013140637124848312
37,0.9590938855426692,0.027727563101361197,0.013178551355969667
38,0.95887620878772,0.02778575663684127,0.01333803457543872
39,0.959314076427729,0.02752110526693516,0.013164818305335793
40,0.9600879478189517,0.02716260222763945,0.012749449953408824
41,0.9602425513761642,0.026757692396873985,0.012999756226961841
42,0.9599366157380489,0.026604957740567675,0.013458426521383453
43,0.9608017895751303,0.02613381938848545,0.01306439103638415
44,0.9600042283107059,0.026729249228690057,0.013266522460604167
45,0.9597201664620427,0.02714464900814002,0.013135184529817255
46,0.9591509360870014,0.027532339831645835,0.013316724081352913
47,0.9590264062926278,0.02773733595814457,0.013236257749227633
48,0.9588135764880114,0.02767842126791975,0.01350800224406896
49,0.9591348667598464,0.02741459694642985,0.013450536293723619
50,0.9589918674361653,0.027573003502579064,0.013435129061255697
51,0.9598046430329554,0.027075782018023815,0.013119574949020784
52,0.9591477226313488,0.02755402858057271,0.013298248788078379
53,0.9583304458979633,0.02799760682167068,0.013671947280365889
54,0.9581532045628487,0.02848199709695088,0.0133647983402005
55,0.9585575055201174,0.028301455185644076,0.013141039294238497
56,0.9576835505032202,0.02896991215020063,0.013346537346579129
57,0.95691354701293,0.029421346977560763,0.013665106009509254
58,0.9566872628462911,0.02975948924075658,0.01355324791295229
59,0.9573384147609951,0.029244603505661958,0.013416981733342907
60,0.9569535361269018,0.029461025793423884,0.01358543807967427
61,0.9564786645681015,0.02965191591681952,0.01386941951507908
62,0.9559707407436386,0.030127127156505965,0.013902132099855469
63,0.9560377955996918,0.03007078748684836,0.013891416913459805
64,0.9564299275293727,0.029973688917533044,0.013596383553094216
65,0.956325274299977,0.030171708695634344,0.013503017004388584
66,0.9563053043017379,0.030337295288702763,0.013357400409559225
67,0.9561918940992103,0.0304673217377067,0.013340784163082908
68,0.9560353994221928,0.030495736874494757,0.013468863703312272
69,0.9559491895376042,0.030322659529020968,0.013728150933374735
70,0.955342174408395,0.030773178535477747,0.013884647056127257
71,0.955272028834633,0.030931115759138053,0.013796855406228797
72,0.9553668872367426,0.03083655688068126,0.013796555882576195
73,0.954890403912571,0.03100299367351899,0.014106602413909994
74,0.9546786113210612,0.031192899535471205,0.014128489143467555
75,0.9549899640878886,0.030967022532300357,0.014043013379811044
76,0.9546061747082673,0.031122999890735432,0.01427082540099745
77,0.9549804059827007,0.03073817053650736,0.014281423480791984
78,0.9550019153715579,0.030879827052117732,0.014118257576324365
79,0.9550098799860756,0.03082836934750924,0.014161750666415184
80,0.954695326052564,0.03114758777137936,0.014157086176056618
81,0.9547327446738917,0.031027894757575922,0.014239360568532398
82,0.9541352231312678,0.03161099402932991,0.01425378283940228
83,0.9551708205015278,0.03130909503606006,0.0135200844624121
84,0.9553533375939608,0.03108227359544081,0.013564388810598462
85,0.9543722332453881,0.031905594020351265,0.013722172734260804
86,0.9541797541575814,0.032029168950431716,0.013791076891986826
87,0.9546205047814774,0.03180716958092806,0.013572325637594472
88,0.9550027126822391,0.03154464503598854,0.013452642281772264
89,0.9552034922116711,0.031052371895525812,0.013744135892803128
90,0.9544828237031778,0.031640019652602464,0.013877156644219665
91,0.9541908843931428,0.03203787949545961,0.013771236111397592
92,0.9542831433554868,0.03200263430395457,0.01371422234055859
93,0.9544525893080993,0.03191244953608596,0.013634961155814812
94,0.9547144343066489,0.03165853758994051,0.013627028103410611
95,0.9541161414895911,0.03196536620384917,0.013918492306559707
96,0.9544629319955356,0.03173856404075909,0.013798503963705277
97,0.9542218991636673,0.03195807854840499,0.013820022287927834
98,0.9541050072224747,0.03211499713400884,0.013779995643516438
99,0.9540096054075201,0.032131783519783165,0.01385861107269679
100,0.9539364771099683,0.03228596065261219,0.013777562237419378
101,0.9544955555903573,0.0315354001518371,0.013969044257805622
102,0.9546403996613538,0.0315368524916233,0.013822747847022799
103,0.9545528514493297,0.03173071750764151,0.013716431043028922
104,0.9541900881321927,0.03199201760373119,0.013817894264076019
105,0.9538315753882571,0.03228407510516215,0.013884349506580775
106,0.9541145481799987,0.03170031341996098,0.014185138400040253
107,0.9542179218483321,0.031645409465304516,0.01413666868636343
108,0.9539762193014717,0.03165905704209827,0.014364723656430173
109,0.9535225614088053,0.03189801436214683,0.014579424229047832
110,0.9544032563219759,0.03182911058239454,0.013767633095629556
111,0.9542401859379585,0.03198453173304374,0.013775282328997876
112,0.9542091691083637,0.03199599404050623,0.01379483685113006
113,0.9545098721460114,0.03163091807209228,0.013859209781896444
114,0.9540835355052228,0.0320617787274275,0.013854685767349658
115,0.9542592736468508,0.031745132766567305,0.013995593586582002
116,0.9536345440763646,0.03221743730905056,0.01414801861458487
117,0.9531820068942559,0.03265004798292398,0.014167945122820082
118,0.9531923225650933,0.03263291937702927,0.014174758057877362
119,0.9530257027416845,0.032635538540570545,0.014338758717744869
120,0.9527211738307299,0.032828150633616236,0.01445067553565395
121,0.9527536781511111,0.032998199202772104,0.014248122646116726
122,0.9527195867447413,0.03318424762869799,0.014096165626560589
123,0.9530574297870048,0.03293630119237294,0.014006269020622256
124,0.9531653376779029,0.032845122566542734,0.013989539755554252
125,0.9528853047666501,0.033202504462036236,0.01391219077131382
126,0.9529297201395753,0.033197392354734206,0.013872887505690467
127,0.9526601327937164,0.03367226587970262,0.013667601326580832
128,0.9525753215769982,0.033874773101443496,0.013549905321558276
129,0.9520651984772531,0.03429070294826977,0.01364409857447711
130,0.9525570925687703,0.03393485995914547,0.01350804747208423
131,0.9527108642525927,0.033872104250034396,0.013417031497372963
132,0.952600680836794,0.03410864243599699,0.013290676727209072
133,0.9524334755237127,0.03425821625910607,0.013308308217181278
134,0.9463006464473199,0.034151145546919365,0.01954820800576074
135,0.9461848249744977,0.034461499589035965,0.01935367543646638
136,0.9456310287206589,0.03461513719829461,0.019753834081046633
137,0.9457442747637259,0.03451698401642073,0.019738741219853438
138,0.9456679319178795,0.034724604684916276,0.019607463397204258
139,0.9450447425977254,0.035191237499919224,0.01976401990235546
140,0.9455294132299902,0.03519265589203065,0.019277930877979136
141,0.9456708683794588,0.035290231081410744,0.01903890053913042
142,0.9454437895767128,0.03510548931131905,0.01945072111196813
143,0.9453470525486326,0.03535629652121377,0.019296650930153713
144,0.9450100041580614,0.03571268707251898,0.019277308769419677
145,0.9448090956439126,0.03563862483640497,0.019552279519682508
146,0.9444488533958431,0.03613584143614377,0.019415305168013288
147,0.9445947248244834,0.03613893026118168,0.01926634491433497
148,0.944054352490827,0.03679489066256084,0.01915075684661212
149,0.9444792944676695,0.03651575833812441,0.019004947194206024
150,0.9446463287153455,0.03659199877455561,0.018761672510098866
151,0.9448431877932367,0.036812338788853614,0.018344473417909606
152,0.9449129994414253,0.03692059373959139,0.018166406818983367
153,0.9448297762160455,0.037005416971500844,0.01816480681245374
154,0.9445025668762439,0.037196936769684524,0.018300496354071476
155,0.9439851161235852,0.03759495919556573,0.018419924680849187
156,0.9436335336472683,0.037537805791077156,0.018828660561654484
157,0.9443771612827968,0.03705828269422328,0.01856455602297995
158,0.9437532523420573,0.03770192281019432,0.01854482484774836
159,0.9432913813655491,0.03807584900070278,0.018632769633747985
160,0.9434612769054843,0.03774584592324411,0.01879287717127161
161,0.9437047872756428,0.037494995451801474,0.01880021727255588
162,0.9436969759991096,0.0374482090023038,0.01885481499858664
163,0.9439907067831221,0.037300471122308686,0.018708822094569165
164,0.9437854786198263,0.037377850629044536,0.01883667075112925
165,0.9432609727182626,0.037820783435448306,0.01891824384628909
166,0.9431921632494098,0.0377815278487526,0.019026308901837638
167,0.9429849358730592,0.037858642805162976,0.019156421321777944
168,0.9425902060236263,0.0382116726785695,0.019198121297804287
169,0.9427338944809065,0.038348488349392876,0.018917617169700515
170,0.943290583262904,0.038126416137087546,0.018583000600008462
171,0.9429635464989243,0.038619051577133544,0.01841740192394212
172,0.9432661376349112,0.03865135258693063,0.01808250977815828
173,0.9436957655313077,0.038604223054117606,0.017700011414574574
174,0.9438141663100553,0.0381525570767231,0.01803327661322157
175,0.9439614449319558,0.03805474229648807,0.01798381277155615
176,0.943497874806307,0.03822855561414982,0.01827356957954322
177,0.9429206319037734,0.03841910583538008,0.01866026226084657
178,0.9429950059890174,0.03810700407310329,0.018897989937879337
179,0.9436687995402969,0.03743961514035244,0.018891585319350587
180,0.9435576247295653,0.03751569222059676,0.01892668304983798
181,0.9450619095885957,0.03759378703556432,0.017344303375839955
182,0.944981813689666,0.03762800055454669,0.017390185755787255
183,0.9439909182794695,0.03883131400136975,0.01717776771916076
184,0.9444935436694251,0.03825477852961962,0.017251677800955267
185,0.9456677905454387,0.0372037332952694,0.017128476159291823
186,0.9453210868235966,0.03755920994735074,0.017119703229052555
187,0.9454869479941493,0.03736291762913097,0.01715013437671973
188,0.9457015671052303,0.03728656630672711,0.017011866588042573
189,0.9467927604579666,0.03664766160633713,0.016559577935696315
190,0.946545985177923,0.037145882794889895,0.01630813202718712
191,0.9461860888602626,0.037389710574106894,0.016424200565630466
192,0.9459483590248361,0.03767397657770088,0.016377664397463087
193,0.9459719903515341,0.03759006324429186,0.016437946404174023
194,0.9463962543938291,0.03742798173840777,0.016175763867763072
195,0.9467255753617446,0.03720538502333038,0.016069039614925035
196,0.9468824449497713,0.03708081315958502,0.016036741890643802
197,0.9460916112026226,0.03749580934669789,0.016412579450679463
198,0.9460073682446951,0.03763640032608565,0.016356231429219308
199,0.9454865498119097,0.03841058306811745,0.01610286711997269
200,0.9448738270641981,0.03881196650684923,0.016314206428952833
201,0.9446203094541115,0.03902502035369937,0.016354670192189173
202,0.943983566538151,0.03961801844227479,0.016398415019574356
203,0.9436294764165216,0.03999816909328416,0.016372354490194085
204,0.9427697480514322,0.040634129418765916,0.016596122529801815
205,0.9431740162476661,0.04027249138437399,0.016553492367959822
206,0.9432646299772818,0.04057333150781025,0.016162038514907984
207,0.9429729320274997,0.040678541494486124,0.016348526478014186
208,0.942603312410921,0.040746320207059254,0.016650367382019738
209,0.9420225496875894,0.04074855500930572,0.017228895303104872
210,0.9429977472472076,0.04121533902041529,0.015786913732377023
211,0.9418054090177137,0.04160551196436631,0.01658907901791991
212,0.9406065050591016,0.04265189266616693,0.01674160227473158
213,0.9407147029091496,0.04244997571961546,0.016835321371234932
214,0.9417601422338265,0.041726087681012214,0.016513770085161233
215,0.9413687583491213,0.04211440311574195,0.016516838535136722
216,0.9418848489249154,0.041872430998906085,0.016242720076178527
217,0.9414301973973938,0.04240444066841571,0.016165361934190523
218,0.9409246671656957,0.04279457869196362,0.016280754142340627
219,0.9408109667370151,0.0430144538167393,0.016174579446245663
220,0.9401560577420573,0.043549213135122444,0.01629472912282018
221,0.94035269591355,0.04352276303552215,0.016124541050927855
222,0.9400876007317858,0.04376513179054999,0.016147267477664276
223,0.9398886194332664,0.04412120963197722,0.015990170934756343
224,0.9397059754913281,0.044596914077704386,0.01569711043096759
225,0.9391611765201222,0.04503440375987983,0.01580441971999804
226,0.9381340254727437,0.04535393401488924,0.016512040512366946
227,0.9380320209408409,0.04505202818902684,0.016915950870132247
228,0.9368945295854411,0.045718337914222654,0.01738713250033642
229,0.9387079822663943,0.04452726436558806,0.016764753368017617
230,0.9400906847105506,0.04380414020921842,0.016105175080231123
231,0.9400379945585584,0.043443723110184435,0.016518282331257114
232,0.9399703143708451,0.043723301180244416,0.01630638444891041
233,0.9398179695185945,0.04406913455587135,0.01611289592553413
234,0.9387334696987456,0.04474641393369501,0.01652011636755953
235,0.9395176775412403,0.043799740980903015,0.01668258147785669
236,0.9401670034284142,0.043352117823808566,0.01648087874777724
237,0.9377416590565455,0.04608459416085559,0.01617374678259898
238,0.9373066987083838,0.04593132885696503,0.016761972434651218
239,0.9380444231264915,0.04498745121042791,0.01696812566308066
240,0.9357027869933732,0.04653243507280705,0.0177647779338198
241,0.9366909373055895,0.045523054483700205,0.01778600821071023
242,0.9368723829212239,0.0451182672370498,0.01800934984172622
243,0.9366694667912475,0.04518675172122353,0.018143781487528935
244,0.9368577872261901,0.04493795674828286,0.01820425602552712
245,0.9366023389516799,0.04527493989043019,0.018122721157889796
246,0.9365252085777181,0.04532886491157438,0.01814592651070749
247,0.9353981584720304,0.04635194096010556,0.01824990056786388
248,0.9354650417442536,0.0464515122321766,0.018083446023569823
249,0.9351112135166959,0.04669134216469558,0.018197444318608612
250,0.9353343112992192,0.04638496907312825,0.01828071962765245
251,0.9352065440770424,0.04669034456600114,0.01810311135695646
252,0.9351512192791863,0.046606166181079337,0.018242614539734206
253,0.9358406190548527,0.04643641477542418,0.01772296616972313
254,0.937259042994544,0.045327290904408936,0.017413666101047023
255,0.9367635350663098,0.045293441620747624,0.0179430233129426
256,0.9376859287804534,0.04421489713419333,0.018099174085353307
257,0.9386900327621263,0.04282750553144627,0.01848246170642744
258,0.938490904957313,0.04308500544235524,0.01842408960033166
259,0.9383893762570755,0.04339145764965933,0.01821916609326516
260,0.9390736753130675,0.04268644373560876,0.01823988095132373
261,0.939865502228783,0.041574364855741626,0.018560132915475442
262,0.9409956198041117,0.04038966793397697,0.018614712261911342
263,0.9408865946057353,0.04055792156559731,0.018555483828667344
264,0.9414630568916225,0.039975055232604036,0.018561887875773408
265,0.9415503714203771,0.03987857040492462,0.01857105817469835
266,0.9408539509084747,0.04045225832973243,0.01869379076179299
267,0.9420347093730763,0.03954367826229138,0.0184216123646323
268,0.9417023078969704,0.04003904102266783,0.01825865108036183
269,0.94222806255982,0.03998267482240399,0.017789262617775987
270,0.9408382806077958,0.04074365242778507,0.018418066964419066
271,0.9398273930725728,0.04174954346178078,0.018423063465646296
272,0.9393725038350031,0.04200029846520737,0.018627197699789527
273,0.9385033094691072,0.043084733356392756,0.018411957174500136
274,0.9388340523238533,0.04307927551697312,0.018086672159173624
275,0.939072821888728,0.042925061863242936,0.01800211624802912
276,0.9392202574426594,0.042611322719151516,0.018168419838189263
277,0.939575393238907,0.04306206288352099,0.017362543877572027
278,0.9393959226561616,0.04368830693060699,0.016915770413231366
279,0.9405216635782676,0.04288458671475045,0.016593749706981912
280,0.941240221656456,0.04218810261758529,0.016571675725958634
281,0.9416556071843422,0.04194917446628515,0.016395218349372655
282,0.9407364750233648,0.04251712788763057,0.016746397089004644
283,0.9407777531361656,0.0423932400458546,0.01682900681797973
284,0.9405746471576205,0.042599979264967267,0.016825373577412216
285,0.9405933884169789,0.04240726431680621,0.016999347266214854
286,0.9414944146946901,0.04157934023172854,0.01692624507358141
287,0.942076289783009,0.041031725288158495,0.016891984928832607
288,0.9413065521315851,0.04185250154502587,0.016840946323389124
289,0.9402441655040542,0.04279007500289821,0.016965759493047527
290,0.9401353202732211,0.042930635460784496,0.016934044265994472
291,0.9397561975810976,0.043217454587093994,0.017026347831808352
292,0.939157852411201,0.04360868211094226,0.01723346547785662
293,0.9387941926515369,0.044008725362318264,0.017197081986144926
294,0.939242449318016,0.04340611326314603,0.017351437418837903
295,0.9388756853645016,0.04363851946404714,0.017485795171451136
296,0.9391525671968864,0.04322521238807739,0.017622220415036246
297,0.9386200676510481,0.04355482284706507,0.017825109501886885
298,0.9378886075153607,0.04393905156978658,0.018172340914852668
299,0.9381896677435895,0.043515869950104355,0.01829446230630607
300,0.9387099698565985,0.04341865210570296,0.017871378037698508
301,0.9371836227562684,0.04469724362161247,0.018119133622119154
302,0.9368023234459952,0.044767211508743895,0.018430465045260917
303,0.9361351866079579,0.04550919386823457,0.018355619523807452
304,0.9352798161453402,0.046171679115162644,0.01854850473949727
305,0.9354091939192793,0.045699303372778714,0.01889150270794197
306,0.9347710888882388,0.04598790777379001,0.019241003337971234
307,0.9354053951112669,0.04557490072221992,0.01901970416651322
308,0.9348394965530552,0.04588357724203966,0.019276926204905176
309,0.9349617350116534,0.04569224361427533,0.01934602137407131
310,0.9341192183674479,0.04643148375940863,0.019449297873143423
311,0.9335786055590071,0.046796234525322444,0.0196251599156704
312,0.9330906063973105,0.04730433511181735,0.019605058490872084
313,0.9331954935800582,0.04725877068935659,0.01954573573058532
314,0.933097518251794,0.04723083446509325,0.0196716472831127
315,0.9329085205150804,0.047185167770471166,0.01990631171444844
316,0.9329421820753339,0.047202457512570274,0.019855360412095888
317,0.9319498100032526,0.04792838831081092,0.020121801685936448
318,0.9301058357464453,0.04973613662349209,0.020158027630062646
319,0.9304872397371017,0.04910107484945452,0.02041168541344381
320,0.9321697575097105,0.04792986285377673,0.019900379636512706
321,0.9326245801175421,0.04768177055985884,0.019693649322599083
322,0.9314413974207165,0.048418303882876976,0.02014029869640638
323,0.9315520206668142,0.04836670644836146,0.020081272884824312
324,0.9325068198023451,0.047738077146601256,0.019755103051053758
325,0.9317731856838105,0.04869858162011823,0.01952823269607135
326,0.9312427694497393,0.04942676411580344,0.019330466434457263
327,0.9325669216646203,0.04853011406696719,0.018902964268412595
328,0.9341665810459524,0.04696701105017348,0.01886640790387417
329,0.934439103736191,0.04669391473094028,0.01886698153286873
330,0.9361066518205801,0.04558766226430931,0.018305685915110673
331,0.9360172903070104,0.04560965423768709,0.01837305545530233
332,0.9351836807351442,0.046220394279219895,0.018595924985635892
333,0.9376203973785935,0.04384402505330655,0.018535577568100002
334,0.9375818388389512,0.04361382833309135,0.018804332827957446
335,0.9373871687130039,0.043533054690786346,0.019079776596209675
336,0.9353080137102627,0.044781341124131666,0.019910645165605565
337,0.9381961712278414,0.04268284301190717,0.019120985760251452
338,0.9397622405245235,0.04160035924463007,0.018637400230846413
339,0.9407089403245587,0.04126750602532495,0.018023553650116448
340,0.939690876886764,0.041440187944902354,0.01886893516833349
341,0.941173892705533,0.04048090093388634,0.018345206360580627
342,0.9410260523788297,0.040234549576463094,0.018739398044707187
343,0.9403054171030574,0.041120803788491755,0.018573779108450827
344,0.9406095086360072,0.04090744943678687,0.0184830419272059
345,0.9406920835215201,0.04057516818219671,0.018732748296283106
346,0.9520434090576456,0.03572228326877599,0.012234307673578308
347,0.9524052083979337,0.03519740790965999,0.01239738369240622
348,0.9528348373882962,0.034672092508411995,0.0124930701032917
349,0.9514787542228365,0.03570774957147738,0.012813496205686177
350,0.9511131765743763,0.03637802229841815,0.012508801127205493
351,0.9507018863417683,0.03656166691695423,0.012736446741277493
352,0.9488181891723682,0.03855200820259322,0.012629802625038712
353,0.9481802834701046,0.03900415362813717,0.01281556290175808
354,0.9487419286575468,0.03865087957770437,0.01260719176474881
355,0.9496121205691448,0.03792043531658864,0.012467444114266538
356,0.947260444233572,0.04036104064875568,0.012378515117672273
357,0.9482574710826838,0.03946223117795079,0.012280297739365394
358,0.9485655985050239,0.03916174000116663,0.012272661493809565
359,0.9484591599462863,0.039100158981744265,0.012440681071969472
360,0.9487445630878786,0.038797723172152083,0.012457713739969413
361,0.9487735505105106,0.039135502177411866,0.012090947312077424
362,0.9498373518181944,0.038453976498998996,0.011708671682806515
363,0.9511296527194405,0.037587083556999884,0.011283263723559596
364,0.9511767722455466,0.03780089016861266,0.011022337585840765
365,0.9504863806073243,0.03810484303425649,0.011408776358419163
366,0.9511224505997423,0.03754607464132085,0.01133147475893683
367,0.9510116040680832,0.03712037669597109,0.01186801923594579
368,0.94942045666077,0.038420504697858564,0.012159038641371486
369,0.9495723145637136,0.03816527791583304,0.012262407520453263
370,0.948226586074596,0.03935736951714277,0.012416044408261256
371,0.9469552488449018,0.040079934446398756,0.012964816708699388
372,0.9472909863712572,0.03987727284610207,0.012831740782640709
373,0.9485949547336795,0.038842992602103006,0.01256205266421754
374,0.9484572957002613,0.03893929410552408,0.012603410194214557
375,0.9477032510458588,0.039690083205688696,0.012606665748452359
376,0.946927975775404,0.04019379967952907,0.012878224545067063
377,0.9464842287536085,0.04038172954238996,0.013134041704001584
378,0.9395149578693338,0.040726847265669046,0.01975819486499713
379,0.9390896850143101,0.040898468074761725,0.020011846910928163
380,0.9386483104960229,0.04142353181776427,0.01992815768621271
381,0.9387414249054769,0.0412095740138054,0.020049001080717728
382,0.9395135080355568,0.040554838043467115,0.0199316539209761
383,0.9396205501850216,0.04069587510446541,0.019683574710512942
384,0.9380400054406898,0.04225509200416364,0.019704902555146557
385,0.9370956579747725,0.043120394042847246,0.019783947982380336
386,0.9378811944153174,0.04260774664962415,0.019511058935058487
387,0.9369977363437342,0.04289163049034951,0.020110633165916443
388,0.9364296678938302,0.043192747356606324,0.02037758474956335
389,0.9359384771340522,0.04360327384805219,0.020458249017895627
390,0.9363715641514063,0.04364487052081213,0.019983565327781606
391,0.9364810833399637,0.04360218649575655,0.019916730164279743
392,0.937992035167223,0.042252107279742344,0.019755857553034738
393,0.9369945443609703,0.043062975685909874,0.019942479953119832
394,0.9363542795697367,0.04417630855996875,0.019469411870294568
395,0.9362229757216475,0.044591895144499134,0.019185129133853365
396,0.9358628980473622,0.045028478350281,0.019108623602356847
397,0.9372367291968458,0.04481831180361977,0.017944958999534445
398,0.9369716858800837,0.04509831656813869,0.017929997551777543
399,0.9374059265120344,0.04481155711903837,0.017782516368927255
400,0.9375498057521379,0.044603115965020534,0.017847078282841603
401,0.937028300849832,0.04467972102682204,0.018291978123345966
402,0.9375608703407555,0.04420353276719112,0.01823559689205338
403,0.9371589041583217,0.04451442976724974,0.01832666607442853
404,0.9378339840930744,0.043917685732960406,0.01824833017396522
405,0.9373931000657504,0.04431027404545517,0.018296625888794465
406,0.9364347570588369,0.04496865005829784,0.018596592882865307
407,0.9359480781945199,0.045544002504408806,0.01850791930107133
408,0.9359479109422983,0.04581576719459181,0.018236321863109823
409,0.935645814565787,0.04618298673328577,0.018171198700927375
410,0.935928738473029,0.0456674214585902,0.01840384006838081
411,0.9368474885851623,0.04496539071895663,0.018187120695881038
412,0.9372491541348316,0.04470427548780567,0.018046570377362736
413,0.9371649085498368,0.04479508649327751,0.018040004956885684
414,0.9366489094386433,0.04539267453129121,0.017958416030065465
415,0.9383927293257445,0.043912477720716804,0.01769479295353874
416,0.9386770332289676,0.0438630083413931,0.017459958429639367
417,0.9393418541421543,0.04332211144170923,0.01733603441613645
418,0.9393908446598124,0.04315574447398142,0.01745341086620614
419,0.9386283230501223,0.0437046315535838,0.017667045396293806
420,0.9396743128169126,0.04292154483064969,0.017404142352437642
421,0.9399469312658093,0.04291663141597758,0.017136437318213047
422,0.9385779421104509,0.04374110260474414,0.017680955284805056
423,0.938546209962655,0.043696679872906936,0.017757110164438136
424,0.9378569634529561,0.044280211979559406,0.01786282456748448
425,0.9380169466772711,0.04453042244644335,0.01745263087628557
426,0.9408424282634902,0.042245555988180444,0.016912015748329377
427,0.9409562012214129,0.042060235600947335,0.016983563177639792
428,0.9411760352289678,0.041697394367829384,0.017126570403202795
429,0.9411612024700694,0.04174973914215033,0.017089058387780354
430,0.9409765154685721,0.041942745239771484,0.017080739291656488
431,0.9416547417824302,0.04138883212574374,0.01695642609182596
432,0.9424932324984634,0.04089078429855161,0.01661598320298505
433,0.9428185847793005,0.04041543964205843,0.016765975578641134
434,0.9445683083670303,0.038764174343620963,0.0166675172893487
435,0.949103313896413,0.03988043321992643,0.01101625288366048
436,0.9492198634736694,0.03971924640886135,0.011060890117469272
437,0.9482406133381632,0.040507012374723,0.011252374287113757
438,0.9491394014953519,0.03977234736302938,0.011088251141618802
439,0.9496637839221452,0.039236842272593005,0.011099373805261752
440,0.9488872258308556,0.0396580145273432,0.011454759641801269
441,0.9481109134454053,0.040322310750590534,0.011566775804004146
442,0.9485775084178899,0.03986000510969751,0.011562486472412533
443,0.9483846347381727,0.04003194306222371,0.011583422199603748
444,0.9497073011920109,0.03889633126703082,0.011396367540958293
445,0.9499854468543049,0.038754802833803184,0.01125975031189206
446,0.9495870264961352,0.03921290503505343,0.011200068468811412
447,0.9499909979060822,0.03876084883680275,0.011248153257114988
448,0.9497199250131216,0.03888355541240601,0.011396519574472401
449,0.9506659369006726,0.037812813255074976,0.011521249844252422
450,0.9497144603789776,0.03856594698285415,0.011719592638168264
451,0.9488784962938438,0.03928741244392328,0.011834091262233
452,0.9492636139751468,0.039150553016618274,0.011585833008234889
453,0.949900458392809,0.038610892683964115,0.01148864892322682
454,0.948575530379391,0.03968233186631934,0.011742137754289526
455,0.9468014677571411,0.041164510990093474,0.012034021252765495
456,0.9466454486133401,0.04133081507223768,0.012023736314422195
457,0.9464263169140003,0.04135354176552044,0.012220141320479154
458,0.9467738727305373,0.041127696691880065,0.012098430577582711
459,0.9453786240630976,0.04225227256442141,0.01236910337248106
460,0.9461526420011264,0.041511272430746565,0.012336085568127176
461,0.945863555287173,0.04137115394380357,0.012765290769023354
462,0.9471213702934742,0.04006314093224776,0.012815488774277935
463,0.946942570295539,0.040285880588340296,0.012771549116120683
464,0.9468702547040105,0.04029274437309529,0.01283700092289427
465,0.9469225486591267,0.04047224892137987,0.012605202419493445
466,0.9464682764345898,0.04080143124081436,0.012730292324595839
467,0.9466036792402827,0.04057621660543463,0.012820104154282736
468,0.9447039420615341,0.04240889789886372,0.012887160039602085
469,0.9382000879478594,0.0425958189147843,0.019204093137356416
470,0.9387515509252818,0.04214212020887695,0.019106328865841266
471,0.9375591928424498,0.04347508311056895,0.01896572404698133
472,0.9377210515744245,0.04328766976629494,0.018991278659280526
473,0.9376469458420136,0.043053834206033315,0.019299219951953116
474,0.9375833545800624,0.04324497834654455,0.019171667073392948
475,0.9373838209639749,0.043211007026255764,0.01940517200976944
476,0.9367526909977435,0.043889828363207053,0.019357480639049577
477,0.9366745396532729,0.0440957147841227,0.019229745562604556
478,0.9366228662963496,0.04402480796789838,0.01935232573575206
479,0.9369342756508449,0.04381333171569117,0.019252392633463875
480,0.9370927970647482,0.04365897530376274,0.019248227631488937
481,0.9358649848409937,0.044449964353189236,0.019685050805817027
482,0.938368193645245,0.04164388185337421,0.01998792450138077
483,0.9385222513474892,0.040879471703657445,0.020598276948853363
484,0.9387567866136287,0.040404333055487865,0.02083888033088336
485,0.9396981874319353,0.039824100505318774,0.020477712062745825
486,0.9392879969181507,0.03987373032234891,0.02083827275950032
487,0.9393121024835338,0.039829251313643566,0.020858646202822663
488,0.9396001625047071,0.03997387635322673,0.020425961142066226
489,0.939233284140833,0.04034376976357721,0.02042294609558966
490,0.9390648123578169,0.040379545175094136,0.020555642467089078
491,0.9394843795466034,0.040010324098286365,0.02050529635511038
492,0.9411142225615732,0.03845423214685678,0.02043154529157006
493,0.9413529569013167,0.03826002287888406,0.020387020219799136
494,0.9419102856222522,0.03804872149501152,0.020040992882736242
495,0.9418611505611398,0.03797954060842604,0.020159308830434063
496,0.9416587213951126,0.03832304031156555,0.020018238293321815
497,0.9417799078027977,0.03805008949209097,0.02017000270511127
498,0.9414160541807377,0.03836208510209913,0.02022186071716309
499,0.9421547409516491,0.038047807340526776,0.01979745170782428
500,0.9426209131450203,0.037609167829017645,0.01976991902596208
501,0.9423345737092161,0.03789156084044929,0.019773865450334546
