,0,1,2
0,0.35234854864330917,0.31653184244886534,0.33111960890782566
1,0.3544374173754671,0.31471462335076317,0.3308479592737697
2,0.35830769355640674,0.3133078287563584,0.3283844776872349
3,0.35854495666705644,0.3052480144566165,0.3362070288763271
4,0.3304548389215304,0.33232237710165957,0.33722278397681016
5,0.3328379374822884,0.32935353399811945,0.3378085285195922
6,0.33159259885123865,0.328292517548126,0.34011488360063546
7,0.3326514564945504,0.3318276357322806,0.335520907773169
8,0.3348926355849238,0.3298755107104084,0.33523185370466785
9,0.3367662355940975,0.3315471064734726,0.33168665793242985
10,0.3427135379690351,0.32276005332689334,0.33452640870407163
11,0.33771556308260814,0.3241813666799518,0.33810307023744013
12,0.34020580748006535,0.32792764154929255,0.331866550970642
13,0.3435368304337584,0.32306593230541025,0.3333972372608313
14,0.3406364007101836,0.3199670019344884,0.3393965973553281
15,0.3409799751518061,0.32303345208171147,0.33598657276648247
16,0.34355964183566756,0.32491966312515724,0.33152069503917525
17,0.34547918824732193,0.3273493029166925,0.32717150883598545
18,0.3413379638548995,0.32626719152624534,0.33239484461885505
19,0.34046468537457864,0.323668771784572,0.3358665428408495
20,0.33624786892390085,0.32427447993642095,0.33947765113967837
21,0.3389342473963109,0.32652509043157907,0.33454066217211004
22,0.33880966347359254,0.3269932002637966,0.3341971362626108
23,0.3398591112675847,0.3273792521644685,0.33276163656794666
24,0.33425723949152963,0.32620763595067054,0.3395351245577998
25,0.3394618640091706,0.33103835671772336,0.32949977927310603
26,0.3387984092641202,0.3342105618131829,0.32699102892269677
27,0.3402854164249789,0.33198246739235965,0.32773211618266157
28,0.33377511773212076,0.3331760919859094,0.3330487902819699
29,0.336300041142664,0.33688606313027003,0.32681389572706593
30,0.3328481857353593,0.33723344236219555,0.32991837190244516
31,0.3291311123865064,0.3395050395929538,0.33136384802053986
32,0.3311674888414896,0.33954782877718126,0.32928468238132924
33,0.3334681494891466,0.33751205043645377,0.32901980007439974
34,0.3373384170967721,0.3335713315602818,0.329090251342946
35,0.335590595777357,0.3304367337510297,0.33397267047161316
36,0.3408894579751576,0.328954904752245,0.33015563727259745
37,0.34156344281744444,0.3267425951784422,0.33169396200411344
38,0.3399147325160574,0.32592184048869133,0.33416342699525114
39,0.342566838091625,0.3251877410682158,0.3322454208401592
40,0.3478672606339947,0.32565496567770047,0.3264777736883047
41,0.34736361968239576,0.3202844346952687,0.33235194562233555
42,0.351087750777801,0.3153695521001972,0.3335426971220017
43,0.3567677551528208,0.3145131047798138,0.32871914006736536
44,0.35226012193679745,0.31787850640268317,0.3298613716605193
45,0.34456677683653797,0.32231253122776465,0.33312069193569743
46,0.3412897608364377,0.3239989525122757,0.33471128665128663
47,0.3411275638868254,0.32629857326778167,0.3325738628453929
48,0.33899784621847034,0.32364452144241357,0.337357632339116
49,0.3406123503725,0.3219784149771068,0.3374092346503932
50,0.34007757813677253,0.3233786409933241,0.33654378086990344
51,0.3450053384381092,0.32187567591415944,0.3331189856477313
52,0.34136039924043593,0.3243223834806256,0.33431721727893854
53,0.33625271366858656,0.324889445673223,0.33885784065819047
54,0.3368824438461787,0.33119062976971936,0.33192692638410193
55,0.33957632798887993,0.33158294367162405,0.328840728339496
56,0.33502381930491687,0.3351699050282068,0.32980627566687626
57,0.33051536150599936,0.336082329498556,0.3334023089954447
58,0.3300888459797868,0.339586573846083,0.33032458017413024
59,0.33330386324304956,0.33673230234186086,0.3299638344150896
60,0.33101798059584536,0.33703327329885063,0.33194874610530395
61,0.32791612701442574,0.33620520251811264,0.33587867046746167
62,0.325785258502951,0.33955390549516423,0.33466083600188473
63,0.32609183570268135,0.33921406075078364,0.33469410354653495
64,0.3288796401373485,0.34086955039612515,0.33025080946652635
65,0.32886071657308424,0.3431392926931173,0.32799999073379854
66,0.3225456363254469,0.3455964643578506,0.33185789931670256
67,0.32217549204965124,0.3467205216493144,0.3311039863010343
68,0.32101544148032307,0.3458508979779649,0.33313366054171195
69,0.3195735636646996,0.3423742956015258,0.33805214073377465
70,0.31660428391344014,0.3444514511830868,0.33894426490347307
71,0.31670725749239503,0.346357316612077,0.33693542589552794
72,0.3170667778791167,0.345656127785112,0.3372770943357713
73,0.32104873222618335,0.3443240137050039,0.3346272540688129
74,0.32015884679374523,0.3455495333990292,0.33429161980722566
75,0.32168518652231587,0.3445703903432792,0.33374442313440494
76,0.3193141840916,0.34389168310101276,0.33679413280738735
77,0.3206826028261828,0.3409613915524415,0.3383560056213757
78,0.32142498664126556,0.3433179426898649,0.3352570706688696
79,0.3212787922872639,0.34258709365256357,0.33613411406017263
80,0.3201067437644885,0.34498538399800616,0.33490787223750546
81,0.319916726692636,0.34344222533361624,0.3366410479737477
82,0.3176218009962679,0.34760401023926263,0.3347741887644694
83,0.31769577139375227,0.35138473230728257,0.3309194962989651
84,0.3182021297302922,0.3493283405365032,0.3324695297332047
85,0.3138599098547319,0.35405185167076214,0.33208823847450586
86,0.3128656680616761,0.35436870937649806,0.3327656225618259
87,0.3154040805397474,0.3546039414361363,0.32999197802411623
88,0.3173425203229436,0.35369693070814934,0.32896054896890714
89,0.31687845898018524,0.3475950471649678,0.33552649385484684
90,0.313632805530169,0.350810105334459,0.3355570891353722
91,0.3129878513180968,0.35459937505022304,0.33241277363168015
92,0.31356247228152756,0.3548252695732133,0.3316122581452592
93,0.3145179174939692,0.3548404791405403,0.3306416033654906
94,0.3155285060857078,0.3530514073569818,0.33142008655731037
95,0.3121120815217798,0.3528344694584066,0.33505344901981365
96,0.31388232981507025,0.35219003189331327,0.3339276382916164
97,0.31290273434304106,0.3536084412773028,0.33348882437965627
98,0.3126355361576803,0.35508476460720345,0.3322796992351162
99,0.3119647446725326,0.3545435483096615,0.333491707017806
100,0.31202603445651533,0.35634204985869156,0.3316319156847931
101,0.3133029761529065,0.3492777662966513,0.3374192575504423
102,0.3144416728607221,0.3505101675482165,0.33504815959106143
103,0.31455475185378867,0.35282402383201683,0.33262122431419455
104,0.3127941654001196,0.3538729428214265,0.333332891778454
105,0.3112089403175165,0.3554272355044182,0.3333638241780652
106,0.3110252522538315,0.3486909487018427,0.3402837990443258
107,0.3115989362734662,0.3486912920613077,0.33970977166522615
108,0.3168737670049381,0.3469156978854751,0.3362105351095868
109,0.3143675535819949,0.34693461234905953,0.3386978340689454
110,0.3139995182982251,0.3530045185214609,0.3329959631803139
111,0.31336455250201384,0.3540714053325885,0.33256404216539764
112,0.3131699754944558,0.3539898683404534,0.33284015616509094
113,0.3140182809057853,0.35078821663584475,0.33519350245837
114,0.3124630065444349,0.3539635241910742,0.333573469264491
115,0.3125348291070727,0.35048373878631317,0.3369814321066141
116,0.3096425433957899,0.3526373715935201,0.3377200850106899
117,0.3079362545067266,0.3555719580412285,0.3364917874520449
118,0.3079461759224621,0.35539302473176265,0.33666079934577514
119,0.3067054485386185,0.3540514303819112,0.33924312107947024
120,0.3051915278735874,0.354496348127527,0.3403121239988856
121,0.3060967874167673,0.3573773872717329,0.3365258253114997
122,0.3065717742529397,0.35996289914833385,0.3334653265987266
123,0.30813101316882785,0.3589631421513909,0.3329058446797812
124,0.308584485851521,0.35845564677478214,0.3329598673736968
125,0.3078876945157947,0.36164397818749855,0.33046832729670683
126,0.30820252299709694,0.3619411658246354,0.3298563111782677
127,0.3343090209036038,0.33409768146728636,0.3315932976291098
128,0.33457232095725853,0.33640163138918483,0.3290260476535567
129,0.332319948615687,0.3384208602147901,0.3292591911695229
130,0.33470854110880754,0.3371419981028717,0.32814946078832075
131,0.33569597086079234,0.33745681529398325,0.3268472138452244
132,0.32938025507638247,0.3400719428484149,0.33054780207520257
133,0.32870710690032984,0.34092502695518306,0.33036786614448693
134,0.32493217180275913,0.34248381480721496,0.33258401339002597
135,0.32496944532118716,0.3456781445368308,0.3293524101419821
136,0.32215029058968464,0.34440866576468965,0.3334410436456257
137,0.32257362819496044,0.34384220193105497,0.3335841698739845
138,0.3226044997582651,0.34597145550156716,0.3314240447401677
139,0.32012450416830557,0.3481547198833819,0.3317207759483126
140,0.3165471755810812,0.35096961072439514,0.33248321369452355
141,0.31757968371914164,0.3530378541272467,0.3293824621536117
142,0.3158608490982696,0.3493728778199938,0.33476627308173645
143,0.31588790625035945,0.35193508432053855,0.332177009429102
144,0.314798803496582,0.35438331522527755,0.3308178812781404
145,0.31350390957925545,0.35226857677793594,0.33422751364280856
146,0.3126172941572236,0.3563090057319587,0.33107370011081777
147,0.31343705960922247,0.3572187060183932,0.3293442343723843
148,0.3057166208088692,0.3621350347605839,0.33214834443054686
149,0.3074339846118946,0.36124407360482824,0.33132194178327723
150,0.3085474489890353,0.36324515138325253,0.3282073996277121
151,0.30416654836707335,0.36728602029480206,0.32854743133812453
152,0.29886057848521047,0.36913634410115,0.3320030774136395
153,0.2985976150064984,0.3696914327059737,0.3317109522875278
154,0.3336577034974143,0.33358029685979573,0.33276199964278996
155,0.3316316188171609,0.3352861411209512,0.33308224006188797
156,0.32928286864423734,0.3325292511903112,0.3381878801654515
157,0.3324452854700131,0.33117320677266654,0.33638150775732034
158,0.330515312601984,0.3351905948059882,0.3342940925920279
159,0.3287924621752101,0.3369153379082153,0.3342921999165747
160,0.3288478398698536,0.3339913944230308,0.3371607657071157
161,0.3295929134802465,0.3324376572711297,0.3379694292486239
162,0.32940441716506247,0.3318357005207299,0.33875988231420756
163,0.33077368477770197,0.3317972255580703,0.3374290896642278
164,0.329738193882022,0.33151675953769555,0.33874504658028237
165,0.3278461364096278,0.33370593091684314,0.3384479326735291
166,0.33341362406624464,0.3328393355370252,0.3337470403967302
167,0.33238030859177187,0.33255811057554757,0.33506158083268056
168,0.33101927711317425,0.33442472866469003,0.33455599422213583
169,0.33227934969463874,0.33684837052041355,0.33087227978494765
170,0.33502407085132935,0.33746479077935315,0.32751113836931756
171,0.3285381257178537,0.3413726456143309,0.33008922866781554
172,0.3246470489429066,0.34358610552546887,0.33176684553162455
173,0.321410982919639,0.34568684152164636,0.33290217555871465
174,0.32072522558888,0.34087064625689284,0.33840412815422727
175,0.3213382855730687,0.34059347751966756,0.3380682369072637
176,0.3249079316241768,0.3398230932144139,0.3352689751614093
177,0.3279278260182819,0.3386083643308272,0.33346380965089084
178,0.3274548469176756,0.3353467752551066,0.33719837782721773
179,0.32958506159385503,0.3313802309801172,0.33903470742602776
180,0.32913007757252805,0.33163427216523766,0.33923565026223435
181,0.32740633617643566,0.34159797539050996,0.3309956884330544
182,0.3269996782444855,0.3415131313852317,0.3314871903702828
183,0.3189143383630099,0.35014820082363246,0.3309374608133576
184,0.32023860257768705,0.34619752878321763,0.3335638686390953
185,0.324365555986271,0.3406012511209419,0.33503319289278716
186,0.323288447746787,0.34283951478421504,0.33387203746899796
187,0.3237147081436802,0.3414375329220029,0.3348477589343169
188,0.32486800413745776,0.3418761511059256,0.3332558447566167
189,0.32997581126051484,0.34090787096408864,0.32911631777539657
190,0.32453085824186756,0.34569762943662086,0.32977151232151175
191,0.3229564724040339,0.3464104416988398,0.33063308589712637
192,0.32235449181303855,0.34848107541982565,0.32916443276713575
193,0.3222196622112345,0.34755076906446125,0.33022956872430415
194,0.3190503610532964,0.348358735441126,0.3325909035055775
195,0.32049307860663295,0.34773180702840134,0.3317751143649657
196,0.3211171375533326,0.34718482717598387,0.3316980352706836
197,0.3172352930405584,0.34711637908783904,0.3356483278716027
198,0.3171686951986456,0.34837577244596146,0.334455532355393
199,0.31642115260256587,0.3548992827704633,0.32867956462697073
200,0.31376332226185905,0.35582632266501674,0.33041035507312416
201,0.3128380430674955,0.3568202464774658,0.33034171045503863
202,0.3107333375452975,0.3600478604597648,0.32921880199493775
203,0.3043639209142751,0.36248225802823686,0.3331538210574881
204,0.30106410771718395,0.36458540154221736,0.33435049074059864
205,0.3023950759174299,0.36278252185052334,0.3348224022320467
206,0.3039984562468632,0.36739519218143674,0.3286063515717001
207,0.30249772735682795,0.3666428614800613,0.33085941116311074
208,0.30039625624538435,0.36484543695405336,0.3347583068005622
209,0.3023357715873134,0.3607292091186471,0.33693501929403963
210,0.2944776314841861,0.37373952899825247,0.33178283951756143
211,0.2936639126855262,0.3698711949081038,0.33646489240637
212,0.33042571520678643,0.3340495376578667,0.3355247471353468
213,0.3303531035262177,0.33235683306885144,0.33729006340493073
214,0.3346499048479601,0.3305710161401162,0.3347790790119237
215,0.33351045650257044,0.3326496188751703,0.3338399246222592
216,0.33613665392124686,0.33316006933629577,0.3307032767424574
217,0.33513799959051876,0.3365530991084623,0.3283089013010189
218,0.33320537347593016,0.33787231240767895,0.32892231411639095
219,0.3281358129936575,0.33976095011126484,0.3321032368950778
220,0.3258019052914386,0.34177616484375234,0.33242192986480884
221,0.3270511523413621,0.34280658605746395,0.33014226160117394
222,0.3262144898266568,0.34393070692518307,0.32985480324816013
223,0.3212062088301513,0.346895454303385,0.33189833686646375
224,0.3169042822622621,0.3514809648391723,0.3316147528985657
225,0.31497833052005464,0.352976542728608,0.3320451267513371
226,0.31452149898768267,0.34952961957465367,0.3359488814376636
227,0.31790568288933896,0.345181214449947,0.33691310266071406
228,0.3184241713729565,0.3454145996419958,0.33616122898504774
229,0.32568965208219086,0.343426968230065,0.3308833796877441
230,0.32706661142008087,0.34408294676064427,0.3288504418192749
231,0.32523160502690496,0.3393562862551947,0.33541210871790034
232,0.32590635031884047,0.3422734051284601,0.33182024455269943
233,0.32627210252260047,0.3454237901609717,0.3283041073164279
234,0.32164049710807885,0.346153067333344,0.33220643555857715
235,0.32313309511458854,0.3401179502374935,0.33674895464791793
236,0.3257421905890582,0.3391258165389126,0.33513199287202916
237,0.3152852133445712,0.3554221163140038,0.3292926703414251
238,0.3118187827309785,0.35050793106393957,0.3376732862050818
239,0.3181851095093936,0.34427056167416786,0.33754432881643853
240,0.3197709240441438,0.34677362053435984,0.3334554554214964
241,0.32229571944513924,0.3415693060817512,0.3361349744731097
242,0.3274032643077175,0.33811077205693174,0.3344859636353507
243,0.32637311285280574,0.3376316569858088,0.3359952301613854
244,0.3266587229944613,0.335998963657845,0.33734231334769377
245,0.3262696107874025,0.33820754838921274,0.3355228408233848
246,0.3259801396471866,0.33833781525917805,0.3356820450936354
247,0.32263015228444336,0.34283124376886465,0.334538603946692
248,0.3233943604599762,0.3443568794919855,0.3322487600480383
249,0.3220642669160665,0.3448416088922536,0.3330941241916799
250,0.3223543711148735,0.34280566954416997,0.3348399593409565
251,0.3226460006166139,0.3454218891238793,0.33193211025950675
252,0.3220099331683621,0.3441397435473832,0.3338503232842546
253,0.3203403643480353,0.34653388762997983,0.33312574802198486
254,0.32525094868724086,0.34292247615409943,0.3318265751586598
255,0.32196905113596685,0.33938819167114564,0.33864275719288756
256,0.32934036381674336,0.33291036134160484,0.33774927484165174
257,0.341914259975682,0.3234153317763522,0.33467040824796584
258,0.34156334435723673,0.325094901123935,0.33334175451882814
259,0.34201624911061157,0.3278768196067883,0.33010693128260016
260,0.34388277580608473,0.3240735218346111,0.33204370235930414
261,0.3449740908084149,0.31636556726840437,0.3386603419231807
262,0.3537836113131823,0.3097055894536098,0.33651079923320787
263,0.3536795050368174,0.31094025909608786,0.3353802358670947
264,0.35536604291167356,0.3077445480500958,0.3368894090382305
265,0.35559222454239064,0.30716867893879507,0.3372390965188144
266,0.353074959276444,0.3096108192957961,0.3373142214277598
267,0.3576026593561942,0.3061537271388762,0.33624361350492965
268,0.35721409649317426,0.30976138187440144,0.33302452163242413
269,0.35499675310261164,0.3120708888348991,0.33293235806248916
270,0.34848469538645604,0.3126379939501587,0.33887731066338533
271,0.3455408238390121,0.317991903812406,0.336467272348582
272,0.34349437199380944,0.3181612068720409,0.33834442113414964
273,0.34181360409944966,0.32507982071816083,0.3331065751823895
274,0.34393083437728605,0.32693674748207296,0.329132418140641
275,0.34492255142462486,0.3266226627323226,0.3284547858430525
276,0.34473499881075015,0.32400820512285256,0.33125679606639724
277,0.3380145318672825,0.3311227599681546,0.3308627081645629
278,0.33397909044836427,0.3372070878056454,0.3288138217459904
279,0.3332522906461686,0.3350451765950031,0.3317025327588283
280,0.3353945222185378,0.3314692782543399,0.33313619952712226
281,0.3373224214056563,0.33134035413482377,0.3313372244595199
282,0.333242886527307,0.33208910290996263,0.3346680105627303
283,0.33302509647076095,0.3308905278972098,0.33608437563202914
284,0.33246474210608506,0.3320163842278956,0.33551887366601946
285,0.33181639704037263,0.3298632851484857,0.3383203178111417
286,0.33999979536178404,0.32589259571037243,0.3341076089278434
287,0.3418364713720315,0.32313804528728374,0.33502548334068477
288,0.3397996212575934,0.32790589305882195,0.3322944856835847
289,0.3362470114021053,0.33212137359749744,0.33163161500039734
290,0.33606286892936643,0.33306843031793243,0.3308687007527012
291,0.334624588593946,0.33399335623347826,0.33138205517257574
292,0.3321391888280127,0.33472679615392004,0.33313401501806733
293,0.3312689724568449,0.3370428730953568,0.3316881544477984
294,0.33191833081111777,0.33292040678571233,0.33516126240316996
295,0.33038518380411674,0.33328707407869473,0.33632774211718863
296,0.33603342004190156,0.3302741735234811,0.3336924064346174
297,0.333783500298616,0.330751968537658,0.33546453116372593
298,0.3359759490382709,0.3306304498432479,0.3333936011184814
299,0.3363650058832733,0.3277200951940114,0.33591489892271537
300,0.3393731291373827,0.3297293452256194,0.33089752563699787
301,0.3342272334202808,0.3348367563344211,0.330936010245298
302,0.33207408038891373,0.33333606460910997,0.33458985500197624
303,0.33053872843492677,0.3375344973736535,0.3319267741914198
304,0.3275834472304475,0.33969667515193064,0.3327198776176219
305,0.32673919306588967,0.33530838864790996,0.33795241828620043
306,0.3294965243053627,0.3346991847795523,0.3358042909150852
307,0.3319255910925766,0.3339120062801159,0.33416240262730745
308,0.3295563142706873,0.33397602448641345,0.33646766124289934
309,0.32964673229133956,0.3326311050320386,0.3377221626766218
310,0.3270968426695765,0.33570054308469555,0.3372026142457279
311,0.32512039618197724,0.3364880695400464,0.3383915342779763
312,0.3239342858063062,0.3390778955736118,0.33698781862008204
313,0.32439561854840915,0.3391955954244054,0.3364087860271854
314,0.3237359273071664,0.33834122707558245,0.3379228456172511
315,0.3281967503331226,0.33678871989787157,0.33501452976900586
316,0.32844580876830043,0.3371556340012147,0.3343985572304848
317,0.3250658162873019,0.3391785815164822,0.33575560219621586
318,0.32033695323274536,0.34753899063150134,0.33212405613575335
319,0.32050900514126807,0.3431449645314332,0.3363460303272986
320,0.32631974285199633,0.3404170815794246,0.33326317556857904
321,0.3281409474813021,0.34037900203799965,0.3314800504806982
322,0.3237236157505868,0.34141707320245696,0.3348593110469561
323,0.3241856991297474,0.3414995000787903,0.33431480079146236
324,0.32764248783669514,0.34030625911781875,0.33205125304548605
325,0.3209148691554574,0.3461923025163718,0.33289282832817074
326,0.3202126075369895,0.3507996533466466,0.32898773911636403
327,0.3195048152688239,0.34903760175020837,0.3314575829809678
328,0.323722287963099,0.3416683105305797,0.3346094015063213
329,0.32442732050297174,0.34032214061865323,0.33525053887837497
330,0.33078090579842584,0.33816287403851086,0.3310562201630633
331,0.33030344360346314,0.33786990765563185,0.33182664874090506
332,0.3273072756094044,0.33959077832157547,0.33310194606902016
333,0.33406906286742555,0.3279314975826539,0.3379994395499206
334,0.33861236750575874,0.32518044593398215,0.33620718656025905
335,0.3427774822502772,0.32320388481656354,0.33401863293315937
336,0.3400907418842946,0.3249798384073714,0.334929419708334
337,0.35077388869288995,0.31849755937680146,0.33072855193030853
338,0.35137116837273774,0.31542153711252646,0.33320729451473574
339,0.3508751398034459,0.31706541672798566,0.33205944346856847
340,0.35049629921507774,0.313217180952331,0.3362865198325912
341,0.35676897074148,0.3109516080101629,0.332279421248357
342,0.35487063165781635,0.30746309178516357,0.33766627655702003
343,0.35335629770156884,0.31313450551805044,0.3335091967803807
344,0.3545838539181617,0.3124909377468728,0.3329252083349655
345,0.35391046388739106,0.3093368627091592,0.33675267340344955
346,0.3435892814154319,0.3184245065438561,0.337986212040712
347,0.3496153364772597,0.3137593026969699,0.33662536082577044
348,0.35638536986554725,0.3096732154311974,0.33394141470325533
349,0.3498234926995416,0.3134972297037539,0.33667927759670463
350,0.35047966189049273,0.3201039686381896,0.3294163694713176
351,0.34773421706787666,0.319337859918365,0.3329279230137584
352,0.3365035179129958,0.33210324292272997,0.3313932391642741
353,0.33342883329553324,0.3331521300814253,0.33341903662304145
354,0.3363986333062366,0.33287793885117417,0.3307234278425892
355,0.3399874954106536,0.3297687612272955,0.330243743362051
356,0.32191545887122885,0.3447778526636109,0.33330668846516026
357,0.325504032560537,0.3404993690283558,0.33399659841110707
358,0.3264895947618619,0.3388196030809169,0.3346908021572213
359,0.3251482430145256,0.336934804259324,0.33791695272615047
360,0.33162123437119845,0.33501397540576605,0.33336479022303556
361,0.3283541070796037,0.34027438293582873,0.3313715099845675
362,0.32859106888003276,0.33979711913172395,0.33161181198824335
363,0.3301093030561059,0.3386599727889354,0.33123072415495863
364,0.3267279574266501,0.3425446923476529,0.330727350225697
365,0.3219473634930276,0.34049387627368627,0.33755876023328607
366,0.3244549946466885,0.33788796581433517,0.33765703953897636
367,0.33171257862976655,0.33005694650260636,0.33823047486762714
368,0.3305049489597972,0.335149035677136,0.33434601536306696
369,0.33033685551238784,0.33270010833967784,0.3369630361479343
370,0.32526760784743786,0.3383064507431593,0.33642594140940285
371,0.32404078551197985,0.3375489291121366,0.3384102853758836
372,0.32580603707958156,0.3375519984861542,0.3366419644342643
373,0.3313512827022755,0.33393353823387667,0.33471517906384785
374,0.33068092579511277,0.3341326760333909,0.3351863981714962
375,0.3283604876274182,0.338454304720056,0.33318520765252574
376,0.32445669168478003,0.33895212673590186,0.3365911815793182
377,0.32750601636253296,0.3377944063975452,0.33469957723992183
378,0.32586945404347256,0.33912840655242443,0.335002139404103
379,0.32391377797380255,0.33866694915776263,0.33741927286843487
380,0.3228625075784517,0.3420623385254189,0.3350751538961294
381,0.3227986282357244,0.34019446710017737,0.33700690466409816
382,0.3253782128816921,0.3371875536261503,0.3374342334921576
383,0.3263912492689438,0.3393749750384046,0.33423377569265167
384,0.32171910341204246,0.3479188539121669,0.3303620426757908
385,0.3188045980875869,0.3521817077434993,0.3290136941689139
386,0.3161136937773574,0.35096315247732224,0.33292315374532033
387,0.3119874259342342,0.34901860565206105,0.3389939684137048
388,0.31552404087382235,0.3491085492196076,0.33536740990657
389,0.31395198459717727,0.35085477691524586,0.3351932384875769
390,0.31640618844176716,0.35377107923343776,0.32982273232479503
391,0.3168906674394262,0.3539248630567698,0.3291844695038041
392,0.32161719436580977,0.34752083470185424,0.3308619709323358
393,0.3182666691149945,0.3508734424954157,0.33085988838958985
394,0.312134793064541,0.35958328410090096,0.32828192283455787
395,0.3070248355745312,0.36349472038861513,0.3294804440368537
396,0.3007685056740659,0.36627454589520203,0.33295694843073204
397,0.2973184209093781,0.3725922025992863,0.3300893764913357
398,0.33621806401144894,0.3346157325460159,0.3291662034425353
399,0.3327269266578427,0.3340512130958513,0.333221860246306
400,0.33287551597858434,0.3325948103791209,0.3345296736422948
401,0.33514506875627714,0.3302841845200031,0.33457074672371984
402,0.3368043116805266,0.32819529338225395,0.3350003949372195
403,0.3353731180061386,0.32924032891022026,0.3353865530836411
404,0.33750665505841676,0.32665779117459726,0.33583555376698593
405,0.33612107899070315,0.32837919382805036,0.33549972718124654
406,0.3324410894000721,0.3299470290737372,0.3376118815261907
407,0.3314599120876381,0.33335551803249636,0.3351845698798656
408,0.33243375749956916,0.3363299961003015,0.3312362464001292
409,0.33186000757492784,0.33854987313224344,0.3295901192928286
410,0.3317809966549133,0.33458958236802006,0.3336294209770666
411,0.33503712058444285,0.332352998914106,0.3326098805014511
412,0.33664745447430455,0.33186888660832586,0.33148365891736953
413,0.3364411369443185,0.3323691089463092,0.3311897541093722
414,0.33533343845744623,0.33587911653280694,0.32878744500974694
415,0.34112745368470315,0.32992648529589114,0.32894606101940566
416,0.3376260270919351,0.3310890411007827,0.33128493180728213
417,0.3399712852372396,0.3290446576317804,0.33098405713098017
418,0.33965102783896844,0.3274551975751623,0.3328937745858693
419,0.3366939531069886,0.32899991854678773,0.33430612834622364
420,0.34064405535464587,0.32653179019636336,0.33282415444899077
421,0.34247510435565764,0.328154197586572,0.32937069805777025
422,0.3365010062126055,0.32910343507685125,0.33439555871054316
423,0.33612168052901703,0.32840969636161566,0.3354686231093674
424,0.33382649546183657,0.3307657647691058,0.33540773976905747
425,0.33582321400058357,0.33456731387906047,0.3296094721203559
426,0.34081910986599734,0.32599552161192524,0.3331853685220774
427,0.34085326187991283,0.32455873860793477,0.33458799951215235
428,0.3408997926931566,0.32172762570793073,0.33737258159891254
429,0.3410105114587197,0.3222412076889436,0.33674828085233666
430,0.3405149370361827,0.32332389011632556,0.33616117284749175
431,0.34297982222282497,0.3211320157079257,0.3358881620692494
432,0.34685880907080935,0.32057045141459617,0.3325707395145945
433,0.34718848975013666,0.3170356142345261,0.33577589601533736
434,0.3580899387731173,0.3084878312295181,0.3334222299973646
435,0.35094442642862117,0.3158953119401118,0.33316026163126705
436,0.3509467170229932,0.3145819644426185,0.3344713185343883
437,0.34654140436258535,0.3171211772722864,0.33633741836512837
438,0.3504900047217603,0.31461926501091914,0.3348907302673207
439,0.35198830463952224,0.31153787967609475,0.336473815684383
440,0.352176886541892,0.3105866527338337,0.33723646072427443
441,0.34902250747662866,0.3132169613822256,0.3377605311411456
442,0.35573498089492733,0.3107272524862673,0.33353776661880535
443,0.3549981185381322,0.3114845120451365,0.3335173694167313
444,0.36044091062180494,0.30686063984206663,0.3326984495361284
445,0.3623580108723074,0.30728028082894093,0.3303617082987517
446,0.3563707526880601,0.31037580176996804,0.33325344554197195
447,0.35723530813733373,0.30741122471341303,0.3353534671492532
448,0.3552524346303,0.30676021768293105,0.3379873476867689
449,0.3625395204254944,0.2996295794075641,0.33783090016694156
450,0.3634809415125731,0.3021466443090179,0.3343724141784091
451,0.36006473612505907,0.30517474677538176,0.3347605170995591
452,0.3630937052365947,0.3065455162468479,0.3303607785165575
453,0.3658076075224614,0.3043754776693198,0.3298169148082188
454,0.3598232912087902,0.30813407031204254,0.33204263847916726
455,0.3524225756160357,0.3136555240221899,0.33392190036177427
456,0.3520393220690719,0.31463206194771665,0.3333286159832114
457,0.35001999306129905,0.31307179015863096,0.33690821678007005
458,0.35188572129193063,0.3129067628676456,0.33520751584042374
459,0.3459915331409422,0.3165446277868167,0.33746383907224115
460,0.34842422131597667,0.3129236298009894,0.33865214888303385
461,0.35583136950834837,0.3085901808989224,0.33557844959272926
462,0.36481732623743884,0.30123256482945227,0.33395010893310884
463,0.36458041907591937,0.3027677857000956,0.33265179522398486
464,0.3639235275510014,0.3022968439141863,0.3337796285348123
465,0.36564763391797733,0.3050652579568885,0.3292871081251343
466,0.3634465210565822,0.30584188128578804,0.33071159765762964
467,0.36324534221401783,0.3039418628473574,0.33281279493862487
468,0.3572505629879005,0.3130554618616017,0.3296939751504978
469,0.3571191753970807,0.3143674086441438,0.3285134159587755
470,0.3590564679892976,0.31252251514586454,0.3284210168648379
471,0.35062854811547073,0.3201626102841336,0.32920884160039565
472,0.35099657155688396,0.31906196134780757,0.3299414670953084
473,0.3497103366553848,0.31620051598247356,0.3340891473621417
474,0.3499763880391646,0.3178675206520794,0.332156091308756
475,0.34860461884002025,0.3164402256007414,0.3349551555592383
476,0.34701198524162596,0.32015848949645487,0.33282952526191917
477,0.3472342065141278,0.32189318874647443,0.3308726047393978
478,0.3466699525939668,0.32087104554203677,0.33245900186399646
479,0.347878541777524,0.3203364865846456,0.33178497163783055
480,0.34833501721399135,0.3195727119193577,0.33209227086665094
481,0.34345830480796874,0.3212283410254305,0.33531335416660063
482,0.36080746803480096,0.30528487463079085,0.33390765733440814
483,0.33009529427357065,0.3332743101445458,0.3366303955818835
484,0.33607878619251086,0.329354262700095,0.33456695110739415
485,0.33987960995011995,0.32796691400359534,0.33215347604628476
486,0.33766851847386475,0.32638185252386614,0.33594962900226905
487,0.33768628704294756,0.3260265631499459,0.33628714980710644
488,0.33972233256249357,0.3290823689079931,0.33119529852951346
489,0.33862001570019734,0.33117913214073774,0.33020085215906503
490,0.3377559610770755,0.3306863085379421,0.3315577303849825
491,0.339156620109261,0.3288744542095467,0.3319689256811922
492,0.34435811598680843,0.3203756248269851,0.3352662591862064
493,0.34522612778340006,0.31948003795610086,0.33529383426049897
494,0.34795350942208503,0.32003618593705135,0.3320103046408637
495,0.34746279452406065,0.3190204092795221,0.3335167961964172
496,0.3472225709169545,0.3217523350079638,0.3310250940750818
497,0.34717607085497526,0.3193768120091727,0.3334471171358521
498,0.3458860100166252,0.32092306910319834,0.3331909208801765
499,0.3494247491826842,0.3212982751770366,0.3292769756402792
500,0.35099783267003876,0.3188661542904023,0.33013601303955886
501,0.35006731846629785,0.3205060808893428,0.32942660064435936
