,0,1,2
0,0.8718252145378075,0.06334793047948446,0.06482685498270793
1,0.872846274081839,0.06268638265591525,0.06446734326224571
2,0.8747054416198506,0.061863577221848945,0.06343098115830052
3,0.8712488327145376,0.06126940051614815,0.06748176676931432
4,0.8684965248447245,0.06141117308765694,0.07009230206761843
5,0.8696839709143513,0.060509394879712,0.0698066342059367
6,0.8690129688734004,0.06049427162979867,0.07049275949680081
7,0.8696362599229586,0.06099477047727813,0.06936896959976331
8,0.8707579826356445,0.06030784100612542,0.06893417635822999
9,0.871751853848123,0.06034501751784231,0.06790312863403465
10,0.8706478604191563,0.05898886856388274,0.07036327101696092
11,0.868094468219113,0.059949142266524695,0.07195638951436224
12,0.8694816227831433,0.060294225504941935,0.07022415171191476
13,0.8669666645929602,0.06003696980757414,0.07299636559946575
14,0.8653426952476737,0.05985504685251218,0.07480225789981412
15,0.8656140089312488,0.060386715208721166,0.07399927586002994
16,0.8709957262250302,0.05933208235203308,0.06967219142293671
17,0.8720286575283861,0.059514117927426086,0.0684572245441877
18,0.873698993448893,0.05885491408252801,0.067446092468579
19,0.8732097541873803,0.058503168821441257,0.06828707699117836
20,0.8710805636958063,0.05920298959762113,0.06971644670657252
21,0.8724940167646167,0.05923735318308633,0.06826863005229693
22,0.8724401768798722,0.05934042790709435,0.06821939521303343
23,0.8729780812783715,0.059263549327770344,0.0677583693938581
24,0.8700932888085856,0.059842703203855784,0.0700640079875585
25,0.8728499163394392,0.05998725428831368,0.06716282937224718
26,0.8761747063387553,0.05963965312418209,0.0641856405370627
27,0.8768693032809959,0.05902992991563653,0.06410076680336757
28,0.877225109104902,0.05914609635892619,0.06362879453617187
29,0.8784992499167819,0.05944189957010427,0.06205885051311395
30,0.876817867378937,0.06000521456186507,0.06317691805919796
31,0.8784535111500692,0.059929097045647285,0.06161739180428349
32,0.8794421255295755,0.05963513282319636,0.06092274164722818
33,0.8805300204823931,0.05894144171883369,0.06052853779877305
34,0.8823283411823867,0.05770252378488621,0.05996913503272712
35,0.8814802338878753,0.057402760775760515,0.0611170053363642
36,0.8773265279218716,0.05641408222033,0.06625938985779828
37,0.8776008618783921,0.05594159995733855,0.06645753816426932
38,0.8767682351223218,0.056018535863033764,0.06721322901464437
39,0.8503377582809596,0.08325507711973532,0.06640716459930522
40,0.8531513061838639,0.08237598584431707,0.06447270797181907
41,0.8531392298397719,0.08113380269049907,0.06572696746972907
42,0.8515185145343632,0.08054309613663584,0.06793838932900095
43,0.8545487762627977,0.07932683879714211,0.0661243849400602
44,0.8520321830151397,0.08096248378049532,0.06700533320436482
45,0.8514881994262719,0.08219254961939011,0.06631925095433813
46,0.8496360992114518,0.08323449175534006,0.06712940903320821
47,0.8494376215090791,0.08384552386108968,0.06671685462983126
48,0.848398068087116,0.08358358993700443,0.06801834197587965
49,0.8493633558219399,0.08285332002445449,0.06778332415360566
50,0.8490037012856922,0.08330919625803711,0.06768710245627069
51,0.851744049603171,0.08200144018645816,0.06625451021037085
52,0.8496590923336911,0.0833025935567825,0.0670383141095264
53,0.8468172796227251,0.0844324798651158,0.06875024051215894
54,0.8468642124968769,0.08591390733817035,0.0672218801649527
55,0.8483351696219075,0.08548152777377273,0.06618330260431986
56,0.8456332345848063,0.08730143905376309,0.06706532636143044
57,0.8430301352752011,0.08846004531106301,0.06850981941373593
58,0.8426146283466837,0.08945377751922719,0.06793159413408917
59,0.8445877670782304,0.0880520046110683,0.06736022831070136
60,0.843271868445352,0.08860104301490772,0.06812708853974042
61,0.8415240460142877,0.08903447707619908,0.06944147690951319
62,0.8401162404071579,0.09035802084197465,0.06952573875086736
63,0.840312672939624,0.09020380596700275,0.06948352109337329
64,0.841854734433596,0.09004060540171038,0.06810466016469362
65,0.8417331093700761,0.09063227715666289,0.06763461347326112
66,0.8419256317400355,0.09115242663115296,0.06692194162881153
67,0.8416510702936361,0.09152410913060482,0.0668248205757592
68,0.8410178199794918,0.0915555267493698,0.06742665327113849
69,0.8403515816727248,0.09097199341668855,0.06867642491058668
70,0.8384756607413326,0.09217604621546549,0.06934829304320189
71,0.8384367119111164,0.09265162062720987,0.06891166746167396
72,0.8386889499265904,0.09238699164559874,0.06892405842781087
73,0.8369071110662307,0.09273455022583058,0.07035833870793864
74,0.8363103775791713,0.09325674412189582,0.07043287829893287
75,0.8372769458188352,0.09265822680291742,0.0700648273782475
76,0.8358815273170854,0.09300710978532613,0.07111136289758849
77,0.8368531866161025,0.09192783628563986,0.07121897709825764
78,0.8371827832633263,0.09238577670739534,0.07043144002927841
79,0.8371311621713647,0.09222537015461439,0.07064346767402077
80,0.8363068421894868,0.09311925249974477,0.0705739053107684
81,0.8362684665219241,0.09275352467659949,0.07097800880147646
82,0.8346670280482156,0.09437472325483232,0.07095824869695207
83,0.8386321968599199,0.0938156321335912,0.06755217100648885
84,0.8390425163781268,0.09316374352067201,0.06779374010120118
85,0.8361784665555086,0.09540304313390409,0.06841849031058722
86,0.8355549297624508,0.09572044037477336,0.06872462986277571
87,0.8370856791076443,0.09518716386228955,0.06772715703006624
88,0.8382991321804979,0.0945005345932066,0.06720033322629546
89,0.8383432432124963,0.09301113731661956,0.06864561947088417
90,0.8362122021981588,0.09460178627943919,0.06918601152240196
91,0.8356173983864477,0.09575251355487188,0.06863008805868048
92,0.8359562329952389,0.09567670843814237,0.06836705856661879
93,0.8365365824257286,0.09545637274281779,0.06800704483145358
94,0.8372429484644928,0.09475083992304803,0.06800621161245919
95,0.8351747068103035,0.09549265834481886,0.06933263484487756
96,0.8362908786256216,0.09490733455493693,0.06880178681944155
97,0.835617997057877,0.09551097418149247,0.06887102876063046
98,0.8353760098488994,0.09596390692781447,0.06866008322328615
99,0.8349932696127644,0.09597967368095157,0.06902705670628397
100,0.8349352399328572,0.09644090076947823,0.06862385929766446
101,0.8360925385588985,0.09427422969391941,0.06963323174718211
102,0.8367198100499987,0.0943349878685264,0.06894520208147492
103,0.836665766999457,0.09491746314084218,0.0684167698597008
104,0.8355375266231307,0.09560638528941241,0.06885608808745684
105,0.8344808902912504,0.09639339107188248,0.06912571863686723
106,0.8347266957563881,0.09465020314833346,0.07062310109527832
107,0.8350800235863219,0.09451602627828701,0.07040395013539097
108,0.8340636237280934,0.09446562806951445,0.07147074820239216
109,0.8325142857179567,0.09504703633783804,0.07243867794420515
110,0.8361846198053301,0.09517195159057404,0.06864342860409589
111,0.8357408900171422,0.09560225918709492,0.06865685079576277
112,0.8356263544573568,0.09562652179346078,0.06874712374918239
113,0.836313669772295,0.09458336861629431,0.06910296161141065
114,0.8351949092767663,0.0957862693664207,0.06901882135681292
115,0.8354241102884876,0.09484882880597612,0.06972706090553624
116,0.8335238501233542,0.09610395439896337,0.07037219547768239
117,0.832300967064599,0.09729770503778944,0.07040132789761169
118,0.8323167847203421,0.09724745719780323,0.07043575808185476
119,0.8316080876154734,0.09718944086795754,0.07120247151656905
120,0.8306250107064053,0.0976786870246322,0.07169630226896244
121,0.8310444766966274,0.09823089081848417,0.07072463248488842
122,0.8312060665936187,0.09880747363195524,0.06998645977442604
123,0.8322413880124483,0.09815654722291063,0.06960206476464106
124,0.8325526089254797,0.09791033612281054,0.06953705495170982
125,0.8319450563097801,0.09893251940550322,0.06912242428471668
126,0.8321267369901058,0.09893427715872524,0.06893898585116894
127,0.8317585244656036,0.10033346726653412,0.06790800826786224
128,0.8317305652590088,0.10094247286032844,0.06732696188066271
129,0.8302373658572507,0.10205309549888249,0.06770953864386682
130,0.8317519522245891,0.10112605940286523,0.06712198837254568
131,0.8323065404421844,0.10099004744387344,0.06670341211394212
132,0.8322262574585525,0.10169724079400508,0.06607650174744234
133,0.8317578369227332,0.10210363553816869,0.06613852753909812
134,0.8332009797057834,0.1019206634736325,0.06487835682058402
135,0.8329502281572538,0.10282851779187172,0.06422125405087457
136,0.8313829414685557,0.10315298107559001,0.06546407745585418
137,0.8316845630399957,0.10288548095692279,0.06542995600308162
138,0.8315205020686555,0.10349227666616129,0.06498722126518333
139,0.8298425669236592,0.1047403951235009,0.06541703795283986
140,0.831248279165822,0.10486826672715911,0.06388345410701889
141,0.8316861711998561,0.10519868298025586,0.06311514581988799
142,0.8309755830499903,0.10458367804198052,0.06444073890802925
143,0.8307645121575818,0.10531488563730772,0.06392060220511048
144,0.8298863136312364,0.1063019069834087,0.06381177938535489
145,0.8292841899576298,0.10602702824324622,0.06468878179912406
146,0.82837994981863,0.10743001535593276,0.06419003482543738
147,0.8288024162661534,0.10747739128483298,0.06372019244901363
148,0.827422744650839,0.10930859288000071,0.0632686624691603
149,0.8285728068663935,0.10858126318784284,0.06284592994576375
150,0.8290768615644153,0.10885490856965481,0.062068229865929865
151,0.8297075925054228,0.1095708597271176,0.060721547767459576
152,0.8299397743495127,0.10991570811841851,0.060144517532068696
153,0.8297221964571093,0.11014905356139458,0.060128749981496116
154,0.8288282461553491,0.11063815073984258,0.060533603104808306
155,0.8274434305262091,0.11169638412303065,0.06086018535076022
156,0.8264142090549315,0.11142935684359179,0.06215643410147676
157,0.8284274317160426,0.11018706536776451,0.06138550291619299
158,0.8268042754435736,0.11195515184571109,0.06124057271071536
159,0.8255772399026127,0.11295300046164886,0.06146975963573839
160,0.8259754378213464,0.11200787212013791,0.06201669005851567
161,0.8266076900385991,0.11131992865590806,0.06207238130549272
162,0.8265723173443053,0.11117718558801916,0.06225049706767546
163,0.8273784245498688,0.11081208359107292,0.06180949185905828
164,0.8268079774905022,0.11098953261150664,0.06220248989799127
165,0.8254197880992854,0.11217856029762811,0.06240165160308647
166,0.8252111985420694,0.11204198041379373,0.06274682104413681
167,0.8246369714951606,0.11221719758351306,0.06314583092132647
168,0.823601038624439,0.11316870405211342,0.06323025732344772
169,0.824050532413185,0.11361856578049778,0.06233090180631718
170,0.8255888249134912,0.11310469201973805,0.06130648306677081
171,0.8247838988771669,0.11449412574792849,0.06072197537490475
172,0.8197244821937061,0.11467517321280718,0.06560034459348674
173,0.821045418483416,0.11466768327962622,0.06428689823695796
174,0.821171556313605,0.11332927309631897,0.06549917059007605
175,0.8215807348777455,0.11307740207108431,0.06534186305117022
176,0.8202210512269636,0.11346160449276393,0.06631734428027243
177,0.8185183899333571,0.11386011072824295,0.06762149933839987
178,0.8185820594215726,0.112935032708876,0.0684829078695514
179,0.8203287105708601,0.11111450026271151,0.06855678916642843
180,0.8200217242453003,0.11131173189963278,0.06866654385506696
181,0.8190783333288691,0.1120141135410405,0.0689075531300904
182,0.818833020577402,0.11209197726544198,0.06907500215715595
183,0.81643765871055,0.11545926544067227,0.06810307584877781
184,0.8176790172840003,0.11385734246629207,0.06846364024970762
185,0.820830219886939,0.11101783487454131,0.06815194523851967
186,0.819934898348635,0.11199740629103963,0.06806769536032545
187,0.8203416520040682,0.11144779962490137,0.06821054837103042
188,0.82101345993228,0.11128587650251051,0.06770066356520944
189,0.8242352542251656,0.10968166065615943,0.06608308511867486
190,0.8237956478075062,0.11114244602005337,0.0650619061724405
191,0.8227589049011725,0.11177369992966238,0.06546739516916504
192,0.8221759763568401,0.11257198106391719,0.06525204257924275
193,0.8221883121676197,0.11232012257201376,0.06549156526036667
194,0.8235124461962867,0.11196571411165275,0.0645218396920606
195,0.8244627308839952,0.11138948939466313,0.06414777972134163
196,0.8249006603837126,0.11105709950401374,0.06404224011227365
197,0.8225215427834385,0.11206972673387793,0.06540873048268371
198,0.8223476440800143,0.112476165940188,0.06517618997979786
199,0.8211958232885698,0.11469216938661102,0.06411200732481927
200,0.8194281439805554,0.11571620861113131,0.06485564740831329
201,0.8187365191697369,0.11628441508256188,0.06497906574770132
202,0.8170498342510109,0.11788766157686638,0.06506250417212282
203,0.8161546616069314,0.11893305371040185,0.06491228468266685
204,0.8137554066003861,0.12057872829880496,0.06566586510080881
205,0.8148318853296282,0.11961239203401676,0.06555572263635503
206,0.8153818244443484,0.12057565699675381,0.06404251855889787
207,0.8144785180183132,0.120791749593497,0.06472973238818987
208,0.8132832710771324,0.12086283090470754,0.0658538980181601
209,0.8113269245427767,0.12065304681636134,0.06802002864086218
210,0.8149956451985263,0.12246021015371117,0.06254414464776255
211,0.8520952599317543,0.08239921340836287,0.06550552665988289
212,0.8496596726004926,0.08433746869071557,0.06600285870879191
213,0.8496996637547364,0.08393250540194552,0.06636783084331817
214,0.852139118069529,0.08264623790840753,0.06521464402206341
215,0.8514213292518119,0.08337975617905428,0.06519891456913382
216,0.852821391440751,0.08299151188193263,0.0641870966773163
217,0.8521224911676849,0.08401763822601972,0.06385987060629529
218,0.8510085604606784,0.08472528847732418,0.06426615106199726
219,0.8509794491966237,0.08516797868369703,0.06385257211967918
220,0.8495878185326765,0.08614575209147761,0.06426642937584585
221,0.8502296101672332,0.08614045011357634,0.06362993971919043
222,0.8497097801250171,0.08659159900027406,0.06369862087470894
223,0.8496106891022835,0.08730441642411557,0.06308489447360087
224,0.8497684971083713,0.08827925776097177,0.06195224513065697
225,0.8485996154154599,0.08907428460211601,0.06232609998242411
226,0.8455622865304381,0.08948307647466797,0.064954636994894
227,0.8447090159533417,0.08880737625747821,0.0664836077891802
228,0.841882246519551,0.08992828430177671,0.06818946917867212
229,0.8461807926497809,0.08786256805309432,0.06595663929712488
230,0.8497857177648285,0.08667624034517925,0.0635380418899922
231,0.8490003127529098,0.0858884383544907,0.06511124889259955
232,0.84923102616738,0.08647088128105307,0.06429809255156696
233,0.8492773738669915,0.087173715650149,0.06354891048285942
234,0.8466330564478858,0.08833979376421301,0.06502714978790133
235,0.8477830216084288,0.08651601901296674,0.06570095937860458
236,0.8492969002275573,0.0857255102631335,0.06497758950930928
237,0.845413930589711,0.09094674988875857,0.06363931952153049
238,0.8436551511826105,0.09049768681603268,0.06584716200135685
239,0.8446450682666828,0.08867219514579504,0.06668273658752219
240,0.8448737821550543,0.09134587565455636,0.06378034219038958
241,0.8466236591981827,0.08945502260961305,0.06392131819220423
242,0.8466426772872641,0.08864441628998176,0.0647129064227542
243,0.8460919041596024,0.08874043470984767,0.06516766113054998
244,0.8463477320599714,0.08826077540231915,0.06539149253770946
245,0.8460000421850201,0.08891034224555851,0.0650896155694214
246,0.8458292351004251,0.08900559688320109,0.06516516801637376
247,0.8436602848545597,0.09089045390309863,0.0654492612423418
248,0.8440087379251328,0.09111680654406494,0.06487445553080218
249,0.8432171560762496,0.09153596833542696,0.0652468755883235
250,0.8435034153348876,0.09094451339949781,0.06555207126561467
251,0.843517560758529,0.09155728864576385,0.06492515059570714
252,0.8432270491538942,0.09136614839199621,0.06540680245410967
253,0.8451792352486649,0.09117690833511749,0.06364385641621763
254,0.8481628811455516,0.08917818700630362,0.06265893184814479
255,0.8465379874221602,0.08898791867033318,0.06447409390750666
256,0.8479857951217797,0.08693187568804364,0.06508232919017665
257,0.8492687781222511,0.08424128533748738,0.06648993654026163
258,0.8489898397059986,0.08473792590040843,0.06627223439359282
259,0.8490900970834947,0.08535995665876797,0.06554994625773733
260,0.8502987031075078,0.08403129915299322,0.06566999773949907
261,0.8512874183163509,0.08186822634904413,0.06684435533460506
262,0.853260474309662,0.07962392131323888,0.06711560437709914
263,0.8531451612727925,0.07995407347744991,0.06690076524975766
264,0.854183145571687,0.07885260407293046,0.06696425035538256
265,0.8543290183624296,0.07866842092741037,0.06700256071015999
266,0.8528931624732304,0.07972498471957508,0.06738185280719444
267,0.8554189125005158,0.0780671383405402,0.06651394915894399
268,0.8550420773687991,0.07903815110889108,0.06591977152230993
269,0.8566575566831828,0.07903188003426903,0.06431056328254821
270,0.8532490637016417,0.08033412210766666,0.06641681419069165
271,0.8514088889123282,0.0822282531900434,0.06636285789762834
272,0.8503020066509787,0.0826545925996824,0.06704340074933889
273,0.8490290405213553,0.0847401833383346,0.0662307761403101
274,0.8500777022814724,0.08480421435640147,0.06511808336212624
275,0.8506271849222843,0.08453375661044533,0.06483905846727034
276,0.8506631838517925,0.0839062776187501,0.06543053852945739
277,0.8524280135278032,0.08493763471702143,0.06263435175517541
278,0.8527250638709685,0.0862193659901589,0.06105557013887261
279,0.8552235454582566,0.08477959307258791,0.059996861469155456
280,0.8565650295081603,0.08346974926112402,0.0599652212307156
281,0.8575718380786146,0.0830579265904494,0.059370235330936105
282,0.8554010761500002,0.08405140576614412,0.060547518083855854
283,0.8553605138230383,0.08379884294958125,0.060840643227380496
284,0.8549955626938716,0.08418975256185092,0.060814684744277474
285,0.8547860825244376,0.0837866893934959,0.06142722808206665
286,0.8510186219454152,0.08223981803243273,0.06674156002215204
287,0.8521344791351463,0.08121291039822551,0.06665261046662824
288,0.8508197683538605,0.0827772783125441,0.06640295333359533
289,0.8486830334359354,0.0845144855147031,0.0668024810493615
290,0.8485385455062208,0.08478748525593974,0.06667396923783951
291,0.8476981651428566,0.08530381618924167,0.06699801866790187
292,0.8462719771075073,0.0859859630479383,0.06774205984455436
293,0.8456752922384458,0.08674716079470038,0.06757754696685378
294,0.8462292766786805,0.08557451861511793,0.06819620470620168
295,0.8453444503581149,0.08597632015533012,0.06867922948655496
296,0.845618404417849,0.08516450841357216,0.06921708716857894
297,0.8443225940920872,0.08573103347482142,0.06994637243309125
298,0.8424339332661581,0.08636116678398942,0.0712048999498526
299,0.8427741549114568,0.08553649781678976,0.0716893472717534
300,0.8444081944731077,0.0854634808543758,0.07012832467251645
301,0.841255152194169,0.08779444137064255,0.07095040643518838
302,0.8400608385712746,0.08784277671187096,0.07209638471685444
303,0.838988648441954,0.0892482870787325,0.07176306447931341
304,0.8431240364387048,0.09043113208386491,0.06644483147743015
305,0.8428865389821317,0.08946835539912351,0.0676451056187447
306,0.841267123391165,0.08992173698146515,0.06881113962736973
307,0.8427043958639231,0.08920588591754117,0.06808971821853572
308,0.8413404385294869,0.08971898892637588,0.06894057254413727
309,0.841464761921812,0.08934638199161332,0.06918885608657471
310,0.8398191456839289,0.09069605907584505,0.06948479524022609
311,0.8386163190436018,0.09133047532939396,0.07005320562700432
312,0.8377745472080032,0.09227768218312729,0.06994777060886953
313,0.8380416625595765,0.09220782706033055,0.06975051038009294
314,0.8376966443189938,0.09212505294852764,0.0701783027324786
315,0.8370428132737419,0.09198277473999328,0.07097441198626489
316,0.8371715975796337,0.0920273161163656,0.07080108630400077
317,0.8414954435918951,0.09330499843875578,0.06519955796934913
318,0.8381778667553809,0.09663372184317993,0.06518841140143923
319,0.8385801706718,0.09540650927349364,0.06601332005470627
320,0.842128574293669,0.09335603993571864,0.06451538577061236
321,0.8431655464935464,0.09294182763217756,0.0638926258742761
322,0.8405701837221563,0.09420649734958068,0.06522331892826304
323,0.8408312130711374,0.09412415012962243,0.06504463679924018
324,0.8428882581529449,0.09303272658372591,0.06407901526332911
325,0.8418270922893044,0.09485972089787782,0.0633131868128177
326,0.8410972112355256,0.09624945926207959,0.06265332950239477
327,0.8439267681037899,0.09468668402376847,0.06138654787244173
328,0.8468316588064025,0.09179489342684671,0.061373447766750744
329,0.8473200572143063,0.09128714162059802,0.0613928011650957
330,0.8450403969050138,0.08934572370983848,0.06561387938514773
331,0.8447874691403281,0.08937060159488576,0.06584192926478598
332,0.8429872395371395,0.09045488717932122,0.06655787328353939
333,0.8474465293986964,0.08603397431244718,0.06651949628885646
334,0.8470068645868053,0.08554138210314373,0.06745175331005102
335,0.8462777570907468,0.08532717626159023,0.068395066647663
336,0.8414153071650364,0.0874635616104086,0.07112113122455493
337,0.8476764095483361,0.0837267221846768,0.06859686826698698
338,0.8511710484916472,0.081803190512028,0.0670257609963248
339,0.8537399520068785,0.08131166733815952,0.06494838065496204
340,0.8507209743632396,0.08145132540655839,0.06782770023020196
341,0.8541353044530415,0.07975929018134278,0.06610540536561565
342,0.8533177280453298,0.07921046713127002,0.06747180482340022
343,0.8522423999953422,0.08091519843981444,0.06684240156484332
344,0.8529195283014687,0.08053328321783877,0.06654718848069249
345,0.8527217227902484,0.07985359548514563,0.06742468172460593
346,0.8629352824196654,0.07074812646444362,0.06631659111589094
347,0.86311443580016,0.06969659446965262,0.06718896973018747
348,0.8636180226483754,0.06866546736797963,0.06771650998364492
349,0.860187911563241,0.07053602441806996,0.06927606401868905
350,0.8604199493240811,0.07190707378569977,0.06767297689021919
351,0.8589977519136928,0.07218183485147965,0.06882041323482757
352,0.8558825310979125,0.07598579724787755,0.0681316716542102
353,0.8541814336103236,0.07677579524246363,0.06904277114721276
354,0.8558102233395818,0.07618035913107385,0.06800941752934438
355,0.8578034875845726,0.0748460922973322,0.06735042011809515
356,0.853790189911768,0.07948741461884754,0.06672239546938438
357,0.8558878380277363,0.07782631663768105,0.06628584533458264
358,0.8564706197067598,0.0772611800962869,0.06626820019695334
359,0.8557843213878789,0.07708652559199972,0.06712915302012157
360,0.856253189218817,0.07650915404309014,0.06723765673809294
361,0.8573830390810522,0.07727472850598943,0.06534223241295833
362,0.8604527160368062,0.07611553082624488,0.06343175313694885
363,0.8640859473730922,0.07461224509643534,0.06130180753047245
364,0.8649507898653627,0.07510804340145368,0.05994116673318363
365,0.8625309523260072,0.07555500274069626,0.06191404493329658
366,0.8584153849236571,0.0745178755672844,0.06706673950905845
367,0.8564049788935457,0.07350901584739475,0.07008600525905956
368,0.8584182955718587,0.0758666365122054,0.06571506791593582
369,0.8583907939551665,0.0753481894643955,0.06626101658043804
370,0.8554913791904543,0.07754913512520235,0.06695948568434333
371,0.8515884268500098,0.07871811435009723,0.06969345879989296
372,0.8525821958620856,0.07838368714885192,0.06903411698906256
373,0.8557328068853031,0.07652748457307879,0.06773970854161815
374,0.8553617968781068,0.07669508389051573,0.06794311923137758
375,0.8539846766664445,0.07811008341637098,0.06790523991718458
376,0.8517907964954716,0.07896278259772252,0.06924642090680594
377,0.8502475675448847,0.07922537742418852,0.07052705503092667
378,0.8492873656361544,0.07984742720079006,0.07086520716305562
379,0.848171983133275,0.08011485742100061,0.0717131594457245
380,0.8474936788421555,0.08111662262556905,0.07138969853227536
381,0.847494697982845,0.08068973754232758,0.07181556447482743
382,0.8490452765469413,0.07948765111050923,0.07146707234254951
383,0.8495806893249204,0.07980529151764519,0.0706140191574345
384,0.8467079007240416,0.08272189486429077,0.07057020441166766
385,0.8449052584474993,0.08432104476728235,0.07077369678521847
386,0.8466891733327878,0.08342455831286727,0.06988626835434487
387,0.844282514211074,0.08382064137259762,0.07189684441632832
388,0.8429016524165547,0.08432216339108607,0.0727761841923591
389,0.848448093245318,0.08506853261019298,0.06648337414448889
390,0.8497489312588435,0.08524079407747742,0.06501027466367902
391,0.8500195161147971,0.08517458435136283,0.06480589953384011
392,0.8529171020582479,0.08268522502981222,0.0643976729119399
393,0.8509139887105392,0.08416363894714586,0.06492237234231475
394,0.8502862681789758,0.08633487315757497,0.06337885866344925
395,0.8503647179079362,0.08716732829001488,0.0624679538020489
396,0.8498020447142142,0.08799635426749447,0.062201601018291364
397,0.8478138835277316,0.08784488078809806,0.06434123568417055
398,0.847357699273879,0.088371124877498,0.06427117584862307
399,0.8483424305391736,0.08787053468030248,0.06378703478052387
400,0.8485124631605366,0.08746590956171378,0.06402162727774963
401,0.8469612848726232,0.08750463213903933,0.06553408298833727
402,0.8479965960442971,0.08662861177738791,0.06537479217831497
403,0.8471482887196945,0.08718800814902593,0.06566370313127952
404,0.8484706032946434,0.08609144955604925,0.0654379471493073
405,0.8476107136277597,0.0868138188343473,0.06557546753789312
406,0.8454772620878691,0.08797190523089574,0.06655083268123514
407,0.8447263037854666,0.08906461508145991,0.06620908113307353
408,0.8450982420752889,0.08963553646259442,0.06526622146211652
409,0.8446458993244957,0.09033477236267132,0.06501932831283298
410,0.844834244885076,0.08931922718841079,0.06584652792651323
411,0.8467805963157935,0.08806231782600367,0.06515708585820287
412,0.8476962299204138,0.087608046199149,0.06469572388043711
413,0.8475537281504621,0.08777914358610801,0.06466712826342973
414,0.8467383066880565,0.08891353718078097,0.0643481561311625
415,0.8502426905106922,0.0862096645005257,0.06354764498878213
416,0.8510814806397052,0.08617139081040467,0.06274712854989013
417,0.8468807120475198,0.08518587785573094,0.06793341009674925
418,0.8467750104947023,0.08484372789910839,0.06838126160618943
419,0.8450492974939299,0.08581738432753794,0.06913331817853227
420,0.8473677360199127,0.08441688711922511,0.06821537686086224
421,0.8483033235829655,0.08447591028667192,0.06722076613036264
422,0.844935764320099,0.08588206848156672,0.06918216719833424
423,0.8447532901819421,0.08577921973901315,0.06946749007904478
424,0.8433412732544227,0.08684320821555787,0.0698155185300194
425,0.8443029537451939,0.08741860240852206,0.06827844384628402
426,0.85029603539888,0.08327098655458477,0.06643297804653517
427,0.8503830551055507,0.082904157440549,0.06671278745390043
428,0.8505432606059216,0.08218525070985412,0.06727148868422432
429,0.8505788297791649,0.08229316004022753,0.06712801018060757
430,0.8502581528858756,0.08265864708713956,0.06708320002698483
431,0.8516945933091387,0.08164597590246667,0.06665943078839462
432,0.8537869764947996,0.08078972796310889,0.06542329554209143
433,0.8541277045525989,0.07985486897856044,0.06601742646884058
434,0.8574837191211028,0.07675072218084594,0.06576555869805138
435,0.8561230727328291,0.07891268254788145,0.0649642447192894
436,0.8561858937087857,0.07858985335199949,0.06522425293921476
437,0.8537619404810609,0.0800041800993401,0.06623387941959914
438,0.8559474053207992,0.07867966983399517,0.0653729248452057
439,0.8568666357603661,0.07766075943280641,0.06547260480682733
440,0.8542615712965534,0.07831978118819505,0.06741864751525145
441,0.8524780707750046,0.07953049955842076,0.06799142966657466
442,0.8533392218914534,0.07865936976182446,0.06800140834672214
443,0.8529192881531532,0.07897585290167043,0.06810485894517633
444,0.8559496387126286,0.07690087905144466,0.06714948223592668
445,0.8569150773938354,0.07668502996746039,0.06639989263870413
446,0.8563885913520128,0.07757635070689518,0.06603505794109188
447,0.8569641483593382,0.07670093717610246,0.06633491446455944
448,0.8559721314355246,0.07687661853194895,0.06715125003252649
449,0.8572785958155401,0.07479925377126467,0.06792215041319519
450,0.8548808561577872,0.0761519044442547,0.06896723939795822
451,0.8529803338406551,0.07747223187043713,0.06954743428890789
452,0.8545080271312757,0.0773092466540509,0.06818272621467324
453,0.8559923371200282,0.07632483077616913,0.06768283210380266
454,0.8527369717845978,0.07825364723998977,0.06900938097541244
455,0.8485595937727602,0.08093020003994643,0.07051020618729328
456,0.8483121425800281,0.0812468496230189,0.07044100779695302
457,0.8472693985799754,0.08121040041392731,0.07152020100609711
458,0.8482971010830007,0.08083516593440498,0.07086773298259423
459,0.8448961367630223,0.08283461281499206,0.07226925042198565
460,0.8463952441606402,0.08145960159554788,0.07214515424381188
461,0.8505711802480703,0.08102449100058534,0.06840432875134436
462,0.85269278667371,0.078554026969635,0.06875318635665494
463,0.8524976835880775,0.0789876027409552,0.06851471367096727
464,0.8521773706750524,0.07897740827461715,0.06884522105033045
465,0.8529445188281114,0.0793962823201029,0.06765919885178581
466,0.8517619208922299,0.0799694412632215,0.06826863784454855
467,0.8517457290295811,0.07951514076654304,0.06873913020387583
468,0.8481351933959194,0.08292067885782221,0.06894412774625848
469,0.8480024482139283,0.08328577895876853,0.06871177282730308
470,0.8491279325383684,0.08245957359179554,0.06841249386983617
471,0.8471800030977096,0.08498057468287976,0.0678394222194106
472,0.8474353007661218,0.08462512750329745,0.06793957173058067
473,0.8468792361508816,0.08411941016540075,0.06900135368371764
474,0.8469403891252245,0.0845047035930285,0.06855490728174689
475,0.846262246581285,0.08438867031522174,0.0693490831034931
476,0.8451976176820133,0.08566421520281603,0.06913816711517075
477,0.8452326647476257,0.08607681458208075,0.06869052067029362
478,0.8449724047790185,0.0859166793057558,0.06911091591522568
479,0.8456665770723868,0.08554577445547837,0.06878764847213488
480,0.8459561622991303,0.08525915816913206,0.0687846795317377
481,0.843163718307669,0.08663080938657837,0.07020547230575253
482,0.8472265168729352,0.08133541934198874,0.07143806378507615
483,0.846664955339585,0.07977641722433051,0.07355862743608453
484,0.8467549705084503,0.07883786423713382,0.07440716525441593
485,0.8489391590693298,0.0778280942351758,0.07323274669549436
486,0.8477074325145063,0.07784600482813195,0.07444656265736174
487,0.8477226567273742,0.07775856880731707,0.07451877446530872
488,0.8488344089195086,0.07811931038576747,0.0730462806947239
489,0.8481801134880319,0.07881217827651615,0.07300770823545188
490,0.8476955842928467,0.07885114778667811,0.07345326792047512
491,0.8485173888936741,0.0781709690419582,0.07331164206436763
492,0.8515493676306816,0.075268607413382,0.07318202495593651
493,0.852041104888639,0.07491271278609032,0.07304618232527056
494,0.8535263278041397,0.07458469084297803,0.0718889813528823
495,0.8532733699563297,0.07443089797493598,0.07229573206873412
496,0.8531037338459884,0.07510528679348079,0.07179097936053087
497,0.8531118909648908,0.07456147661466726,0.07232663242044192
498,0.8523836063638126,0.07513770673366016,0.07247868690252722
499,0.8543064593244843,0.07463169911569785,0.07106184155981782
500,0.8551879933384356,0.07381089834311762,0.07100110831844678
501,0.8546644543334295,0.07434217362461291,0.07099337204195752
