,0,1,2
0,0.019236715284510267,0.9736209822435018,0.007142302471987797
1,0.019457412480320735,0.9733668112413421,0.007175776278337169
2,0.019752680316360682,0.9730949915681109,0.007152328115528397
3,0.019852651837953234,0.9724694109663062,0.0076779371957405845
4,0.0197408898530056,0.9723039164602116,0.007955193686782847
5,0.020054316336587063,0.971908111449735,0.008037572213678023
6,0.02004243876651886,0.9718395319583176,0.008118029275163566
7,0.019899104365061294,0.9721750989489628,0.007925796685975754
8,0.0201458268106419,0.9718906726053883,0.007963500583969847
9,0.020158681123097186,0.972000872045126,0.007840446831776813
10,0.02057732365689806,0.9711189282486312,0.00830374809447068
11,0.020195137633795348,0.9714463115643421,0.00835855080186245
12,0.02011830737904864,0.9717683591316622,0.008113333489289222
13,0.02013833532259498,0.971395159066455,0.00846650561094994
14,0.020156482076457746,0.9711434407359794,0.00870007718756285
15,0.01999208530585992,0.9714741024506512,0.008533812243488913
16,0.020471378297139978,0.9713520297650358,0.008176591937824305
17,0.02043716705649205,0.9715517538623072,0.008011079081200877
18,0.02070071983267694,0.9713200278284115,0.007979252338911478
19,0.020808091670239146,0.9710667096146753,0.008125198715085385
20,0.020516585273810048,0.9712843598362728,0.00819905488991707
21,0.020541109662931163,0.9714335321395973,0.00802535819747161
22,0.0205053261660237,0.9714885798628353,0.008006093971140892
23,0.020544678400454455,0.9714929810637567,0.00796234053578886
24,0.02028013171100546,0.9715656614509383,0.00815420683805639
25,0.020302287613393668,0.9718973248721939,0.007800387514412364
26,0.020500578596231608,0.9720005642605539,0.007498857143214433
27,0.020722624259388832,0.9717133168030593,0.0075640589375518775
28,0.020692441998566076,0.9718131698634725,0.007494388137961411
29,0.02062544605306785,0.9720993114223503,0.007275242524581766
30,0.02039620576257822,0.9722657517277115,0.00733804250971033
31,0.02046241849519647,0.9723708145181738,0.007166766986629824
32,0.020584818952879464,0.9722948363232217,0.007120344723898906
33,0.02084648595715991,0.9719981675881487,0.00715534645469141
34,0.021325257307154313,0.971437491788523,0.0072372509043226755
35,0.021410281016178156,0.9711774077030029,0.0074123112808189414
36,0.021837918161282804,0.9708043066369099,0.007357775201807349
37,0.022023176313585708,0.9705367664982066,0.00744005718820767
38,0.021971555063675714,0.9705142949700849,0.00751414996623929
39,0.022188639838705462,0.9703249347788179,0.007486425382476567
40,0.022495795197235952,0.9701595473236431,0.007344657479121043
41,0.022826156802393784,0.9695762362045398,0.007597606993066414
42,0.022939860224188622,0.9691527660659919,0.007907373709819518
43,0.02336648711947381,0.9688219387074449,0.0078115741730812325
44,0.022840600567694585,0.9693990507199793,0.007760348712326021
45,0.022496798147481196,0.969933094534506,0.007570107318012824
46,0.02217425134541818,0.9702565626205562,0.007569186034025585
47,0.022013413518807142,0.9705167377186348,0.0074698487625580665
48,0.02205070959685206,0.9703114727454166,0.00763781765773124
49,0.022264577822292513,0.9700589062857898,0.00767651589191774
50,0.022137442196791056,0.9702374826980305,0.0076250751051784756
51,0.02255443758324365,0.9698657459947645,0.007579816421991848
52,0.022157475874167328,0.9702895324548235,0.007552991671009186
53,0.02179395565732319,0.9705616880760868,0.007644356266590004
54,0.021433780160639904,0.9712157348898172,0.007350484949543021
55,0.021578127186654163,0.9711488481972217,0.0072730246161242015
56,0.021073102207329834,0.9717064385856594,0.00722045920701074
57,0.020738907659259342,0.9719796746073535,0.0072814177333870855
58,0.020506249884811478,0.9723512640321537,0.007142486083034805
59,0.0208725578452466,0.971935357629801,0.0071920845249523364
60,0.02071348339426223,0.9720567262635798,0.007229790342158119
61,0.0205707454561932,0.9720955603757058,0.007333694168101075
62,0.020244304207505222,0.9725175148992007,0.007238180893294073
63,0.02028269610125068,0.9724714940201169,0.007245809878632398
64,0.020357904917267362,0.9725267969958019,0.0071152980869307325
65,0.020226754746892096,0.9727515632634601,0.0070216819896477475
66,0.0201204494406822,0.9729699518614412,0.006909598697876555
67,0.020034734977212643,0.973092845402232,0.00687241962055543
68,0.020012039347198998,0.9730562871235784,0.006931673529222644
69,0.020118692761047503,0.972777899215686,0.0071034080232665825
70,0.019818133547622015,0.9731003150517503,0.007081551400627565
71,0.019719108013027734,0.9732787633607697,0.007002128626202618
72,0.01977988327085643,0.9731972570499579,0.0070228596791856845
73,0.01966382019806342,0.9731940694077579,0.00714211039417871
74,0.019542828638663398,0.9733464162773874,0.007110755083949253
75,0.019688695332772906,0.9731931370958795,0.007118167571347536
76,0.01958268490125838,0.9732197292033266,0.007197585895415004
77,0.01982871559892697,0.9728807160298761,0.007290568371196883
78,0.01974228310442412,0.9730820214019035,0.0071756954936724494
79,0.019774071629790297,0.9730165976404633,0.007209330729746262
80,0.019570553488584927,0.9732943154516671,0.0071351310597479855
81,0.019643962206444175,0.9731528037416506,0.007203234051905267
82,0.01927918259425629,0.9736397522124688,0.00708106519327473
83,0.019488016235857532,0.9737300154281193,0.006781968336023103
84,0.019629703973335296,0.9735179431149035,0.006852352911761344
85,0.019115476897015905,0.9741271174478461,0.006757405655138047
86,0.019039215337090798,0.9741951772206566,0.006765607442252611
87,0.019179404596204264,0.9741163731958536,0.006704222207942042
88,0.019343601061501545,0.9739570888129406,0.0066993101255577465
89,0.019643298661098745,0.9734076467107117,0.006949054628189557
90,0.01927244700726215,0.9738385083308938,0.006889044661844128
91,0.01903457547072512,0.97421127574486,0.006754148784414909
92,0.01905733821131523,0.9742090830603026,0.006733578728382176
93,0.019113875780044517,0.9741727930614879,0.006713331158467569
94,0.019268443852357903,0.9739697288910802,0.0067618272565618765
95,0.019073792915636267,0.9740852355904851,0.006840971493878806
96,0.0192145243713856,0.9739559216532715,0.0068295539753428815
97,0.019081027742896804,0.9741245756508748,0.006794396606228319
98,0.018988285754664557,0.974269098179767,0.006742616065568376
99,0.01897602969807293,0.9742465865380563,0.006777383763870618
100,0.018887059800221335,0.974406268492543,0.00670667170723574
101,0.019334073890495566,0.9737091836838284,0.006956742425676025
102,0.01933749280534235,0.9737784493890014,0.006884057805656318
103,0.019221708892624662,0.9739874603360739,0.00679083077130145
104,0.019060705261974467,0.9741529534445826,0.0067863412934428815
105,0.018885115068683525,0.9743561837634344,0.006758701167882167
106,0.01922653446358475,0.9737455936293274,0.007027871907087819
107,0.01926152448706213,0.973722631333609,0.007015844179328811
108,0.01924647889899078,0.9736282600275559,0.007125261073453406
109,0.019095141457150654,0.9737265512358843,0.007178307306965179
110,0.01916039997996643,0.9740440954465234,0.006795504573510134
111,0.019066432020262553,0.9741664771938845,0.006767090785852942
112,0.01905898728100065,0.9741667416559047,0.006774271063094704
113,0.019278554980473785,0.973839324250604,0.006882120768922216
114,0.019017875523281304,0.9741922452984386,0.0067898791782799684
115,0.019204758634890306,0.9738701811535979,0.006925060211511843
116,0.018916905029428603,0.9741830249373613,0.006900070033210169
117,0.018663770305604507,0.9745156674226964,0.006820562271699303
118,0.018673453939283702,0.9744992373478155,0.006827308712900851
119,0.0186673161029823,0.9744274468490247,0.006905237047993103
120,0.018553759449740442,0.9745272295485108,0.006919011001748687
121,0.018462970027040046,0.9747486156292661,0.006788414343693894
122,0.018362733633911048,0.9749574734084956,0.00667979295759344
123,0.01850471428439176,0.9748091445261059,0.00668614118950243
124,0.01855699658747144,0.9747467382762081,0.006696265136320519
125,0.018357622670901356,0.9750527462553593,0.0065896310737392745
126,0.01836156101595306,0.9750663208725436,0.006572118111503338
127,0.018105685433245356,0.9755078714417021,0.006386443125052483
128,0.0179994936071478,0.9757056331608585,0.006294873231993825
129,0.017776285302231232,0.9759603321630743,0.006263382534694439
130,0.017968406829538243,0.975766884174299,0.006264708996162808
131,0.018004504096765676,0.9757615037315346,0.006233992171699697
132,0.017881663041344562,0.9759844766534437,0.006133860305211877
133,0.017802243475322794,0.9760819645792502,0.006115791945427007
134,0.017865911675739938,0.9761237959576932,0.006010292366566891
135,0.017707743070246924,0.9763937337810558,0.005898523148697403
136,0.017618718461736304,0.9763875594181987,0.005993722120065083
137,0.017669792691790497,0.9763244222132669,0.006005785094942584
138,0.017565934974534913,0.9765028096601448,0.005931255365320287
139,0.017326376455673517,0.9767726555459342,0.0059009679983922855
140,0.017336941923756042,0.9769066646189555,0.005756393457288474
141,0.017293883356810282,0.9770360654388001,0.005670051204389617
142,0.017376547706010093,0.9768016682485643,0.005821784045425667
143,0.01725517830821813,0.9770089065358073,0.005735915155974738
144,0.017081011901171634,0.977244637134213,0.005674350964615524
145,0.017110735082598014,0.9771227343278669,0.005766530589535159
146,0.016874955873991376,0.9774756610524521,0.005649383073556653
147,0.01687683964635485,0.977517361116596,0.005605799237049207
148,0.016573833017954252,0.9779509100543717,0.005475256927673927
149,0.016705803829208624,0.9778198254504605,0.005474370720330774
150,0.016675832749937284,0.9779305212177891,0.005393646032273552
151,0.016583584449238787,0.9781729729126115,0.0052434426381498716
152,0.01653805889330786,0.9782840329001704,0.005177908206521802
153,0.01649955014842328,0.9783345983650997,0.005165851486477021
154,0.016410206415229393,0.9784117420150771,0.005178051569693561
155,0.016230885724057658,0.9786113970943238,0.005157717181618425
156,0.01624725079234671,0.9784733008554982,0.005279448352155148
157,0.016466889440494615,0.9782615006887789,0.005271609870726445
158,0.01618134386875037,0.978640543857023,0.005178112274226552
159,0.016017688681132687,0.9788297401661185,0.005152571152748799
160,0.016156878692465647,0.9786020597485615,0.005241061558972847
161,0.016266739596597666,0.9784558626762668,0.005277397727135524
162,0.01628624177679487,0.9784146450969776,0.005299113126227551
163,0.016355029011084928,0.9783663236735546,0.005278647315360522
164,0.01631782388977348,0.9783783937002491,0.005303782409977525
165,0.016121618435332632,0.9786127533475685,0.005265628217098963
166,0.016136366333763263,0.9785626958985143,0.0053009377677223956
167,0.016100137339882713,0.9785734868301121,0.005326375830005136
168,0.015947794490596877,0.9787625298955809,0.00528967561382219
169,0.015895710099210817,0.978909717000295,0.0051945729004941365
170,0.015997100114570076,0.9788706923997889,0.005132207485641004
171,0.015792617346317175,0.9791841860597568,0.005023196593925997
172,0.01578611830723024,0.9792856352288073,0.004928246463962365
173,0.015813726260946907,0.9793560376550919,0.004830236083961111
174,0.01599752942272377,0.9790247138106228,0.004977756766653449
175,0.016040466385474208,0.9789828834987853,0.004976650115740516
176,0.015960070229930776,0.9790059685673395,0.0050339612027297444
177,0.01587132021559862,0.979013648907392,0.0051150308770094
178,0.01599874953700522,0.9787798757540206,0.005221374708974208
179,0.01628925256931416,0.9784001599655628,0.005310587465123022
180,0.0162548879322721,0.9784352570675859,0.005309855000142014
181,0.011400550430329923,0.9788874527252637,0.009711996844406347
182,0.011389156345210465,0.9788820624611794,0.009728781193610097
183,0.011033272628587084,0.97964729695665,0.009319430414762997
184,0.011201558957444332,0.9793012117204875,0.009497229322068246
185,0.011526233479131186,0.9787830998922747,0.009690666628594061
186,0.011415354593158494,0.978988597589146,0.00959604781769531
187,0.01147585379699938,0.9788617886012982,0.009662357601702438
188,0.011502333028736584,0.9788932742971831,0.00960439267408045
189,0.011714939284103807,0.9787741854116898,0.009510875304206415
190,0.011559772381205683,0.9791954196537732,0.009244807965021182
191,0.011480878854984791,0.9792685419352916,0.009250579209723641
192,0.011393499232165157,0.979450037079723,0.009156463688111757
193,0.011418305768617703,0.9793717486924938,0.009209945538888499
194,0.011473504642245178,0.9794237165011005,0.009102778856654411
195,0.01154539589154826,0.9793583883724052,0.00909621573604653
196,0.01158548865676032,0.9793065633631501,0.009107947980089542
197,0.01144800860309721,0.9793335031238147,0.009218488273088004
198,0.011405480654468125,0.9794409931077487,0.009153526237783082
199,0.011175697741942445,0.9799892603863495,0.00883504187170812
200,0.011054052333714764,0.9800866404704628,0.008859307195822614
201,0.01099174113696401,0.9801746713795334,0.008833587483502641
202,0.010822958381472035,0.9804499499300644,0.00872709168846357
203,0.010718255550862964,0.9806495769482957,0.008632167500841418
204,0.01054296278402282,0.9808421463831037,0.008614890832873435
205,0.01064055627612894,0.980690857989535,0.00866858573433611
206,0.010566326206011925,0.9810299317628244,0.00840374203116378
207,0.01053527090271425,0.9809863817194886,0.008478347377797171
208,0.010512356542854285,0.9808681637454576,0.008619479711688057
209,0.01050223732290212,0.9805818856116117,0.008915877065486154
210,0.010403895123094224,0.981511316494407,0.008084788382498759
211,0.010291027295074117,0.9812949062806862,0.008414066424239622
212,0.010029752032124879,0.9816838583591742,0.00828638960870105
213,0.010077259302822932,0.9815514577034005,0.008371282993776654
214,0.010261746721199732,0.9813858139487264,0.00835243933007399
215,0.010164674956573614,0.981556918538645,0.008278406504781285
216,0.010229285311129061,0.9815824409770546,0.008188273711816324
217,0.010098843725120711,0.9818519126841526,0.008049243590726837
218,0.010002543035377617,0.9819637459912257,0.008033710973396448
219,0.009951659130323948,0.9821066637022601,0.007941677167415895
220,0.009824269438587043,0.9822719736945041,0.007903756866908779
221,0.009832982033293953,0.9823405115691236,0.00782650639758242
222,0.009776646713856373,0.9824285215017234,0.00779483178442011
223,0.009697816822015586,0.9826438051009199,0.007658378077064505
224,0.009595634980409565,0.9829641145703601,0.007440250449230184
225,0.009498054288549123,0.9830827097804862,0.007419235930964713
226,0.009418936258501535,0.9828857943805893,0.007695269360909103
227,0.009478150746307713,0.9825879172579534,0.007933931995738993
228,0.009329129389294798,0.9826344161561377,0.008036454454567582
229,0.009595416625635837,0.9824500152646987,0.007954568109665596
230,0.009768323317314859,0.9824638086734413,0.007767868009243814
231,0.009845406198995686,0.9821241559192393,0.00803043788176507
232,0.009783874478238417,0.9823376802571163,0.007878445264645248
233,0.00970778329371954,0.9825665487043078,0.007725668001972711
234,0.009550603056231951,0.9826477246221099,0.007801672321658013
235,0.009760672179464237,0.982194363243865,0.008044964576670822
236,0.009867357804276104,0.9821036257658401,0.008029016429883906
237,0.009269713835505863,0.9833089882221325,0.007421297942361786
238,0.009293337151073132,0.9829922797003566,0.007714383148570228
239,0.009491410580160791,0.9825391580085648,0.007969431411274366
240,0.009155572857706715,0.9827759143171974,0.008068512825095865
241,0.009364700777779298,0.9823813425253489,0.008253956696871808
242,0.009448049524022974,0.9821215953546419,0.008430355121335007
243,0.009431369156193473,0.9820885049817395,0.008480125862067055
244,0.009484263642359471,0.9819613474158498,0.008554388941790652
245,0.009412751016535098,0.9821330814083865,0.00845416757507828
246,0.009400884454545306,0.9821440982293869,0.008455017316067872
247,0.009185611885908851,0.9824956357891196,0.008318752324971567
248,0.009167609494429912,0.9826062552117943,0.008226135293775853
249,0.009117446022647926,0.9826467415707772,0.008235812406574707
250,0.009178436100053183,0.9824947046986514,0.008326859201295467
