,0,1,2
0,0.21660693824242883,0.5680809623411524,0.21531209941641896
1,0.2183613975916623,0.56603876918812,0.21559983322021756
2,0.221133037251647,0.564497077023717,0.21436988572463608
3,0.22618136871275435,0.554971666950092,0.2188469643371536
4,0.23120634136554943,0.5512746476321646,0.21751901100228604
5,0.23354624456647718,0.5479276324356768,0.218526122997846
6,0.23293959996556873,0.5467896559343685,0.2202707441000627
7,0.23283207267925318,0.550664065219437,0.21650386210130984
8,0.2348369191384428,0.5484432065314383,0.21671987433011888
9,0.2357261801607498,0.5502313451108202,0.2140424747284301
10,0.23658912222377032,0.540519383341296,0.2228914944349336
11,0.232833099602083,0.5421877177282182,0.22497918266969888
12,0.2336544669981148,0.5463593408333086,0.21998619216857668
13,0.2397629414860348,0.5409570079346224,0.2192800505793429
14,0.20873485571942235,0.5673074673719671,0.22395767690861046
15,0.20823795762349223,0.5708051812659204,0.22095686111058757
16,0.21415726765351098,0.5732146283515959,0.21262810399489318
17,0.2147753363553439,0.5759496684290236,0.20927499521563253
18,0.20947455709300736,0.5747771793151141,0.2157482635918786
19,0.20953793948413157,0.5718351167003586,0.21862694381550984
20,0.2067720248320046,0.5724327022934158,0.22079527287457956
21,0.2079220821206942,0.5750176093175382,0.21706030856176756
22,0.20773658627444958,0.57553978266747,0.21672363105808054
23,0.20829838063200598,0.575993461400881,0.21570815796711298
24,0.20509141391679364,0.5745663727294815,0.2203422133537249
25,0.2072095089977077,0.5800646935436308,0.21272579745866146
26,0.20320865730017834,0.5837089248977555,0.21308241780206616
27,0.20461549062281575,0.5812803477015278,0.21410416167565638
28,0.20477008447025025,0.5826278925644108,0.21260202296533895
29,0.19835213299399082,0.5867353763825012,0.21491249062350803
30,0.19619641026175466,0.5869819861725303,0.21682160356571512
31,0.1976953656335352,0.5896163995108652,0.21268823485559965
32,0.19892590222563591,0.5897125594175248,0.2113615383568393
33,0.20077440721580037,0.5875421852382156,0.2116834075459842
34,0.20401953861980643,0.5832979564767378,0.21268250490345592
35,0.203651420573561,0.5797780381818965,0.2165705412445425
36,0.20725241958047078,0.5782533836767757,0.2144941967427536
37,0.2081784119652878,0.5757922843811429,0.21602930365356918
38,0.20734831390688735,0.5748304455241584,0.2178212405689541
39,0.20916003046790121,0.574067975679074,0.21677199385302487
40,0.21233301859177559,0.5747215202058454,0.21294546120237895
41,0.21329556249255582,0.5686291242219479,0.21807531328549623
42,0.21229761066339967,0.5629174242296645,0.22478496510693594
43,0.21602274283132541,0.5621447094503007,0.2218325477183739
44,0.212431622504294,0.5658643716140375,0.22170400588166855
45,0.2109896535620669,0.5709266799235423,0.2180836665143908
46,0.20856133358405554,0.5727558467920362,0.21868281962390823
47,0.20792792316221156,0.5753426465977798,0.21672943024000857
48,0.20722253413530428,0.5722999266543063,0.22047753921038934
49,0.20861113584113242,0.5704521794406278,0.22093668471823977
50,0.20795367759634378,0.5720254172534701,0.22002090515018605
51,0.2113652331753572,0.57044172599707,0.21819304082757293
52,0.20852996057606243,0.5731227333000092,0.2183473061239285
53,0.20523585584117313,0.5736386841625253,0.22112545999630148
54,0.20419348705244228,0.5807068336979719,0.21509967924958587
55,0.20576032355926857,0.5812082872720534,0.21303138916867814
56,0.2021619643975024,0.5850650681834689,0.21277296741902868
57,0.19920396381310138,0.5859592230502735,0.21483681313662512
58,0.1981800688874571,0.5897867695967155,0.21203316151582738
59,0.2007645158218606,0.5867414598047642,0.21249402437337514
60,0.19930275826031266,0.5870159362612068,0.21368130547848033
61,0.19758930084187176,0.5860308341342609,0.21637986502386716
62,0.19556832267738453,0.5896457885803609,0.2147858887422547
63,0.19582770747951425,0.5892823711544352,0.21488992136605053
64,0.19716722130549147,0.5911549414007194,0.21167783729378908
65,0.1897246643684852,0.5936177282962262,0.2166576073352886
66,0.18954680104121088,0.596328478951787,0.21412472000700206
67,0.18909563578209984,0.5975297374477863,0.21337462677011385
68,0.1885791230181794,0.5965509851689551,0.21486989181286534
69,0.18842386688953122,0.592730383158108,0.21884574995236086
70,0.18622195855660637,0.5948851023129437,0.21889293913044985
71,0.1859005433760272,0.5969500338749347,0.21714942274903812
72,0.18625634667579394,0.5962049434682342,0.21753870985597187
73,0.1846834461372778,0.5946574573618839,0.2206590965008384
74,0.18391713065916943,0.5959496013748896,0.22013326796594115
75,0.1850108133301855,0.594958333383195,0.2200308532866195
76,0.1837436302565852,0.5940982890650395,0.22215808067837536
77,0.18513174291039478,0.5909534081860234,0.2239148489035818
78,0.1851045680635074,0.5935762972601655,0.22131913467632708
79,0.1851627311671353,0.592768427822882,0.22206884100998267
80,0.18399706089625717,0.5953321064533368,0.22067083265040602
81,0.18418810636511787,0.5936368771863556,0.2221750164485265
82,0.1820222024612838,0.5980553587703545,0.21992243876836162
83,0.2168026020220104,0.5710234109575821,0.21217398702040743
84,0.2175838409789483,0.5688206422117017,0.21359551680935002
85,0.21365806069504217,0.5739423572377692,0.21239958206718848
86,0.21292373260377703,0.5743009032258302,0.21277536417039294
87,0.20782710286974368,0.5744895270258807,0.2176833701043756
88,0.20928699921288918,0.5735205147703664,0.21719248601674443
89,0.2102138930982739,0.5669515658479992,0.22283454105372688
90,0.20741545568784697,0.5704208725539812,0.22216367175817184
91,0.20623552917853982,0.5744836223727648,0.2192808484486955
92,0.20656943272240538,0.5747251467416028,0.21870542053599173
93,0.20719598351968593,0.5747417943591802,0.21806222212113377
94,0.20821958365302493,0.57282847862392,0.21895193772305505
95,0.2060075251460987,0.5725945266562249,0.2213979481976765
96,0.20730476374328952,0.5719040287895193,0.2207912074671911
97,0.20637584255528296,0.5734239215368128,0.22020023590790413
98,0.2059073360622582,0.5750017931149342,0.21909087082280773
99,0.20557224539102895,0.574423542614971,0.22000421199400017
100,0.20525807487908876,0.5763418751410156,0.21840004997989568
101,0.20750377721889215,0.5687692502272933,0.22372697255381452
102,0.2080106507238886,0.5700983401065423,0.22189100916956914
103,0.20762225565205225,0.572584364888752,0.21979337945919572
104,0.2062517740466621,0.5737069202359946,0.22004130571734346
105,0.20490017456896692,0.5753666017567767,0.21973322367425635
106,0.20611162889829418,0.5681345491987139,0.22575382190299192
107,0.20649182002774719,0.5681351625564033,0.22537301741584945
108,0.21272057416098294,0.5662124545567966,0.22106697128222047
109,0.21104152824286432,0.5662524496677105,0.22270602208942528
110,0.2141116840500015,0.5727201363795275,0.213168179570471
111,0.2134606675684805,0.5738648876370772,0.21267444479444234
112,0.21334692409686487,0.5737832981103071,0.21286977779282815
113,0.21459147395630238,0.5703656079389912,0.2150429181047064
114,0.2128770800835653,0.5737723431346078,0.21335057678182703
115,0.2136550184534143,0.5700767795820643,0.21626820196452146
116,0.21125532501249308,0.5724349969825998,0.21630967800490716
117,0.20950190171000418,0.5755796789554248,0.2149184193345711
118,0.20954531133570573,0.5753906957153585,0.21506399294893588
119,0.2089866705901095,0.5740031188632801,0.21701021054661035
120,0.2078774390617981,0.5745098154279501,0.21761274551025186
121,0.20789850479287592,0.5775245715961641,0.2145769236109599
122,0.20091673714056543,0.5802235756709431,0.2188596871884914
123,0.20213201599871394,0.5791662344682998,0.21870174953298624
124,0.2025278892249457,0.5786285462139393,0.218843564561115
125,0.20145577992285568,0.5819991083294489,0.21654511174769545
126,0.20160467635402335,0.5823124475895188,0.21608287605645785
127,0.19397455789331813,0.5876596944847614,0.2183657476219204
128,0.19364038906092218,0.5902279872165573,0.2161316237225205
129,0.1918777454701372,0.5923536762421008,0.21576857828776191
130,0.1935639863341982,0.5910529472338818,0.21538306643191998
131,0.19408296740153905,0.5914462284003964,0.21447080419806455
132,0.1872924558199374,0.5943354821954152,0.21837206198464737
133,0.18672496724518542,0.595237542344909,0.2180374904099055
134,0.18796944615079972,0.5970948844935848,0.21493566935561545
135,0.2141558450231309,0.5675594595791097,0.2182846953977594
136,0.21255995813742407,0.566172850541649,0.22126719132092684
137,0.21295788091151305,0.5655566041468413,0.2214855149416456
138,0.212534409669418,0.5678728979088361,0.21959269242174584
139,0.21044887272671783,0.5702325622610919,0.2193185650121902
140,0.2116708576524393,0.573272765538314,0.2150563768092467
141,0.2059059174419398,0.5754638103270041,0.21863027223105597
142,0.20551385728551932,0.571498540562563,0.22298760215191774
143,0.20502216350822636,0.5742632214822576,0.22071461500951597
144,0.20382918256988067,0.5768822584419254,0.219288558988194
145,0.20340177921826283,0.5746009207092414,0.2219973000724959
146,0.202034467592735,0.578921786238144,0.21904374616912092
147,0.20238947136936963,0.5798990414482798,0.21771148718235062
148,0.20044883391782442,0.5850981834568965,0.21445298262527915
149,0.20174574769213155,0.5841534825235155,0.21410076978435294
150,0.19625766308078324,0.5862438700452293,0.21749846687398758
151,0.19084638994566253,0.5905212494657127,0.21863236058862479
152,0.19093143439568777,0.5924779537245504,0.21659061187976192
153,0.19066193457213226,0.593053171314644,0.21628489411322374
154,0.18971960583857092,0.5933817080225847,0.21689868613884436
155,0.18817407284623608,0.5951715492166145,0.2166543779371494
156,0.18738580501486193,0.5919978271566404,0.22061636782849753
157,0.1895252471343767,0.5906426346872632,0.2198321181783601
158,0.18754342874908028,0.5950107293070968,0.21744584194382308
159,0.1861780572893119,0.5968292927347076,0.21699264997598056
160,0.18682336321062515,0.5936003874011975,0.21957624938817738
161,0.18758646634828344,0.5919111981132869,0.22050233553842968
162,0.18760363302998198,0.5912316022597544,0.22116476471026364
163,0.18841314783410318,0.5912562035641493,0.22033064860174756
164,0.1878665906738801,0.5908925222880077,0.2212408870381122
165,0.18629865057064549,0.5932343236167631,0.22046702581259134
166,0.18616777005049992,0.5922454544925678,0.22158677545693212
167,0.1856287793479444,0.5918661486009634,0.22250507205109224
168,0.1844580200922277,0.5938661554930386,0.2216758244147337
169,0.184686426185938,0.596639513272834,0.21867406054122793
170,0.18613827621120965,0.5974947301245458,0.2163669936642446
171,0.2143976305677391,0.5668282213667939,0.21877414806546683
172,0.21520569912610224,0.5692578184356154,0.21553648243828227
173,0.21103390871048114,0.5715100205353966,0.21745607075412238
174,0.21160330957007517,0.566276333769902,0.22212035666002286
175,0.21206641005865226,0.5659723439466579,0.22196124599468992
176,0.21068610500621623,0.5651342832380057,0.22417961175577805
177,0.21463024378341872,0.5637613510454194,0.22160840517116198
178,0.215021224861821,0.5601560245349056,0.2248227506032733
179,0.2230509572488401,0.5557547964306074,0.22119424632055232
180,0.22268753968198254,0.5560422621386216,0.2212701981793958
181,0.21616557110588225,0.566828437458157,0.2170059914359607
182,0.2159158739156639,0.566736980486139,0.21734714559819696
183,0.20722437297084317,0.5760798606848341,0.21669576634432283
184,0.20890367100605192,0.5718213392748114,0.2192749897191367
185,0.21278432890464163,0.5657377426002836,0.2214779284950747
186,0.2116029983212792,0.5681807399435703,0.22021626173515055
187,0.2121792427221609,0.5666510888435589,0.22116966843428015
188,0.2128431409704531,0.5671337985497821,0.22002306047976478
189,0.21640446038310748,0.5660895477346815,0.2175059918822111
190,0.21541383967172356,0.5713078038004096,0.2132783565278669
191,0.20906933286028406,0.5720909570755478,0.21883971006416825
192,0.2082510859390292,0.574328694374548,0.21742021968642283
193,0.20835499933112062,0.573321078740226,0.21832392192865333
194,0.20967733095100546,0.5742144016355069,0.21610826741348763
195,0.21075515669244196,0.5735339200743617,0.21571092323319638
196,0.2112800285326003,0.5729422327957191,0.21577773867168074
197,0.20874626060997375,0.5728849983254081,0.2183687410646181
198,0.2084400793720661,0.5742407325399306,0.21731918808800332
199,0.2016109260773616,0.5812107990330826,0.21717827488955582
200,0.199724056605323,0.5821652426869495,0.21811070070772753
201,0.1989377579350441,0.583212930724175,0.2178493113407809
202,0.19696973143322183,0.5866132583938248,0.2164170101729534
203,0.19587514783045226,0.5891718879547405,0.21495296421480728
204,0.19335189598034938,0.591368002352344,0.21528010166730668
205,0.19455019580440014,0.5894845236170935,0.21596528057850642
206,0.18985257735075095,0.5942950720900019,0.21585235055924723
207,0.1890428019437825,0.5934782460006398,0.21747895205557785
208,0.18804164877304197,0.5915507303100465,0.22040762091691163
209,0.19159714858461596,0.5871357424145766,0.22126710900080743
210,0.17992716053136712,0.6008280880913663,0.21924475137726662
211,0.18162808969679056,0.5966118135359451,0.22176009676726427
212,0.17839756845394297,0.6015038392670993,0.2200985922789578
213,0.1787031088256153,0.5996126207880345,0.22168427038635027
214,0.18148985315180136,0.5979141795703089,0.22059596727788985
215,0.18041673587722987,0.6001597049804742,0.21942355914229586
216,0.18178651259993178,0.6009124003425586,0.21730108705750975
217,0.21757622557626186,0.5675568715676658,0.21486690285607246
218,0.21602526650164083,0.5690012020629588,0.21497353143540032
219,0.21100188365061712,0.5710706875374261,0.21792742881195676
220,0.20906300902806585,0.5732565894568931,0.21768040151504098
221,0.20964720195193276,0.5743891797583134,0.2159636182897538
222,0.20886877041254426,0.5756054814919962,0.21552574809545955
223,0.20372887121095395,0.5788172402485613,0.2174538885404849
224,0.19876699138261736,0.5837644720437822,0.21746853657360046
225,0.1972516468414349,0.5853363567029927,0.21741199645557252
226,0.19898509975346115,0.5815388429727446,0.21947605727379427
227,0.20338189995584155,0.5768163633596324,0.21980173668452602
228,0.20025030963682533,0.5770341483542858,0.22271554200888896
229,0.20528090063523532,0.575006344045225,0.21971275531953965
230,0.20928339372304022,0.5758492014682752,0.21486740480868466
231,0.20911238230282625,0.5706764725505573,0.22021114514661633
232,0.20892337851368117,0.5738712068295346,0.21720541465678425
233,0.20389909177323107,0.5772973178510508,0.2188035903757181
234,0.20081885152216059,0.5779814278715311,0.22119972060630846
235,0.20772306371120458,0.5714016601000754,0.22087527618872002
236,0.20962042598835784,0.5703337930261438,0.22004578098549835
237,0.19377661335688157,0.5878773980290616,0.21834598861405694
238,0.19716400451704255,0.5824878917142471,0.2203481037687103
239,0.20384349502648788,0.575760071031574,0.22039643394193806
240,0.2022759854987104,0.5784055053383622,0.21931850916292742
241,0.20496372540444283,0.5727727097675588,0.2222635648279984
242,0.2103929426340464,0.5689668623694574,0.22064019499649612
243,0.2098301345048831,0.5684292903557964,0.22174057513932058
244,0.21036635976865203,0.5666302718736381,0.22300336835770987
245,0.20963963972123367,0.5690623841037011,0.2212979761750652
246,0.2094247030337032,0.5692029082282762,0.22137238873802056
247,0.20631248846727931,0.5740910303619073,0.2195964811708133
248,0.20648311772633432,0.5757589179605334,0.21775796431313235
249,0.20552796801482687,0.5762724420754433,0.21819958990972987
250,0.20614053871514176,0.5740604696183436,0.21979899166651468
