,0,1,2
0,0.33530746508877185,0.3480719964776676,0.3166205384335604
1,0.33738647057762516,0.34616724037149726,0.31644628905087757
2,0.3411454570992324,0.34469552797080966,0.3141590149299579
3,0.33464256641020124,0.336206000099101,0.32915143349069786
4,0.3371449951866842,0.3328387655849654,0.3300162392283503
5,0.3395657744265238,0.32985504555961737,0.3305791800138588
6,0.3460495224817847,0.32881745162455983,0.3251330258936554
7,0.34706632769192053,0.3322737653749283,0.320659906933151
8,0.3493671387079966,0.33028357771843664,0.32034928357356673
9,0.3512372681938089,0.3318774460980896,0.31688528570810154
10,0.32022274181959004,0.3525817481996828,0.3271955099807271
11,0.3154326016978523,0.3539995328386822,0.33056786546346556
12,0.3176571198405379,0.35797610094855814,0.3243667792109039
13,0.32141202354867493,0.35279423455059766,0.3257937419007273
14,0.31877336161789915,0.34949233885087927,0.3317342995312216
15,0.3189871005391517,0.35272256641519933,0.3282903330456491
16,0.32096455016344216,0.3548566810000449,0.32417876883651303
17,0.3226952713719858,0.3574408601614189,0.3198638684665953
18,0.325942280294237,0.3563558933445398,0.31770182636122324
19,0.32522342225972434,0.3536429288042831,0.32113364893599267
20,0.32116760761523333,0.3542740991978622,0.3245582931869045
21,0.3236348937452304,0.35662425671789133,0.3197408495368782
22,0.3234952390258417,0.35711267201355085,0.3193920889606075
23,0.3244804699915143,0.35751579374278486,0.3180037362657008
24,0.3191814827396938,0.35629146871866774,0.3245270485416384
25,0.3164838508045466,0.36133125800029714,0.32218489119515614
26,0.3153512856713259,0.3647710808756459,0.3198776334530282
27,0.31683764813620063,0.36245623802749993,0.3207061138362994
28,0.31744857442337315,0.3637222009646785,0.31882922461194835
29,0.31262752429505375,0.36759482245151986,0.3197776532534264
30,0.3093543628892431,0.3678974155691414,0.3227482215416156
31,0.312385752330186,0.3703403722030384,0.3172738754667756
32,0.31432207834964976,0.37039123713667294,0.3152866845136774
33,0.31659774377922995,0.3682775901027339,0.3151246661180361
34,0.3204510191099433,0.36418086750361506,0.3153681133864417
35,0.31891945114305975,0.36090433591020976,0.3201762129467306
36,0.3240335561053528,0.35937290929039734,0.3165935346042499
37,0.3247719990899824,0.3570635376227699,0.31816446328724773
38,0.3232353191096169,0.3562007570663883,0.3205639238239948
39,0.3257964740558274,0.3554412103211468,0.3187623156230258
40,0.3308314439120896,0.35594547897944584,0.3132230771084646
41,0.3305882947743473,0.350325319692426,0.31908638553322666
42,0.33471099285969264,0.3451662242472356,0.3201227828930717
43,0.3401776858458309,0.3442811179261101,0.315541196228059
44,0.3357177297138688,0.34779728877289046,0.31648498151324084
45,0.3348908080247952,0.352436708928035,0.3126724830471697
46,0.33165540265120114,0.35422690356083436,0.31411769378796445
47,0.33138159100859704,0.3566160293363899,0.31200237965501293
48,0.32947140989345053,0.35388583101968857,0.3166427590868609
49,0.3311081624717189,0.3521359568687756,0.31675588065950544
50,0.3305225224708326,0.3535969500446688,0.3158805274844985
51,0.33533484043080336,0.3519776930037904,0.3126874665654062
52,0.33170665674141586,0.3545619210223662,0.3137314222362181
53,0.3267703019379047,0.35521107987606976,0.31801861818602567
54,0.3270563405070143,0.3617398502629057,0.31120380923007995
55,0.32267244058424205,0.36211392838314566,0.3152136310326122
56,0.3181820897247984,0.36584206671954894,0.3159758435556528
57,0.3138502644300047,0.3667795467261148,0.3193701888438806
58,0.3132976562015539,0.37042934939213373,0.3162729944063123
59,0.3164780742254811,0.3674655587795185,0.3160563669950005
60,0.3142889799784347,0.3677722255297303,0.317938794491835
61,0.3113702377984143,0.3668996799543905,0.3217300822471952
62,0.30920324918091224,0.37038204987611134,0.32041470094297636
63,0.3095090397975658,0.37002906574498845,0.3204618944574458
64,0.312093417709929,0.3717614979143047,0.3161450843757663
65,0.3119809912718469,0.37412365417656734,0.31389535455158574
66,0.3055418256966606,0.3766810174105878,0.3177771568927516
67,0.3051446280437791,0.37784851622418036,0.3170068557320405
68,0.3040772707075549,0.3769397066905363,0.31898302260190875
69,0.30284634792802884,0.3733168497487064,0.32383680232326495
70,0.29994081611165924,0.3754669770777618,0.32459220681057893
71,0.29996300377996044,0.37744961794530624,0.32258737827473344
72,0.3003324992879721,0.3767218384667485,0.3229456622452794
73,0.297463595356537,0.375324311727026,0.327212092916437
74,0.29658476467860345,0.3765911961495113,0.32682403917188524
75,0.29805478742964514,0.37559475225525835,0.32635046031509646
76,0.2958444949643683,0.3748378823962609,0.3293176226393709
77,0.2972309126988729,0.3717922230402909,0.33097686426083617
78,0.2978515779106039,0.37427713224628484,0.3278712898431112
79,0.2977382884476438,0.37350820602442947,0.3287535055279268
80,0.2965544719289889,0.37599915651110294,0.32744637155990813
81,0.2964268602704706,0.37437842865626525,0.3291947110732641
82,0.2941284685010943,0.3786936797611757,0.32717785173773006
83,0.2936789250310676,0.3827857508695052,0.32353532409942704
84,0.29422251153034434,0.38064327823610766,0.325134210233548
85,0.28998739877012353,0.3854975999959595,0.3245150012339169
86,0.2890432524134086,0.38580852627314827,0.32514822131344334
87,0.2914201248010228,0.38610668279640875,0.3224731924025685
88,0.29327112986714815,0.38519785923335564,0.3215310108994963
89,0.29303465683230895,0.37880122691888307,0.328164116248808
90,0.28987895469970115,0.38210157389918015,0.32801947140111876
91,0.2891505694679908,0.38605222965431807,0.3247972008776912
92,0.2896829875273224,0.3863002418702459,0.32401677060243167
93,0.2905799612922268,0.38633580083203556,0.3230842378757376
94,0.29158755313714796,0.38448540193509173,0.32392704492776037
95,0.2883848560023608,0.3841885384777594,0.3274266055198797
96,0.29006874171547326,0.38355058659973446,0.32638067168479235
97,0.28910259878586025,0.3850142370078201,0.3258831642063197
98,0.2888040228224698,0.3865524798700375,0.3246434973074926
99,0.28819147778628473,0.3859728278902616,0.3258356943234538
100,0.2881911916312171,0.3878541769975932,0.3239546313711897
101,0.2896185711550065,0.3804909706583453,0.3298904581866482
102,0.29064881912282803,0.3818041222369826,0.3275470586401894
103,0.2906799851969201,0.3842275978643572,0.3250924169387227
104,0.28899208469831283,0.3852886272955602,0.325719288006127
105,0.287453351345259,0.38688112594615665,0.3256655227085844
106,0.2945004308237507,0.3798305064347326,0.32566906274151675
107,0.29504534486917045,0.379833081798624,0.3251215733322055
108,0.29340558862499033,0.37798074645088237,0.32861366492412725
109,0.29104683140813264,0.3779518029059819,0.33100136568588556
110,0.29695117707556234,0.38443109770142364,0.3186177252230141
111,0.2963068016191893,0.38553586528351846,0.3181573330972922
112,0.29612536749670615,0.3854504033399209,0.3184242291633729
113,0.2970560218035279,0.382129532848979,0.3208144453474931
114,0.29545558344379214,0.3854200316396228,0.319124384916585
115,0.29565972931857254,0.3818069270846469,0.3225333435967805
116,0.29283079193340344,0.3840313063998089,0.3231379016667875
117,0.2910986870288568,0.3870696366542802,0.32183167631686305
118,0.29111498179574763,0.386884043840487,0.3220009743637653
119,0.2899894842716531,0.38548660324821266,0.32452391248013435
120,0.2885362523058048,0.3859418344214214,0.3255219132727738
121,0.3213003026409911,0.3569188161877689,0.32178088117123993
122,0.32174921289298974,0.35944552254144546,0.31880526456556474
123,0.3233522664674026,0.35841020506077353,0.31823752847182374
124,0.32382140383887376,0.3578960463382418,0.31828254982288445
125,0.3162830659331756,0.3610539649058326,0.32266296916099174
126,0.3165993381359046,0.36134251759580766,0.32205814426828777
127,0.3164105548843777,0.3663964670670057,0.3171929780486167
128,0.3099440107183189,0.3688050863139631,0.3212509029677181
129,0.30774825236542,0.3708872275492519,0.3213645200853281
130,0.3100447792434214,0.3695864610839104,0.32036875967266826
131,0.3109630512907987,0.3699358609960023,0.319101087713199
132,0.31106947399325857,0.37268981643619237,0.316240709570549
133,0.3103943169530876,0.3735772672198209,0.31602841582709146
134,0.30643648614439767,0.37521627287636916,0.3183472409792333
135,0.30633638859898166,0.378548765036562,0.3151148463644563
136,0.3037201288968042,0.37720980313569125,0.31907006796750453
137,0.3041448981358234,0.37662115299466103,0.3192339488695156
138,0.3040845607800989,0.3788419564467869,0.31707348277311426
139,0.3016452955550549,0.38110423718281655,0.3172504672621286
140,0.29783365977223686,0.38405090518233775,0.3181154350454254
141,0.2924981085026462,0.386210628436926,0.3212912630604277
142,0.291014223142741,0.38233160557614393,0.3266541712811151
143,0.2909511899546543,0.38501912143696015,0.3240296886083857
144,0.2898467730545953,0.3875620636572455,0.32259116328815934
145,0.28870652516063544,0.38531874740923516,0.3259747274301295
146,0.28773837759822873,0.3895329380884136,0.3227286843133577
147,0.2884746785655334,0.3905027917803896,0.321022529654077
148,0.32231542657427503,0.3601746252185007,0.3175099482072243
149,0.3240824489633936,0.3592401737209493,0.3166773773156571
150,0.3191198843710261,0.36116266385970414,0.3197174517692697
151,0.31477923004670905,0.3651148802751688,0.32010588967812215
152,0.3154365950466222,0.36692619654119163,0.31763720841218623
153,0.3151607068755675,0.3674798975908529,0.31735939553357967
154,0.31374532166818464,0.36785027310469315,0.31840440522712243
155,0.3117521300567116,0.3696270027655664,0.31862086717772187
156,0.3096566553598379,0.3667209542279198,0.32362239041224233
157,0.31270879860898626,0.36531685117002327,0.32197435022099047
158,0.31070133727076354,0.3695200017770737,0.31977866095216284
159,0.30899524813369933,0.3713174167031512,0.31968733516314957
160,0.309179378984301,0.36825223700033216,0.32256838401536686
161,0.309953951374184,0.3666267209078882,0.3234193277179277
162,0.3098029288520632,0.36599385864628664,0.3242032125016501
163,0.31109950719891816,0.3659617634898885,0.3229387293111934
164,0.31013298787054827,0.36566112133138645,0.32420589079806533
165,0.30824531828880264,0.3679467185918086,0.32380796311938886
166,0.30777801028841467,0.3670343498062402,0.32518763990534516
167,0.30681897652217693,0.3667180554036584,0.3264629680741646
168,0.3054681079156069,0.36866235337127656,0.3258695387131166
169,0.3065553482371395,0.37124260811720383,0.3222020436456566
170,0.30910658308674743,0.3719448325327702,0.31894858438048235
171,0.3025475825716974,0.37605261959750746,0.321399797830795
172,0.3042977795687591,0.37842295002889736,0.3172792704023435
173,0.30087267427373,0.3806390198955144,0.3184883058307557
174,0.30043544294684016,0.37559177676003336,0.32397278029312643
175,0.301025580983383,0.37530615112735766,0.32366826788925945
176,0.29885114046670713,0.37448086466950553,0.32666799486378717
177,0.30206132255287943,0.37313977502353624,0.32479890242358445
178,0.3077510867271852,0.36969061641155215,0.32255829686126253
179,0.30994346773943593,0.3655423384531952,0.3245141938073689
180,0.30950176441888744,0.3658062181196279,0.3246920174614845
181,0.30687765772800596,0.3763108443155313,0.3168114979564627
182,0.30649778072116435,0.3762189535153066,0.3172832657635291
183,0.298224589583143,0.38523213699548353,0.31654327342137356
184,0.29964152641487435,0.38111275942454986,0.31924571416057573
185,0.30377428640048754,0.3752871758654612,0.32093853773405123
186,0.3026610869067438,0.37762303623894794,0.31971587685430813
187,0.3031240511467692,0.3761581108424494,0.3207178380107814
188,0.304192301798159,0.37662686172731275,0.31918083647452833
189,0.3090518822866366,0.37565357204669136,0.31529454566667214
190,0.3034362698479667,0.3806696068867615,0.31589412326527183
191,0.3019224969834594,0.38140182401042055,0.3166756790061199
192,0.30126622142371906,0.38356257191321874,0.3151712066630621
193,0.30117939983700037,0.3825883918112842,0.31623220835171545
194,0.2978886899474844,0.3834535921731469,0.3186577178793687
195,0.2992730279746292,0.38281123159250013,0.3179157404328708
196,0.29988374049355665,0.3822447275134462,0.3178715319929973
197,0.2962333662537705,0.3821368455118901,0.3216297882343394
198,0.2961174952660092,0.38345378366681826,0.32042872106717246
199,0.2897954127153466,0.3902639003691199,0.31994068691553357
200,0.2872836612805833,0.3911776966496741,0.3215386420697427
201,0.28638529929846157,0.3922002895713841,0.3214144111301544
202,0.2843083493948084,0.39553895273335327,0.3201526978718383
203,0.3222884133468218,0.359080898529962,0.31863068812321627
204,0.3188791647445094,0.3612604864710691,0.31986034878442154
205,0.320264951943787,0.35944718050351276,0.3202878675527002
206,0.3166123345043308,0.3639002016655443,0.3194874638301249
207,0.31508640105117897,0.36319775296280404,0.321715845986017
208,0.3129532796244548,0.3614816749950373,0.32556504538050784
209,0.3147847581245824,0.357519103621395,0.3276961382540225
210,0.31229007180871565,0.3701295332889723,0.317580394902312
211,0.30600583632228623,0.36657828960658545,0.32741587407112827
212,0.3020400664146239,0.37140028064615793,0.3265596529392181
213,0.3020432215090172,0.36960339240980516,0.32835338608117765
214,0.306125425055727,0.36780201335190116,0.32607256159237197
215,0.30497463458198415,0.3699831359850094,0.32504222943300654
216,0.30740218294433624,0.3705822831182901,0.32201553393737375
217,0.301179450867928,0.3741583582071447,0.3246621909249272
218,0.2993419480415954,0.37549865123131265,0.325159400727092
219,0.29937385715684106,0.37751378457852625,0.3231123582646327
220,0.29711977156286695,0.37959354263103506,0.32328668580609804
221,0.29823915249953015,0.38071259173448857,0.3210482557659813
222,0.29233094696632067,0.38188237355798765,0.32578667947569173
223,0.2923054381675251,0.38503731360152693,0.32265724823094805
224,0.2878303145975037,0.38989789368462546,0.3222717917178708
225,0.285987242826681,0.3914285360666069,0.32258422110671225
226,0.2809246552467534,0.3876515005691874,0.33142384418405935
227,0.28454326541139163,0.38296620125663466,0.3324905333319735
228,0.28536581034719166,0.38304530198989756,0.3315888876629108
229,0.29213964536728276,0.38118383215204793,0.32667652248066936
230,0.2981187287418685,0.3821053712489028,0.3197759000092286
231,0.29660658926269234,0.3770603753391933,0.32633303539811426
232,0.29711440840724335,0.38016400162587594,0.32272158996688083
233,0.297325095444651,0.383504809779872,0.319170094775477
234,0.29299226623208785,0.38416744670676456,0.3228402870611474
235,0.2946240903641076,0.37781858032190874,0.3275573293139838
236,0.2970909416941375,0.3768280254907735,0.32608103281508904
237,0.28642577374444883,0.3939189430441111,0.31965528321144
238,0.28340707809858695,0.3886513635313359,0.3279415583700772
239,0.2898721274770697,0.382089990976888,0.3280378815460422
240,0.2813276972200303,0.38452233318962725,0.3341499695903425
241,0.2891151108270989,0.37907919890562913,0.331805690267272
242,0.2943076181556038,0.37538870251658635,0.3303036793278098
243,0.2933720835245955,0.37484460419324744,0.33178331228215713
244,0.29369510645345887,0.37311617815208376,0.33318871539445727
245,0.2932556274346593,0.3754539849705984,0.3312903875947423
246,0.2929832503695473,0.3755829630911609,0.33143378653929184
247,0.2897266096332502,0.38024850695984225,0.33002488340690767
248,0.2903781888154451,0.38189502918275015,0.3277267820018048
249,0.2891326747210551,0.3823648714434006,0.3285024538355443
250,0.2894727974702711,0.3802120550078262,0.3303151475219028
251,0.289649225755333,0.38300075738782247,0.3273500168568446
252,0.289107383920349,0.3816176368134044,0.3292749792662465
253,0.2924072689489107,0.3842843285878103,0.32330840246327897
254,0.2971224024063059,0.38057761554592323,0.3222999820477709
255,0.29421258098794695,0.3767682551244542,0.3290191638875987
256,0.30166068851558814,0.36994914148387503,0.3283901700005367
257,0.31443972934819886,0.3598994743976076,0.32566079625419364
258,0.31403742293444187,0.36167685197919924,0.32428572508635894
259,0.3143392762194204,0.364638928218177,0.3210217955624025
260,0.31625424504635724,0.36063668081331995,0.32310907414032275
261,0.31761849181995594,0.35245925459110933,0.32992225358893473
262,0.32649492457805074,0.34541783392235453,0.3280872414995948
263,0.32634053117885603,0.34673291232252273,0.3269265564986212
264,0.33378714111505675,0.34335346965258,0.32285938923236324
265,0.33403129819732386,0.34274350404292536,0.3232251977597509
266,0.33152333135385287,0.345319183896932,0.3231574847492151
267,0.3359863848693675,0.3416786851185093,0.3223349300121232
268,0.3354283498291991,0.3455062015519924,0.31906544861880853
269,0.33294598965515254,0.3479781669237143,0.31907584342113304
270,0.3267657830084772,0.3485330365284209,0.324701180463102
271,0.32371436812281,0.35418323911153515,0.32210239276565483
272,0.3217751752703964,0.35434757584574633,0.3238772488838573
273,0.3143093752590516,0.3616490744093121,0.3240415503316362
274,0.3162098602063338,0.3636615514021991,0.32012858839146713
275,0.31715230559934987,0.363347312653257,0.3195003817473931
276,0.31709250089291613,0.3605669840084616,0.32234051509862227
277,0.31522218659300194,0.3681969372693669,0.3165808761376311
278,0.30568574697228407,0.37461992286374585,0.31969433016397014
279,0.3099611056566829,0.37242494627106754,0.31761394807224963
280,0.31214388735782783,0.3686748291077965,0.3191812835343757
281,0.3139609824474063,0.3685582506580131,0.31748076689458055
282,0.31009348094057054,0.3693071442295768,0.3205993748298526
283,0.3099462194671796,0.36804002492282045,0.32201375561
284,0.3093662557546078,0.3692225328236188,0.32141121142177337
285,0.3088599458711066,0.3669433851345865,0.3241966689943068
286,0.31173139116493775,0.36277681215938806,0.32549179667567424
287,0.31356842453402173,0.3598861765720836,0.3265453988938947
288,0.3114571443776101,0.3649116876811558,0.3236311679412343
289,0.30795777195608887,0.3693113934893344,0.3227308345545767
290,0.3077454166678465,0.3703119082979458,0.32194267503420776
291,0.30636375742840805,0.37126200847035934,0.3223742341012327
292,0.3040140459951126,0.3719864786999247,0.32399947530496287
293,0.30310502242126086,0.37442140194427165,0.3224735756344675
294,0.30388420257764975,0.37006707498221747,0.32604872244013283
295,0.3024386019047296,0.3704232810103609,0.3271381170849094
296,0.308141397808359,0.36723326055579886,0.3246253416358422
297,0.306019453537401,0.367693901019302,0.3262866454432971
298,0.30837700774100896,0.36749736183889964,0.32412563042009146
299,0.30886585737314587,0.3644179372072873,0.3267162054195668
300,0.3115917655492714,0.3666094846096858,0.32179874984104273
301,0.30656317453745746,0.3719194181847941,0.3215174072777484
302,0.30461625479625654,0.37028658336238873,0.3250971618413546
303,0.3030054756956274,0.3747001508339516,0.32229437347042106
304,0.3001579221755472,0.37692655465830194,0.3229155231661509
305,0.29955343315660077,0.37226745042381065,0.32817911641958863
306,0.3024611433966698,0.37156487724324383,0.3259739793600864
307,0.3047634211371843,0.37077921987728824,0.3244573589855276
308,0.30254748593108954,0.37080061913237244,0.3266518949365381
309,0.3026887008279361,0.36937843880130405,0.32793286037075986
310,0.30017843265888755,0.37257732988122644,0.3272442374598859
311,0.29830078642737207,0.37337144618325835,0.32832776738936964
312,0.297086713074664,0.37608588969838475,0.32682739722695126
313,0.29751217019773385,0.3762194193718999,0.32626841043036625
314,0.29693215797564687,0.3753034046966172,0.32776443732773586
315,0.29584044669272486,0.3736376904072522,0.33052186290002294
316,0.29605788956260815,0.3740358283474277,0.32990628208996425
317,0.2928541239693189,0.3760783481283669,0.3310675279023142
318,0.2881820898744131,0.38479848188452076,0.3270194282410661
319,0.28849647987338434,0.3801436857596889,0.3313598343669268
320,0.2939704831319388,0.3774344946610661,0.328595022206995
321,0.29565836369720416,0.37745255591809085,0.326889080384705
322,0.2915315066749324,0.3784131486361709,0.33005534468889686
323,0.29195616634013244,0.37851556283949617,0.32952827082037134
324,0.2951993548294109,0.37735924531010034,0.3274413998604888
325,0.2939090521006076,0.38357098826464003,0.32251995963475233
326,0.2876490883704015,0.388412362549171,0.3239385490804276
327,0.2867174699945915,0.3867031553741251,0.3265793746312834
328,0.29087284294839094,0.37902165757242545,0.3301054994791836
329,0.2915726202632331,0.3776141642304784,0.33081321550628856
330,0.29752809708281447,0.3755279187399357,0.32694398417724985
331,0.29709683367001805,0.37520030852778147,0.32770285780220054
332,0.299667813571329,0.37693208208978923,0.3234001043388817
333,0.3119630069533249,0.36471861674287664,0.3233183763037985
334,0.31109150314381706,0.36180506008479196,0.32710343677139114
335,0.31538526928120175,0.35967588842114084,0.32493884229765746
336,0.3131027019246345,0.3614010226666245,0.32549627540874104
337,0.32340894490113536,0.354708692766221,0.3218823623326436
338,0.32941598462638083,0.3515473919469592,0.31903662342665995
339,0.3285973154595287,0.35332385274447214,0.3180788317959992
340,0.3230591495934094,0.3492004108448688,0.3277404395617219
341,0.3290545028587182,0.34689986469917,0.3240456324421118
342,0.3331126837304812,0.3431416412770704,0.3237456749924485
343,0.33138554451848906,0.34914913886245563,0.3194653166190553
344,0.3325785975199807,0.34847537427417563,0.31894602820584367
345,0.3321071144597484,0.3451244891289756,0.3227683964112761
346,0.32804967118649403,0.35259921655512944,0.3193511122583766
347,0.33430538967071816,0.34769634421344703,0.3179982661158348
348,0.3353227041636321,0.34339440248853415,0.3212828933478337
349,0.33489014280196894,0.34739149843226663,0.3177183587657646
350,0.3293162933659589,0.35432443851276857,0.31635926812127246
351,0.32675470134244217,0.35349598032904367,0.3197493183285141
352,0.3209973666209018,0.3668989561623899,0.31210367721670845
353,0.31802185684630785,0.36800855064756166,0.3139695925061305
354,0.3151185304512682,0.36770886036991246,0.31717260917881945
355,0.31865011211858907,0.3644685052360883,0.3168813826453227
356,0.3059314117552754,0.3801675938867731,0.3139009943579516
357,0.30954533328725914,0.37569697189571155,0.31475769481702925
358,0.3105639265712066,0.37394152001306447,0.3154945534157289
359,0.30938545567098497,0.37197851123581804,0.31863603309319694
360,0.31020687920953155,0.36996993628248137,0.3198231845079871
361,0.312147109311673,0.3755136511306459,0.31233923955768117
362,0.3121455821433699,0.37499843620149026,0.31285598165513984
363,0.313394682808947,0.3737947462757801,0.312810570915273
364,0.3097540526863092,0.3778449822198793,0.31240096509381166
365,0.3053260942995014,0.3757111398370123,0.31896276586348626
366,0.3078287509127524,0.37298653802257764,0.31918471106467
367,0.3156167331844234,0.3648000522911806,0.3195832145243958
368,0.3144710480337912,0.3701425353552111,0.31538641661099776
369,0.31443560830790684,0.3675834537371453,0.31798093795494786
370,0.30934369345756735,0.3734556634773337,0.3172006430650989
371,0.30848083491589606,0.37268628666790615,0.3188328784161977
372,0.3101557842100619,0.3726830216317534,0.3171611941581846
373,0.31560239254423134,0.3688840154944799,0.3155135919612886
374,0.31495581182217103,0.3690945204237211,0.3159496677541079
375,0.3125340123481587,0.37361525854828975,0.3138507291035517
376,0.3088053331409863,0.3741489981036621,0.31704566875535156
377,0.3062405393875801,0.37295110074124926,0.32080835987117057
378,0.30463939889874847,0.3743368892918758,0.32102371180937567
379,0.30281760027660337,0.37383550705739205,0.3233468926660045
380,0.30167828046200873,0.3773876901362793,0.320934029401712
381,0.3017001215799566,0.3754283733407911,0.3228715050792524
382,0.3042626103560549,0.3722954202634465,0.3234419693804987
383,0.3051199788959617,0.3746001915462321,0.32027982955780615
384,0.3003459727569333,0.38351200960990306,0.3161420176331635
385,0.29175582827906704,0.3879441524978155,0.3203000192231174
386,0.29458854791264916,0.386729652516031,0.3186817995713198
387,0.2907946880843379,0.38465497831061485,0.3245503336050473
388,0.2944215144449553,0.38472685741648766,0.32085162813855717
389,0.29286942035164903,0.3865388253383811,0.3205917543099698
390,0.28937569636741856,0.3896092347548512,0.3210150688777302
391,0.2898213269717687,0.3897820141231053,0.320396658905126
392,0.29446723679815695,0.38314962080878573,0.3223831423930573
393,0.2912170723746281,0.3866036961543307,0.3221792314710412
394,0.28484788765249336,0.39574655767076744,0.3194055546767392
395,0.3177264178967612,0.36175415932122396,0.3205194227820148
396,0.31149049930951883,0.36451537154557523,0.3239941291449058
397,0.308212433043072,0.370586889619406,0.321200677337522
398,0.30232779769814194,0.3721725797691244,0.32549962253273357
399,0.30395843915451387,0.37162846774027425,0.32441309310521194
400,0.30415843440831547,0.37008641564818273,0.3257551499435017
401,0.306683256229333,0.36756574576827894,0.325750998002388
402,0.3083212257731454,0.36538284359116835,0.3262959306356863
403,0.30694065017810684,0.36646222023916447,0.3265971295827288
404,0.30904307461414215,0.3637640006967634,0.32719292468909433
405,0.307675576306532,0.3655635848482983,0.32676083884516965
406,0.3041750221106674,0.3671496302372207,0.3286753476521118
407,0.30311601422765405,0.3707452031337952,0.3261387826385507
408,0.30389812211469436,0.37391985074727374,0.32218202713803185
409,0.3032697975668692,0.37625901952152874,0.32047118291160226
410,0.3033632495357212,0.3720607837654502,0.32457596669882854
411,0.30649424948731024,0.3697592322583281,0.3237465182543617
412,0.3080171894404414,0.3692803328354155,0.3227024777241431
413,0.30780326397225943,0.3698067237339844,0.32239001229375625
414,0.3066201448372331,0.3735053663596745,0.3198744888030924
415,0.31228255343178885,0.3673146509644526,0.3204027956037585
416,0.3138117165402648,0.3685857985757795,0.3176024848839557
417,0.31611310705500834,0.36645079337040387,0.3174360995745878
418,0.31588999633828774,0.36476686762929955,0.3193431360324127
419,0.3130379307796474,0.3663683881576614,0.3205936810626912
420,0.31686800901165424,0.36380076328113886,0.3193312277072069
421,0.3185083891200864,0.365536196653788,0.3159554142261257
422,0.31285176835696543,0.3664757296469045,0.32067250199613
423,0.3125291536139848,0.3657383798729221,0.321732466513093
424,0.31026122330152894,0.36820340948352165,0.32153536721494924
425,0.31195192414690376,0.3722382694650229,0.31580980638807327
426,0.3218858922889997,0.36328987990323935,0.3148242278077609
427,0.32199657363233836,0.36177684240817337,0.31622658395948827
428,0.322195196087018,0.35879331176932533,0.31901149214365665
429,0.3222717794559116,0.35933477509899303,0.3183934454450953
430,0.3217442806183696,0.36047580860371703,0.3177799107779134
431,0.32419415248148287,0.35816560084454363,0.31764024667397345
432,0.32789248315687897,0.35757395820416,0.314533558638961
433,0.32840114058355313,0.3538433603521554,0.31775549906429146
434,0.3342630916715257,0.3448044124531549,0.3209324958753194
435,0.33198251385063826,0.3526578991541488,0.31535958699521294
436,0.33205873481518433,0.351270048265645,0.3166712169191707
437,0.327748300426754,0.35395181026985195,0.3182998893033939
438,0.331624410786113,0.3513093768686835,0.3170662123452035
439,0.33321675191210415,0.34805111421932344,0.31873213386857246
440,0.32845466727288164,0.3470434356718763,0.3245018970552421
441,0.33060007694468396,0.34980708643924596,0.31959283661607013
442,0.33207995232149995,0.3471735029141757,0.3207465447643243
443,0.3313461631710466,0.34797135436896565,0.3206824824599877
444,0.3367201979584202,0.3431052929660987,0.32017450907548106
445,0.33850728656028795,0.34357059527867473,0.31792211816103727
446,0.3376110664603788,0.34685687353501576,0.31553206000460543
447,0.3386013196743278,0.3437176406226483,0.31768103970302397
448,0.3367596795757927,0.34302825433840634,0.32021206608580094
449,0.3443404204122047,0.33546283424005857,0.32019674534773673
450,0.33996743341341906,0.33813771656409014,0.3218948500224908
451,0.3365813086218545,0.3413329120195586,0.32208577935858684
452,0.3393681192364204,0.34282103206217196,0.3178108487014076
453,0.3420461125704562,0.34053499919288477,0.3174188882366591
454,0.3361978389541783,0.3444812074667985,0.3193209535790231
455,0.32893265646703385,0.3502808381989459,0.3207865053340202
456,0.3285214276139838,0.3513141722943327,0.3201644000916834
457,0.32669854186868363,0.3496378563512537,0.32366360178006276
458,0.3284651610982795,0.3494803691447075,0.32205446975701296
459,0.32272801431454495,0.35328590439819374,0.3239860812872615
460,0.3252024404058584,0.3494652404895085,0.32533231910463306
461,0.33298458675242354,0.3448235408530181,0.3221918723945585
462,0.3365208063073728,0.33701940933890856,0.3264597843537186
463,0.3362249823613421,0.338659164852457,0.3251158527862008
464,0.3356293462828775,0.3381426371057994,0.3262280166113231
465,0.337119664109258,0.34113839207193475,0.3217419438188072
466,0.3350129200547016,0.34192788928041157,0.32305919066488686
467,0.3349135738557215,0.33989106267464164,0.32519536346963684
468,0.3288546466366751,0.3495174594253386,0.32162789393798624
469,0.3286705547537938,0.3509147890694079,0.3204146561767984
470,0.33057468579874283,0.3489833272448691,0.32044198695638815
471,0.3220155637731721,0.3570721846635887,0.3209122515632392
472,0.3224100999285304,0.3559070686938687,0.3216828313776009
473,0.3213345009663346,0.3528314435757248,0.32583405545794053
474,0.32150845966831854,0.35461380114835983,0.3238777391833216
475,0.3202877256295102,0.3530649967554511,0.32664727761503876
476,0.3186293185012451,0.35699497356599075,0.32437570793276427
477,0.31875969252557157,0.3588463259593527,0.3223939815150757
478,0.31827726810816176,0.35774680952070165,0.3239759223711365
479,0.31943262148304935,0.3572019753580286,0.3233654031589221
480,0.31989432405628326,0.35639771147041405,0.32370796447330275
481,0.3152557497227598,0.35806235863037805,0.326681891646862
482,0.3271823123890057,0.3411675273408136,0.33165016027018074
483,0.33766346855804275,0.33359786883029263,0.3287386626116646
484,0.337732004839234,0.32970502026685444,0.33256297489391146
485,0.3415407069368815,0.3283057948405957,0.3301534982225227
486,0.34527440938009507,0.3267306296889832,0.3279949609309219
487,0.34529533063631235,0.3263775623024802,0.32832710706120743
488,0.3473183163334138,0.3293807640378608,0.32330091962872537
489,0.3461910207739363,0.33147911103338423,0.3223298681926795
490,0.3453256418829391,0.3310030893193651,0.3236712687976958
491,0.34675080046505075,0.32918295690075616,0.3240662426341931
492,0.3520582026422306,0.32066653463553546,0.3272752627222339
493,0.31959204900945776,0.3531116417701557,0.32729630922038655
494,0.3221380630426573,0.3537495593594084,0.32411237759793426
495,0.32171799705155574,0.35266431378111224,0.32561768916733197
496,0.3213782944128393,0.3555545987248095,0.32306710686235096
497,0.32143307721466524,0.35303695074380953,0.3255299720415252
498,0.3201539274645605,0.3546522943801351,0.3251937781553044
499,0.3234714181942705,0.3551130596871387,0.32141552211859076
500,0.3250555113015767,0.3525636410665934,0.32238084763182984
501,0.324109909730785,0.3542852040531469,0.321604886216068
