,HA,WBA,INCY,BIDU,TCOM,AAPL,COST
HA,0.0010237373415910365,7.12274667134179e-05,0.00016597952006777895,0.0001850287827103049,0.00023780812289088407,4.298716998930818e-05,6.503557209285051e-05
WBA,7.12274667134179e-05,0.00031347987968174186,6.0980256958247556e-05,5.484369601739621e-05,4.7872792102658176e-05,8.967651397380452e-05,2.8256192441997906e-05
INCY,0.00016597952006777895,6.0980256958247556e-05,0.0007779733799382967,0.0001916299383135883,0.00019658912379450448,5.7017223099612575e-05,7.44486127144215e-05
BIDU,0.0001850287827103049,5.484369601739621e-05,0.0001916299383135883,0.0006572549331696476,0.00033162877182496965,6.483667665665009e-05,7.010807774948785e-05
TCOM,0.00023780812289088407,4.7872792102658176e-05,0.00019658912379450448,0.00033162877182496965,0.0008178938134906433,5.8481580456257785e-05,5.3620884136503855e-05
AAPL,4.298716998930818e-05,8.967651397380452e-05,5.7017223099612575e-05,6.483667665665009e-05,5.8481580456257785e-05,0.0003126769380595342,1.3430403593692299e-05
COST,6.503557209285051e-05,2.8256192441997906e-05,7.44486127144215e-05,7.010807774948785e-05,5.3620884136503855e-05,1.3430403593692299e-05,0.00014816889650431575
