,HA,WBA,INCY,BIDU,TCOM,AAPL,COST
HA,0.02898724562998582,0.004858227576042822,0.0039301009826625,0.007635168951135475,0.007877260169085885,0.0023791768279629918,0.0011899141128416727
WBA,0.004858227576042822,0.007642757165375146,0.0031534905455665547,0.0027747139740258585,0.001514541808966202,0.0008372360925191954,0.001066825172790662
INCY,0.0039301009826625,0.0031534905455665547,0.02215125632723059,0.003992395901119575,0.004486241598717821,0.002935601032507245,0.0007252006229686555
BIDU,0.007635168951135475,0.0027747139740258585,0.003992395901119575,0.02207928573468126,0.011378618269098055,0.005841920625360017,2.298272168488317e-05
TCOM,0.007877260169085885,0.001514541808966202,0.004486241598717821,0.011378618269098055,0.02472583165992458,0.0031069745797537573,0.0003467529076768242
AAPL,0.0023791768279629918,0.0008372360925191954,0.002935601032507245,0.005841920625360017,0.0031069745797537573,0.009376873236733365,0.0022214829114765803
COST,0.0011899141128416727,0.001066825172790662,0.0007252006229686555,2.298272168488317e-05,0.0003467529076768242,0.0022214829114765803,0.003385213393950189
