,0,1,2
0,0.18523870853857943,0.5994996691431677,0.21526162231825283
1,0.18680766848751257,0.597563888030943,0.21562844348154445
2,0.1821215178516003,0.5962264174654451,0.22165206468295454
3,0.18755518723401102,0.5859826835303503,0.2264621292356387
4,0.19295579130468488,0.5817974910861293,0.22524671760918574
5,0.1950132368341777,0.5785756510681219,0.2264111120977004
6,0.20234537045725617,0.5773166434434572,0.2203379860992866
7,0.20220560428232387,0.5812740850895265,0.2165203106281496
8,0.2040257242078958,0.5791539943918993,0.21682028140020487
9,0.2048019542657864,0.5810525958937365,0.2141454498404771
10,0.17568484992898764,0.6011707175890728,0.22314443248193963
11,0.17269600854316422,0.6023296778968187,0.22497431356001707
12,0.173261793477955,0.6068119103900671,0.21992629613197784
13,0.17179997837954272,0.600862980237263,0.22733704138319413
14,0.17915118116796588,0.5969638265854109,0.22388499224662317
15,0.17867927959743068,0.6004917144421787,0.22082900596039054
16,0.1760398325473372,0.6034549833401422,0.22050518411252057
17,0.17656377255333403,0.6063888510724934,0.21704737637417262
18,0.17861385702894406,0.605475267783039,0.21591087518801694
19,0.1786972615667061,0.6024750599991654,0.2188276784341285
20,0.17626069562368832,0.6028387473567706,0.22090055701954106
21,0.1772471085947278,0.6055816566414831,0.2171712347637891
22,0.1770792487288506,0.6060982803645338,0.2168224709066154
23,0.16988863232119933,0.606612009320952,0.22349935835784873
24,0.16715887441375904,0.6046961280443726,0.2281449975418685
25,0.16894825955901466,0.6107106547694864,0.22034108567149902
26,0.16444396097613953,0.6149587764816918,0.2205972625421686
27,0.16564244400202882,0.6126221683550114,0.22173538764295977
28,0.1657693044447002,0.6140487127306782,0.22018198282462162
29,0.15922035551876423,0.6184313321260358,0.22234831235519997
30,0.15741048341531666,0.6183791887502362,0.22421032783444708
31,0.15866011750670359,0.6213385983436281,0.22000128414966824
32,0.15969294212888474,0.6216161069668682,0.21869095090424698
33,0.15421495626111636,0.6196200481842752,0.22616499555460848
34,0.15685120621492304,0.6157080347058578,0.2274407590792191
35,0.15654325435911454,0.611895048525864,0.23156169711502148
36,0.15948051300145283,0.6109342337936298,0.22958525320491746
37,0.16023224476664633,0.6084828342488878,0.2312849209844659
38,0.15955134822802333,0.6073065941191031,0.23314205765287366
39,0.1610315086732601,0.6068253989827619,0.232143092343978
40,0.1636321476858178,0.6081025441747263,0.22826530813945592
41,0.1644077197134041,0.6017799995005125,0.23381228078608338
42,0.17106633817621647,0.5955090568521435,0.23342460497164005
43,0.174221605075833,0.5952163997754625,0.23056199514870443
44,0.1711698421936332,0.5986109556761638,0.23021920213020292
45,0.16993420556518973,0.6037042196373369,0.22636157479747343
46,0.16787762832455141,0.6052750714605656,0.22684730021488286
47,0.16733472775532823,0.6078886839804482,0.2247765882642236
48,0.16674958161942025,0.6046105056982287,0.228639912682351
49,0.1679271804530354,0.6028745885496672,0.22919823099729744
50,0.16736724774444978,0.6044263961586263,0.2282063560969239
51,0.17025317877787277,0.6032498018817698,0.22649701934035735
52,0.16784995409844025,0.6056540525364057,0.22649599336515405
53,0.17242013967918757,0.6057294978187581,0.2218503625020543
54,0.16430777364721572,0.6128606889145084,0.22283153743827586
55,0.16562696121539727,0.6136062870296389,0.2207667517549638
56,0.16258292125567453,0.6171180447651375,0.22029903397918799
57,0.16009179410101515,0.6176281660915297,0.22228003980745517
58,0.1592194534846232,0.6214694474137528,0.21931109910162394
59,0.16140167465407793,0.6186663013487802,0.21993202399714193
60,0.16017156257172976,0.6187434260878785,0.2210850113403917
61,0.16590678756386934,0.6174724920285027,0.21662072040762773
62,0.1641251375422272,0.6209608374955882,0.21491402496218465
63,0.16435283481422247,0.6206159411250449,0.2150312240607327
64,0.16549655414796788,0.6226614546261129,0.21184199122591924
65,0.1580962904313586,0.6251242395833904,0.21677946998525122
66,0.15792089983520605,0.6278708075434348,0.21420829262135926
67,0.1575231908248801,0.6290484674631591,0.21342834171196082
68,0.1570874215942746,0.6279961148631824,0.21491646354254285
69,0.15698550226096908,0.62408308863012,0.218931409108911
70,0.15507632988767048,0.6260504145072858,0.21887325560504375
71,0.15478358210963125,0.628121711363028,0.21709470652734073
72,0.1550951156882423,0.6273995511096614,0.2175053332020963
73,0.1537574275731675,0.6256574126750635,0.22058515975176912
74,0.15308945083071626,0.62689413404636,0.2200164151229238
75,0.15403597139003314,0.6259983397082789,0.21996568890168797
76,0.15295545173060726,0.6249892683900025,0.22205527987939042
77,0.15417216680383755,0.6219277257191678,0.22390010747699468
78,0.15412762071807684,0.6245992783695713,0.2212731009123519
79,0.15418408521576538,0.6237816927506754,0.2220342220335592
80,0.1531629900241171,0.62627322554412,0.22056378443176283
81,0.15334055159266338,0.624565369603138,0.22209407880419862
82,0.18265794809171598,0.5976301876121142,0.2197118642961698
83,0.1791981534879701,0.6020482938726713,0.2187535526393586
84,0.17988186038057624,0.5998524760243605,0.22026566359506322
85,0.1764735590386125,0.6046958880944865,0.21883055286690106
86,0.17583918029762516,0.6049778233868197,0.21918299631555516
87,0.1772656031850475,0.605378607670015,0.21735578914493756
88,0.17855832254135787,0.604518322436937,0.21692335502170507
89,0.1794385072645667,0.5978921571258281,0.22266933560960528
90,0.17694368039391908,0.601190369471205,0.22186595013487612
91,0.17586739216264033,0.6052323810763799,0.21890022676097967
92,0.1761583364816606,0.6055081715628189,0.21833349195552054
93,0.17670859550081308,0.6055803675976368,0.2177110369015501
94,0.17762682358975393,0.603718163193666,0.21865501321658012
95,0.17568547285877611,0.6032851351498962,0.22102939199132768
96,0.17683190226704543,0.6026944022708309,0.2204736954621236
97,0.1760009443757542,0.6041636754075571,0.2198353802166888
98,0.17557411316789398,0.6057320141349746,0.21869387269713159
99,0.17528544067792393,0.6051126908633888,0.2196018684586872
100,0.17499100895797984,0.6070414185532222,0.21796757248879794
101,0.17703746699990167,0.5995121020407888,0.22345043095930964
102,0.17746997521446733,0.600913218708748,0.22161680607678466
103,0.17710424859565002,0.6034165600058103,0.21947919139853966
104,0.17588921000967583,0.6044414783549968,0.2196693116353274
105,0.17468620093261125,0.6060152951261644,0.21929850394122447
106,0.17582025270146295,0.5987427527101893,0.22543699458834782
107,0.17615431138925924,0.5987765160341758,0.22506917257656492
108,0.18249355315302696,0.5967406003569484,0.22076584649002448
109,0.18100992216026557,0.5966404461473979,0.2223496316923366
110,0.17685559768695314,0.6035002048589538,0.21964419745409308
111,0.176289688549453,0.6046098611337408,0.2191004503168061
112,0.17619199229125437,0.6045110016289815,0.21929700607976418
113,0.17727903906657982,0.6011111485024973,0.2216098124309229
114,0.17578714039659443,0.6044415818076596,0.21977127779574596
115,0.1764728210275166,0.6006958169788554,0.22283136199362802
116,0.1743956050737132,0.6028518177541364,0.22275257717215025
117,0.17287350727742146,0.6059020923642525,0.221224400358326
118,0.17291162261051574,0.6057111935053279,0.22137718388415642
119,0.17243656207662197,0.6042011487285925,0.2233622891947855
120,0.17148046432448596,0.6045904347614148,0.2239291009140992
121,0.17148651607254473,0.6077229035112144,0.22079058041624086
122,0.17129785418179508,0.6104988149216798,0.21820333089652522
123,0.17237428824298334,0.6095288425343229,0.2180968692226937
124,0.17272688445141282,0.6090158655852617,0.21825724996332543
125,0.1717539760934831,0.612354671062936,0.21589135284358088
126,0.17188164419662208,0.6126869352707267,0.2154314205326512
127,0.16435617214088036,0.6180348300038602,0.2176089978552596
128,0.16404161132636483,0.6206170140865581,0.21534137458707703
129,0.1624866180205316,0.6226154296941111,0.21489795228535735
130,0.15752662939100237,0.6214490944469627,0.22102427616203504
131,0.15796483006144177,0.6219249744553152,0.220110195483243
132,0.15759167753282605,0.6248609115943017,0.21754741087287233
133,0.1570925673824195,0.625723211360119,0.21718422125746167
134,0.15191496047374717,0.6277323186593046,0.22035272086694824
135,0.15136760949695235,0.6312319172802806,0.21740047322276704
136,0.15019452284621598,0.6295007374894384,0.2203047396643457
137,0.15050378289215763,0.6289329398401287,0.22056327726771371
138,0.1501457003456282,0.6312615724113511,0.21859272724302065
139,0.14854211652423166,0.633329300758098,0.21812858271767022
140,0.17649394969362406,0.6035623241565617,0.21994372614981417
141,0.17670187586431546,0.6058581463065301,0.21743997782915436
142,0.17639674164006602,0.6017902904066517,0.2218129679532824
143,0.17593456682563027,0.6045635639283005,0.2195018692460692
144,0.17485571186461776,0.607129375165119,0.2180149129702632
145,0.174502078962609,0.6047735348183713,0.2207243862190197
146,0.1732531358795851,0.6090544666835251,0.21769239743688973
147,0.17355608939258715,0.6100773947408991,0.21636651586651368
148,0.16593393665946177,0.6151981818726695,0.2188678814678689
149,0.1670541727917425,0.6143763928970433,0.21856943431121423
150,0.16154631831184424,0.6165750780146237,0.2218786036735321
151,0.16177208326827497,0.6210252558904213,0.21720266084130366
152,0.15621805388606352,0.6230198172201985,0.22076212889373786
153,0.1559862021562459,0.6235793140600978,0.22043448378365627
154,0.1551842075310535,0.6237999588664125,0.221015833602534
155,0.1538633224066316,0.6254511020528016,0.22068557554056686
156,0.15321020622097667,0.6220810893149623,0.22470870446406097
157,0.15503287955260486,0.6209511175514948,0.22401600289590035
158,0.15332903232593983,0.6252061170334479,0.22146485064061242
159,0.15216208141751258,0.6269082062988589,0.22092971228362862
160,0.15272518596791684,0.6236623555140507,0.2236124585180325
161,0.1533808836519664,0.6220168758687957,0.2246022404792379
162,0.15339881315458692,0.6213184829088141,0.22528270393659905
163,0.15408567561223324,0.6214449315966714,0.22446939279109535
164,0.153623625432597,0.6210017561903599,0.225374618377043
165,0.15228198742636218,0.6232194174223042,0.2244985951513337
166,0.15217585812700254,0.6221840552887999,0.22564008658419746
167,0.1574755611709416,0.621725866818068,0.22079857201099046
168,0.1564378070155973,0.6236491449150517,0.21991304806935097
169,0.15661142984545423,0.626481236479508,0.2169073336750378
170,0.152273638043863,0.627479177973407,0.22024718398272997
171,0.1512990942449461,0.6317381998496676,0.21696270590538638
172,0.14643118059522467,0.6344033811751775,0.2191654382295979
173,0.14728479740518657,0.6370334015289061,0.2156818010659073
174,0.1478019282385221,0.6317114251288152,0.22048664663266274
175,0.14815111466791223,0.6314819260177741,0.2203669593143137
176,0.14714222821400716,0.6303558158810052,0.2225019559049877
177,0.1459198062066566,0.6286194743219594,0.225460719471384
178,0.15192185252614027,0.6249018655262489,0.2231762819476108
179,0.15370755897697574,0.620730614194438,0.2255618268285864
180,0.15916108190055092,0.6209597308827232,0.2198791872167259
181,0.14615231114518457,0.6329085070580519,0.22093918179676358
182,0.1459723360988637,0.632758048515657,0.22126961538547937
183,0.13814671533108874,0.6418384661335717,0.2200148185353397
184,0.13940652112928306,0.6377356505381494,0.2228578283325675
185,0.14227450574519987,0.6321875199202754,0.22553797433452466
186,0.14139197943819296,0.6345016921992955,0.22410632836251165
187,0.14182707473844333,0.6330168891399206,0.22515603612163618
188,0.14229706426364847,0.6336728942244986,0.2240300415118529
189,0.17430309711999692,0.5987094941576039,0.22698740872239914
190,0.17345158222567952,0.6040417166786674,0.22250670109565315
191,0.1724402039998227,0.6046913744520066,0.22286842154817066
192,0.17172328669578807,0.6069080923928082,0.2213686209114038
193,0.17181910614005366,0.6058790493919076,0.22230184446803877
194,0.16788629088427096,0.6069575532640539,0.22515615585167523
195,0.16879491261407104,0.6064021559501348,0.22480293143579425
196,0.16923823251064515,0.6058587094448868,0.22490305804446792
197,0.16710663553171964,0.6054285902201231,0.22746477424815734
198,0.16684578427449792,0.6068040740016533,0.22635014172384893
199,0.16528555050396618,0.6138328452679305,0.22088160422810338
200,0.16367163547396893,0.6145892232518629,0.22173914127416802
201,0.16299533538276775,0.615574647850467,0.22143001676676535
202,0.16129888656197658,0.6188414218897125,0.21985969154831098
203,0.1603519378129117,0.621344582375217,0.21830347981187143
204,0.15819412526096674,0.6232974677445183,0.21850840699451501
205,0.15922378397176115,0.6215045324692573,0.2192716835589816
206,0.1545107373285125,0.6264775766677176,0.21901168600376988
207,0.15383165795134837,0.6255349991498668,0.2206333428987848
208,0.15299787970428,0.6234255410738077,0.22357657922191237
209,0.15677709357391711,0.6186907164547772,0.2245321899713055
210,0.18131273810863094,0.596541782319177,0.2221454795721922
211,0.18293071895279694,0.5922943746845123,0.22477490636269076
212,0.17969161209777107,0.5971994667886794,0.22310892111354944
213,0.17999263029474646,0.5952994953759746,0.22470787432927888
214,0.18279628798788797,0.5936028935655464,0.22360081844656576
215,0.181722694214671,0.5958559939190785,0.22242131186625036
216,0.18310686850481384,0.5966178966028771,0.2202752348923091
217,0.18184687095931573,0.6003303827364095,0.2178227463042747
218,0.1804893160585672,0.6016538178682991,0.21785686607313373
219,0.1755358941225171,0.6037496717979173,0.22071443407956562
220,0.17384506147379966,0.6057893750848463,0.2203655634413541
221,0.1743404867303031,0.6070198166395205,0.21863969663017635
222,0.17365932781712273,0.6081867607707191,0.21815391141215817
223,0.16861650194920533,0.611429695633887,0.21995380241690762
224,0.163730120494399,0.6164633744010908,0.2198065051045103
225,0.16242429968259536,0.6179042278993608,0.2196714724180438
226,0.16455851836420646,0.6136712249581711,0.22177025667762262
227,0.17364978309167875,0.6087814424689078,0.21756877443941341
228,0.17562330959022365,0.6087432846797547,0.2156334057300216
229,0.17548844930224097,0.606989252258468,0.21752229843929113
230,0.1698775176938266,0.6081743781011957,0.2219481042049778
231,0.17442529099426887,0.6027607499819239,0.22281395902380735
232,0.17423707099398444,0.6060287767223275,0.21973415228368817
233,0.173833720213635,0.6095069757872366,0.21665930399912847
234,0.17112743078710918,0.609943267698647,0.2189293015142438
235,0.17310674157344572,0.6034404888182215,0.22345276960833282
236,0.17475532596480883,0.6025451742816585,0.22269949975353256
237,0.16424680187956672,0.6198350395187632,0.21591815860167007
238,0.16323768684333465,0.6142630128873435,0.22249930026932174
239,0.16963824832608812,0.607568705179553,0.22279304649435897
240,0.17360982178814743,0.6095963513946278,0.21679382681722484
241,0.17604315705523108,0.604093878800366,0.21986296414440296
242,0.18140466913207023,0.6002689782007782,0.2183263526671515
243,0.18091281493507658,0.5996799849024619,0.21940720016246157
244,0.18140890019061992,0.5978933246355304,0.2206977751738497
245,0.18073669553483582,0.6003084346152585,0.21895486984990567
246,0.18054479114912517,0.6004347219836614,0.2190204868672134
247,0.17773445162888477,0.6051576058988042,0.2171079424723111
248,0.17786589017100482,0.6068626763439391,0.21527143348505604
249,0.1770156670828327,0.60730976271039,0.2156745702067773
250,0.17758279157076165,0.6051133680906997,0.21730384033853858
251,0.17723096332523214,0.6079734347008638,0.21479560197390407
252,0.17712330578320934,0.6065445537292614,0.21633214048752916
253,0.17399899809253425,0.6093570290510822,0.21664397285638357
254,0.17746986865148476,0.605749464529576,0.2167806668189392
255,0.18115451398443713,0.6016608349767275,0.21718465103883544
256,0.18358335159690908,0.5946230651807058,0.22179358322238504
257,0.19146333988601297,0.5840034377989474,0.2245332223150396
258,0.19089555300630115,0.58589675837545,0.22320768861824888
259,0.19055780746848483,0.5890838333632565,0.22035835916825872
260,0.19246393048133928,0.5848828118433654,0.22265325767529537
261,0.20002177461867743,0.5760777360026111,0.2239004893787115
262,0.1741392224489816,0.6030795272957508,0.2227812502552675
263,0.17380909942524578,0.604513805513148,0.2216770950616061
264,0.1754073576615523,0.6009369383021669,0.22365570403628082
265,0.17565613707482905,0.6002810780491558,0.22406278487601508
266,0.17379066433338033,0.6028958666550466,0.2233134690115731
267,0.1769415173657632,0.5992874879735716,0.2237709946606653
268,0.1759176395117441,0.6034964577849241,0.2205859027033319
269,0.1719929979009075,0.6065421646210781,0.22146483747801443
270,0.1685174831712742,0.6064910038703727,0.22499151295835307
271,0.16587267934141428,0.612368597350576,0.22175872330800964
272,0.16479458416238876,0.6123389538230226,0.22286646201458873
273,0.1625159597828269,0.6200376169303098,0.2174464232868634
274,0.15820994886156936,0.6223632047534711,0.21942684638495966
275,0.15876036308326863,0.6221345241688608,0.21910511274787056
276,0.15918295317115902,0.619134040892406,0.2216830059364349
277,0.15492389583913516,0.6277066725414392,0.21736943161942557
278,0.14496886847548393,0.6346105595457471,0.22042057197876896
279,0.14745724416937336,0.6328700449616425,0.21967271086898404
280,0.14912948877096233,0.6291715068822349,0.22169900434680279
281,0.14537838529411926,0.6292947386270246,0.22532687607885615
282,0.14334369078921322,0.6295024964112279,0.2271538127995589
283,0.14345146229414166,0.6281125761695672,0.22843596153629117
284,0.14299396552861104,0.6292986030724862,0.2277074313989027
285,0.1478634848071074,0.6267585652507536,0.22537794994213903
286,0.1499642400707463,0.6226565513300507,0.22737920859920296
287,0.15135374666250379,0.6197661976262678,0.22888005571122833
288,0.14949855190961886,0.6249256208753831,0.225575827214998
289,0.14705016790387837,0.6291713382811855,0.223778493814936
290,0.14679366458363152,0.6302099637963166,0.22299637162005204
291,0.14595118718185351,0.6310338011064538,0.2230150117116927
292,0.14465295304716647,0.6314844738612834,0.22386257309155003
293,0.1438397288161359,0.6339401471462445,0.22222012403761954
294,0.14486703749511415,0.6294246844539738,0.22570827805091195
295,0.14408123796548777,0.6296081658010038,0.2263105962335085
296,0.14959687098842797,0.6262470667778001,0.2241560622337719
297,0.14843274432878584,0.6264672073249798,0.2251000483462344
298,0.15181728865576727,0.6258629160830339,0.22231979526119877
299,0.1525502077638639,0.6226276430768454,0.22482214915929072
300,0.15363431016839882,0.6253046982743548,0.22106099155724637
301,0.15019602241693436,0.6303373670639385,0.21946661051912714
302,0.14943308925025917,0.6283728751090616,0.22219403564067922
303,0.147935184316107,0.6328351899060041,0.2192296257778888
304,0.14613685251756117,0.6348226685972137,0.2190404788852252
305,0.14651222482450102,0.6298547072586741,0.22363306791682494
306,0.15026499776889635,0.6287926035045425,0.22094239872656116
307,0.15159277763994333,0.6282255377526044,0.2201816846074523
308,0.15545801635851117,0.6279959824140898,0.21654600122739906
309,0.15576217803246903,0.6265189115359888,0.2177189104315421
310,0.15390452646949837,0.6296296549225914,0.21646581860791017
311,0.15277439026723394,0.6302808384556645,0.2169447712771015
312,0.15170219542336158,0.6329836873783616,0.21531411719827684
313,0.1519082471098025,0.6331617440026703,0.21493000888752714
314,0.15174141816413675,0.6321588899318604,0.21609969190400277
315,0.15141755248193006,0.6303274095064059,0.21825503801166402
316,0.15147182106956403,0.6307616110957042,0.21776656783473178
317,0.14944832723797655,0.6325791687545221,0.21797250400750146
318,0.1823054095608814,0.6044384591159898,0.21325613132312882
319,0.18328920536513854,0.5996948534148109,0.21701594122005055
320,0.18725512582172102,0.5969772045651263,0.21576766961315275
321,0.1833497851697006,0.5970155990756622,0.21963461575463727
322,0.18059415218622923,0.597884750091159,0.22152109772261186
323,0.18084435279560873,0.598004031006432,0.22115161619795934
324,0.18307632826245815,0.5969045043355818,0.22001916740196
325,0.176351692108858,0.6032802863751783,0.22036802151596382
326,0.1750802509719842,0.6082327831467835,0.21668696588123237
327,0.17332997770434921,0.606648683669039,0.22002133862661183
328,0.17711065221040773,0.5988879179650533,0.22400142982453905
329,0.17777097967699634,0.5974511765223111,0.22477784380069266
330,0.1818199833761857,0.5955193505182607,0.2226606661055537
331,0.18160479086538514,0.5951582844861075,0.22323692464850728
332,0.17955490952737005,0.596851492050642,0.22359359842198784
333,0.1907556684854612,0.5842440120086597,0.2250003195058791
334,0.19071215262594987,0.5810678389027789,0.2282200084712713
335,0.19536662162076815,0.5787028062283537,0.22593057215087817
336,0.1951977812958218,0.5802117090292457,0.22459050967493246
337,0.20300599857411003,0.5733736430339409,0.22362035839194916
338,0.20746471071705277,0.5701544209622994,0.2223808683206478
339,0.20508864343638905,0.5722751395457392,0.2226362170178717
340,0.2075221159984713,0.5675104866480787,0.22496739735344984
341,0.21188688815981466,0.5651414721379342,0.2229716397022512
342,0.17768060888211337,0.5948565858865356,0.22746280523135104
343,0.175620333488893,0.6013706082604398,0.22300905825066725
344,0.17640973221773973,0.6007452172759065,0.2228450505063538
345,0.17675284419313245,0.5969720443871328,0.22627511141973478
346,0.1977813779410606,0.5685107072646481,0.2337079147942913
347,0.17254184826381552,0.5950235762012219,0.23243457553496258
348,0.17383807796553633,0.5902801042383053,0.23588181779615838
349,0.1753277739294521,0.593992037492712,0.23068018857783598
350,0.17428491837389068,0.6017737138035955,0.22394136782251378
351,0.17299203467676055,0.6005846919427652,0.22642327338047435
352,0.16215749590002984,0.6145622022973777,0.22328030180259245
353,0.16038326185412607,0.6153805885143385,0.2242361496315354
354,0.16195605050478304,0.6154223691108054,0.22262158038441163
355,0.16439790368147908,0.6123336883008353,0.22326840801768563
356,0.1529257036180422,0.6282411827921893,0.21883311358976856
357,0.15550726202072815,0.6239632335299994,0.22052950444927252
358,0.15631401865012143,0.622222196832398,0.2214637845174805
359,0.15597890696134614,0.6199814885153297,0.22403960452332428
360,0.15672197432746804,0.6179307332194149,0.22534729245311708
361,0.15692289122780195,0.6240905474956651,0.21898656127653304
362,0.14975811861557986,0.6242184936235592,0.22602338776086078
363,0.14834366166468668,0.6239228310789279,0.22773350725638541
364,0.14370894799195885,0.6285466693710523,0.22774438263698885
365,0.14177091879981094,0.6255101496807989,0.2327189315193901
366,0.14339356593041863,0.6229751158820838,0.23363131818749758
367,0.153279496362331,0.613468729137706,0.23325177449996284
368,0.1542298120993529,0.6182924509288462,0.2274777369718009
369,0.1545866501653213,0.6155077215263286,0.22990562830835004
370,0.15106132184427334,0.6211383601228838,0.22780031803284304
371,0.158407416178835,0.6193682609612571,0.22222432285990787
372,0.15931698075673406,0.6195551933703604,0.22112782587290547
373,0.16287478488503018,0.6161147644250258,0.22101045068994402
374,0.16248855706071622,0.6162670732578163,0.22124436968146746
375,0.16046425662704555,0.620817337453765,0.21871840591918926
376,0.15835997077564207,0.6209597044409597,0.22068032478339825
377,0.16252546577946758,0.6193954781342347,0.21807905608629774
378,0.16141775040298062,0.6207050040932667,0.21787724550375268
379,0.1604877408284177,0.6200100046257953,0.21950225454578712
380,0.15930253905019517,0.6236253817054838,0.2170720792443211
381,0.1596198617456163,0.6215784307901124,0.21880170746427122
382,0.16153203113406508,0.6185220118696244,0.2199459569963104
383,0.16164226818840807,0.6210258590178397,0.21733187279375218
384,0.15762557890935125,0.6298559681545723,0.21251845293607632
385,0.15535529678147755,0.6341349990394857,0.21050970417903686
386,0.15194045318556665,0.6331250294141992,0.2149345174002341
387,0.15019324351739038,0.6306083790601797,0.21919837742242992
388,0.1543209297785452,0.630467303353978,0.21521176686747673
389,0.15320382622720266,0.6321839726488243,0.21461220112397306
390,0.1487546102936427,0.63552335323633,0.21572203647002736
391,0.14896948537182053,0.6357445751009991,0.2152859395271803
392,0.15243902828352768,0.6293923811143343,0.21816859060213806
393,0.15017779486445906,0.632628545092108,0.2171936600434329
394,0.17764500769741484,0.6076062758687272,0.2147487164338579
395,0.17221872445553918,0.6117589768348658,0.21602229870959497
396,0.1712854696457972,0.6146372979892311,0.2140772323649718
397,0.16023752112988066,0.6214974898818597,0.2182649889882597
398,0.15495393369983196,0.6231025469813881,0.2219435193187799
399,0.15591693423797334,0.622699739481325,0.22138332628070165
400,0.15626414407365866,0.6210881537685828,0.22264770215775856
401,0.15516399511090578,0.6181185185050604,0.22671748638403388
402,0.1611518560216394,0.6159646939168599,0.22288345006150062
403,0.16022137195119907,0.6169799153449704,0.2227987127038305
404,0.16181054545157933,0.614303944878418,0.22388550967000284
405,0.16076860491374023,0.6160939279874376,0.22313746709882215
406,0.15859828904058682,0.6174386694337153,0.22396304152569793
407,0.15745313461794552,0.6211460828423996,0.2214007825396548
408,0.15738111742725833,0.6245668224921339,0.21805206008060782
409,0.1520426121063001,0.6269543284618943,0.22100305943180554
410,0.15271833697548362,0.6225223379585363,0.22475932506598006
411,0.15473538790487748,0.6204391133890015,0.22482549870612106
412,0.15562248545446486,0.6201066615012156,0.22427085304431948
413,0.1554275657742929,0.6206438445194653,0.22392858970624174
414,0.154234376066258,0.6244392122833977,0.22132641165034422
415,0.15821165350161429,0.6185030188376283,0.22328532766075745
416,0.15883331572726678,0.6200459433762617,0.2211207408964715
417,0.16040599120695964,0.6180257536602446,0.22156825513279577
418,0.16055320867570877,0.6161852883480197,0.22326150297627148
419,0.1587654425796866,0.617575178844489,0.22365937857582432
420,0.16123462057000526,0.6152566770682638,0.22350870236173107
421,0.16184162800926863,0.617323168226467,0.22083520376426433
422,0.15864857446927524,0.6176687123616579,0.22368271316906704
423,0.15859075183326768,0.6168373798076746,0.2245718683590576
424,0.15698950623367458,0.6192182582403509,0.22379223552597433
425,0.15727001259027115,0.6237234868428695,0.21900650056685939
426,0.15940749416701736,0.6152942556164853,0.2252982502164973
427,0.15970253258103465,0.6136547287933226,0.22664273862564274
428,0.16497939374352738,0.610404606436484,0.22461599981998862
429,0.16493198195750408,0.6110048681387332,0.22406314990376267
430,0.1644583436170729,0.6121868859009627,0.22335477048196445
431,0.16617076096246605,0.6099526539423864,0.2238765850951475
432,0.16828543071228524,0.6097387006491052,0.22197586863860952
433,0.16919392347198717,0.6056949830904348,0.225111093437578
434,0.1739890120290251,0.5963057981151728,0.22970518985580207
435,0.1713614724981076,0.6048036635882604,0.223834863913632
436,0.1716428045505787,0.6032740364079792,0.22508315904144202
437,0.16881791110403274,0.6057382977419165,0.2254437911540507
438,0.1713970824881708,0.6032668992339323,0.22533601827789684
439,0.17284024323103866,0.5998240730621771,0.22733568370678411
440,0.17522676190777622,0.5981421503343066,0.2266310877579173
441,0.17299156915673927,0.6008953031518139,0.22611312769144687
442,0.17427714811127787,0.598125855519508,0.2275969963692141
443,0.17858379332243676,0.5989350226115222,0.2224811840660411
444,0.18254472817037676,0.5940235500937376,0.2234317217358855
445,0.1834763836146739,0.5947086498970471,0.22181496648827903
446,0.18234600332298956,0.598282084622303,0.21937191205470738
447,0.18350215681024232,0.5948815048935409,0.22161633829621674
448,0.18258179135015729,0.5939411114256912,0.22347709722415146
449,0.18530750772728793,0.5856249567931757,0.22906753547953637
450,0.18731557168055987,0.5882175111055995,0.22446691721384054
451,0.18474310100007735,0.5915128294142135,0.22374406958570917
452,0.1860608444730133,0.5934158913400212,0.22052326418696555
453,0.1880482397268609,0.5910907126928384,0.22086104758030065
454,0.18392113712095542,0.5949904961280263,0.2210883667510181
455,0.17868558124086523,0.6007678247561357,0.22054659400299897
456,0.17826232680038814,0.601865303290884,0.21987236990872794
457,0.18249295527003234,0.5998680148820172,0.21763902984795044
458,0.18354684992168013,0.5998169823315562,0.21663616774676372
459,0.17951070580725217,0.603557078441912,0.21693221575083593
460,0.1816590149266008,0.5995777291805171,0.21876325589288217
461,0.18573387574214517,0.594266403277501,0.21999972098035375
462,0.19456827991913006,0.5858332559046165,0.21959846417625348
463,0.19405274083902294,0.5876403713352779,0.2183068878256993
464,0.193804564719317,0.5870336543809885,0.21916178089969443
465,0.19407367219472713,0.5904350434785153,0.2154912843267576
466,0.19266128475986236,0.5911890900501517,0.21614962518998576
467,0.19301905214149326,0.5889333712664391,0.21804757659206767
468,0.18750289173287338,0.5991448792945471,0.21335222897257952
469,0.18205795812831285,0.6006479008137482,0.21729414105793896
470,0.18352245610727005,0.5986785803548684,0.2177989635378615
471,0.17525760866638385,0.6072309919180017,0.21751139941561456
472,0.1756909581462138,0.6060037005317598,0.2183053413220264
473,0.17563275449010024,0.602578075782313,0.22178916972758667
474,0.17541079346674993,0.6045294067925705,0.22005979974067952
475,0.1749940692510872,0.6027477354163897,0.22225819533252306
476,0.17334993951220234,0.6068731880364172,0.21977687245138042
477,0.17309623788937914,0.6088784778039017,0.21802528430671908
478,0.17301728012081044,0.607655618094582,0.21932710178460738
479,0.17376883266250767,0.6071616875326356,0.21906947980485664
480,0.17417393504298534,0.6063305147412741,0.21949555021574058
481,0.17125054622906496,0.6077507547655744,0.22099869900536065
482,0.18312628871786626,0.5897348378079381,0.22713887347419565
483,0.19478725655748966,0.5811524673705858,0.22406027607192458
484,0.2011824736428742,0.576756030779825,0.22206149557730093
485,0.20381564015508744,0.5753369165065223,0.2208474433383902
486,0.2028106581326798,0.5734638117074368,0.22372553015988325
487,0.2029002201930135,0.5730623695230265,0.2240374102839601
488,0.20347199361283674,0.5765871639460495,0.2199408424411137
489,0.20233565208242826,0.5788986856294789,0.218765662288093
490,0.2019160283333253,0.57831412324783,0.21976984841884467
491,0.20317164101930785,0.5763320109538305,0.2204963480268617
492,0.1766200180463128,0.598537822440546,0.22484215951314127
493,0.17727963362002505,0.5975874210449833,0.22513294533499162
494,0.17863801379254643,0.598486388534553,0.22287559767290052
495,0.17858971032559798,0.5972678305944262,0.22414245907997593
496,0.17787628539165715,0.6003912327222676,0.22173248188607536
497,0.17835796622322528,0.5976523625866049,0.22398967119016988
498,0.17733014691472268,0.5993120992502475,0.2233577538350297
499,0.1791638964857704,0.600078079304444,0.2207580242097856
500,0.18054096684037876,0.5974234760388644,0.2220355571207569
501,0.1796819920731665,0.5992275759802146,0.22109043194661893
