,0,1,2
0,0.021628197626090105,0.8495710362252945,0.1288007661486154
1,0.021862558245732994,0.8488144985649227,0.12932294318934417
2,0.015038395160890256,0.8488557650193956,0.13610583981971405
3,0.022583978999189843,0.8402998756756596,0.1371161453251507
4,0.03020130315426585,0.8362422280029747,0.13355646884275954
5,0.030634181264176844,0.8346314111666056,0.13473440756921762
6,0.030577153482596313,0.8335125645192739,0.13591028199812977
7,0.030454386125636584,0.8364344563001477,0.1331111575742159
8,0.03080837757104812,0.8355496241032855,0.13364199832566648
9,0.030888288045306356,0.8372776145178525,0.1318340974368411
10,0.0005855703282280598,0.8608531416226772,0.1385612880490948
11,0.0005740091788404673,0.8601165405026172,0.1393094503185423
12,0.0005740089558119641,0.86368715241981,0.135738838624378
13,0.0005713934002744205,0.8585667446212819,0.14086186197844372
14,0.009037344032579385,0.85521069352782,0.1357519624396005
15,0.008984991130127837,0.8575401186974098,0.13347489017246228
16,0.001232202045536054,0.8621565738794126,0.13661122407505133
17,0.0012333373002552967,0.8645731853139298,0.13419347738581494
18,0.0012501465202398524,0.86499274085366,0.13375711262610016
19,0.0012538380477996815,0.8628452409622938,0.13590092098990655
20,0.0012345305874812524,0.8618224857650626,0.13694298364745613
21,0.00123943616339911,0.864346749750447,0.13441381408615394
22,0.001237618383558872,0.8646342206076442,0.13412816100879696
23,0.0012408953088223697,0.8652669448205221,0.1334921598706555
24,0.0012209298112711509,0.862515153757215,0.13626391643151403
25,0.0012291677305833182,0.8676832451744845,0.13108758709493215
26,0.0012473637438468865,0.8721037732946108,0.1266488629615424
27,0.0012597945544234885,0.8710995295597741,0.12764067588580233
28,0.0012593298161352163,0.8721379205978609,0.12660274958600384
29,0.0012595972269628033,0.8754142912106839,0.12332611156235333
30,0.001244104037698618,0.8745143762143636,0.12424151974793778
31,0.001251649116590364,0.8770658474985795,0.12168250338483017
32,0.0012602063421564683,0.8777427257856876,0.1209970678721559
33,0.001275788060862858,0.8771740449964935,0.1215501669426436
34,0.0013038958597208058,0.8758669468172945,0.12282915732298472
35,0.0013055150374813645,0.8732382132469189,0.1254562717155998
36,0.0013332338111698991,0.8739798693236924,0.12468689686513769
37,0.0013429797276616922,0.8727224420580428,0.12593457821429546
38,0.0013381848359532373,0.871629450111704,0.12703236505234264
39,0.0013522523572448394,0.8720048661326869,0.1266428815100682
40,0.0013744462080855617,0.8740659661292037,0.12455958766271077
41,0.0013893725697585184,0.8702470046285952,0.12836362280164637
42,0.00138953966551143,0.8656594437296667,0.13295101660482173
43,0.0014180482816562264,0.8669942294597852,0.13158772225855844
44,0.0013866583250257138,0.867839043504739,0.13077429817023542
45,0.0013695504127746495,0.8707104160216289,0.12792003356559647
46,0.0013495701718722842,0.8707785937345477,0.12787183609357994
47,0.0013417327591649002,0.8722807970452667,0.12637747019556833
48,0.0013404410233570847,0.86978308548227,0.12887647349437292
49,0.001352847185678606,0.8691746187537045,0.12947253406061698
50,0.001346085017405066,0.869956924062436,0.12869699092015902
51,0.0013729123021320572,0.870556707485417,0.128070380212451
52,0.001348879677920749,0.8710215964147079,0.1276295239073714
53,0.001324410698603668,0.8697299221615551,0.12894566713984126
54,0.0013082699822927828,0.8741560448918724,0.12453568512583471
55,0.0013188792422776316,0.875289531268721,0.12339158948900128
56,0.0012885529004282776,0.8761601774820089,0.12255126961756277
57,0.0012665214322535577,0.8753031658016474,0.12343031276609914
58,0.0012548662970420315,0.8774230586729904,0.12132207502996745
59,0.001276657228372327,0.8766185713796311,0.12210477139199656
60,0.0012659908391469952,0.8760798321628109,0.12265417699804197
61,0.0012550215624005318,0.8745502480575019,0.12419473038009757
62,0.0012366608504770058,0.8760317360217784,0.12273160312774456
63,0.0012388942823235928,0.8759112314493946,0.12284987426828176
64,0.0012461778515903332,0.8778557814913412,0.12089804065706843
65,0.001239880319767431,0.87928597464697,0.11947414503326266
66,0.0012354842614624648,0.8809953546486603,0.11776916108987721
67,0.001230870518415897,0.8815718167464588,0.11719731273512533
68,0.0012282774220804833,0.8806791897187729,0.1180925328591467
69,0.0012315225465935281,0.878073669744483,0.12069480770892355
70,0.0012132442549488752,0.8784514345656395,0.12033532117941163
71,0.0012086258277459563,0.8796633589996719,0.11912801517258234
72,0.0012120081665135298,0.879341051492334,0.1194469403411524
73,0.0012024695294042959,0.8775670123577713,0.12123051811282433
74,0.0011955516383801374,0.8780575865527662,0.12074686180885359
75,0.0012044793667343706,0.8779223677228813,0.1208731529103843
76,0.0011963597041354022,0.876748629335788,0.12205501096007662
77,0.0012098340633632367,0.8753172148258809,0.12347295111075582
78,0.001206695868678433,0.8770503970235409,0.12174290710778062
79,0.0012080183836254354,0.8765412106665966,0.122250770949778
80,0.0011968065647665668,0.8776870521548586,0.12111614128037476
81,0.001200056221086475,0.8766539447464367,0.12214599903247686
82,0.0011797244545181163,0.8785468237846521,0.12027345176082993
83,0.001198478939398002,0.8830310638265916,0.1157704572340104
84,0.001205964956351184,0.8819410323600391,0.11685300268360986
85,0.0011756649315495672,0.8834637010127254,0.11536063405572497
86,0.001170743894397821,0.8833513586713769,0.11547789743422539
87,0.0011806755338474803,0.8842619477253295,0.114557376740823
88,0.0011910435401895148,0.884310505625071,0.11449845083473956
89,0.0012049325511349909,0.8804764027360105,0.11831866471285454
90,0.001182958857232007,0.8814432865179737,0.11737375462479441
91,0.0011706707893743738,0.8835261115461481,0.11530321766447746
92,0.001172483171520185,0.883835011595421,0.1149925052330588
93,0.0011764030001591306,0.8841338349163886,0.11468976208345227
94,0.0011851414620898748,0.8833720619656834,0.11544279657222668
95,0.0011714774836970878,0.8822029254662209,0.11662559705008202
96,0.0011804787788113498,0.8823532679986332,0.11646625322255538
97,0.0011728107536976703,0.8829077457702075,0.11591944347609481
98,0.0011679958948811828,0.883708710647772,0.1151232934573469
99,0.0011665742024085297,0.8831827135932317,0.11565071220435978
100,0.0011623453105672713,0.8842713046041256,0.11456635008530719
101,0.0011855084660121228,0.8804104773223893,0.11840401421159857
102,0.0011871120778466577,0.8815082228775489,0.11730466504460438
103,0.0011816662101648912,0.8829392784643844,0.11587905532545088
104,0.001171693992572966,0.883033214228591,0.11579509177883593
105,0.0011612464431175406,0.8834808850156317,0.11535786854125071
106,0.0011774580041329394,0.8793556763451748,0.11946686565069223
107,0.0011798640110298956,0.8795311220222255,0.11928901396674456
108,0.001176854383948334,0.8778883039914039,0.12093484162464788
109,0.001166457842786407,0.8771176095421639,0.12171593261504966
110,0.0011777472499145106,0.8828782061182049,0.1159440466318806
111,0.0011724163454566907,0.8833244797799699,0.11550310387457333
112,0.0011718152030878027,0.8832166690331087,0.11561151576380349
113,0.001183472063245299,0.8815470373848959,0.11726949055185869
114,0.0011689520532925288,0.8829864035335536,0.11584464441315383
115,0.0011780523302143192,0.8809098135081519,0.11791213416163389
116,0.0011605808064832684,0.8813339675723396,0.11750545162117708
117,0.0011462754913877204,0.8825780088853402,0.11627571562327207
118,0.0011467547235628724,0.8824742400277237,0.11637900524871352
119,0.0011449317599370777,0.8812961638848883,0.1175589043551745
120,0.0011376054283548402,0.8811064143137858,0.11775598025785926
121,0.001134339264661918,0.8830975462806611,0.11576811445467687
122,0.0011300673504099773,0.8847637408122897,0.11410619183730038
123,0.0011388248769433776,0.8846445504797182,0.11421662464333839
124,0.0011419059679386562,0.8844821971199844,0.11437589691207682
125,0.0011313978982865334,0.8861386697369353,0.11272993236477821
126,0.0011319655164311738,0.8864054205603696,0.1124626139231991
127,0.001119315878891954,0.8892894141089678,0.10959127001214025
128,0.0011143083484389561,0.8907145775426,0.10817111410896109
129,0.001100844980331405,0.8912344615326382,0.10766469348703049
130,0.0011129006123711184,0.8911843156505568,0.10770278373707208
131,0.0011157285372819063,0.8916526565016029,0.1072316149611152
132,0.0011098099846120848,0.8932196763194957,0.10567051369589214
133,0.001105131719803659,0.8935117057932835,0.10538316248691275
134,0.001111056979139731,0.8951394544763804,0.10374948854447992
135,0.03295354675651393,0.8650537856397608,0.10199266760372531
136,0.0024796391799244283,0.8637742792097194,0.1337460816103561
137,0.0024862790604977267,0.8635280070103705,0.13398571392913172
138,0.0024754270019630787,0.865000198035458,0.13252437496257902
139,0.0024428195951954807,0.8656473393437522,0.13190984106105236
140,0.0024519385506009597,0.8684683912149456,0.1290796702344535
141,0.0024503259918514514,0.8701733793911098,0.12737629461703875
142,0.0024541567389195153,0.8671795913300577,0.13036625193102272
143,0.0024413022190310865,0.8688893492870148,0.12866934849395423
144,0.0024195545908714633,0.8701396971719442,0.12744074823718435
145,0.0024190093074688145,0.8683240832383405,0.12925690745419044
146,0.002391285229867567,0.8706799514513748,0.12692876331875758
147,0.0023938067034246636,0.8715379260365861,0.1260682672599892
148,0.002356937942277053,0.8741905359551931,0.12345252610252977
149,0.0023759865925580626,0.8741768539194066,0.12344715948803527
150,0.002375823773275193,0.875787112631912,0.12183706359481286
151,0.0023702396561088965,0.8788067192245608,0.1188230411193303
152,0.0023670273115502503,0.8801314835317382,0.11750148915671144
153,0.0023620675344149526,0.8803826513675804,0.11725528109800458
154,0.0023484937917735175,0.8801584954315264,0.11749301077670023
155,0.002323545278315375,0.8806088498711345,0.11706760485055007
156,0.0023197613645232853,0.8781652811994508,0.11951495743602594
157,0.0023519117359528507,0.8782704449902338,0.11937764327381344
158,0.0023153369561408847,0.8802107681422119,0.11747389490164713
159,0.0022929121800921667,0.8807620336553897,0.11694505416451813
160,0.002308627336694336,0.8789544144145681,0.11873695824873758
161,0.002322681661329527,0.8782016988374154,0.11947561950125506
162,0.0023244031224061833,0.8777632087911386,0.11991238808645527
163,0.0023353804307081876,0.8781559936661372,0.1195086259031545
164,0.002328729765845804,0.8776625401516432,0.12000873008251112
165,0.00230229717995535,0.878471084931224,0.11922661788882055
166,0.0023026609556864685,0.8777619780302145,0.11993536101409896
167,0.0022961591796840874,0.8772627980106238,0.12044104280969216
168,0.002275984955726586,0.878031198875476,0.11969281616879754
169,0.002273160222215333,0.8799471927526958,0.1177796470250889
170,0.002290946120725271,0.881176273835692,0.11653278004358274
171,0.002266699406830259,0.8834217060616327,0.11431159453153718
172,0.0022704668375738896,0.8853460424396671,0.11238349072275904
173,0.0022793779343972015,0.8873329004335629,0.11038772163203985
174,0.0022987504217690372,0.8842934655322536,0.11340778404597726
175,0.002305051195714856,0.8843059340743975,0.11338901472988759
176,0.0022904858987330694,0.8831653473752099,0.1145441667260571
177,0.002273568266496166,0.881551214434858,0.11617521729864584
178,0.002286738904680094,0.8793857605088573,0.11832750058646262
179,0.0023242585394045636,0.8775333886011416,0.12014235285945385
180,0.0023193319608300284,0.8775560876809895,0.12012458035818047
181,0.00234226578095676,0.8866647149284049,0.1109930192906383
182,0.002339492983300264,0.8864961891661651,0.11116431785053461
183,0.0022756227317271382,0.8908036109063998,0.10692076636187288
184,0.002306273186466112,0.8889245142151825,0.10876921259835134
185,0.002368827803347516,0.8868473073619549,0.1107838648346975
186,0.0023481966870124243,0.8878487928907434,0.10980301042224438
187,0.0023590936618624616,0.8871516468478401,0.11048925949029743
188,0.0023660248802333476,0.8877384378572191,0.1098955372625476
189,0.002412494416052836,0.8886384320163133,0.108949073567634
190,0.00238697896831849,0.8914253774783374,0.10618764355334417
191,0.00237041192188358,0.8913880391420608,0.10624154893605559
192,0.0023545695418005874,0.8923865004325402,0.10525893002565927
193,0.002358402211355114,0.891825913211564,0.10581568457708082
194,0.0023725852655480414,0.8929202247677073,0.10470718996674475
195,0.002387738499928726,0.8929679888249049,0.1046442726751664
196,0.0023958001913599505,0.8928350162417622,0.10476918356687788
197,0.002364372979918857,0.8917291486012234,0.10590647841885767
198,0.0023571387926586062,0.8924135390051777,0.10522932220216362
199,0.0023170863025416227,0.8957878948831149,0.1018950188143434
200,0.0022910779272823467,0.895569149813952,0.10213977225876567
201,0.002278685042866028,0.8958547401896446,0.10186657476748938
202,0.00224596662264386,0.8970136434627574,0.10074038991459885
203,0.03521064022673917,0.8650514798551457,0.09973787991811497
204,0.003184350452878973,0.8657456489432414,0.13107000060387974
205,0.003211537742010997,0.8649954802522667,0.13179298200572223
206,0.0032011374926049544,0.8685515228837587,0.1282473396236364
207,0.0031882520811470083,0.8675668256753905,0.1292449222434624
208,0.00317484106065488,0.8656962956220329,0.13112886331731222
209,0.0031583512271025366,0.8617781465954987,0.13506350217739863
210,0.003166145469570332,0.8728974495097057,0.12393640502072394
211,0.003116771591776284,0.8685179634791164,0.1283652649291074
212,0.0030427610951001094,0.870326731712862,0.12663050719203797
213,0.0030535265636656315,0.869171255347511,0.1277752180888233
214,0.003110605438762327,0.8693535377933868,0.1275358567678509
215,0.0030842902679088795,0.8703827009957743,0.12653300873631682
216,0.003108045669672066,0.8715692407843101,0.12532271354601776
217,0.0030743406221649338,0.8734928138932863,0.12343284548454875
218,0.0030455359744283187,0.8737391049468488,0.12321535907872294
219,0.003033986843946885,0.8750036673999304,0.12196234575612275
220,0.0029965693299872963,0.8755658864567628,0.1214375442132498
221,0.0030025992415814995,0.8766115605713054,0.12038584018711314
222,0.002986668645783921,0.8770636201288114,0.11994971122540458
223,0.0029683207606478468,0.8789536776859765,0.1180780015533757
224,0.0029462012750592274,0.8819812883771866,0.1150725103477543
225,0.002916965584796866,0.8823070099040702,0.11477602451113304
226,0.002880944282195519,0.8785552404605466,0.11856381525725786
227,0.002889149118498894,0.8752876073567681,0.12182324352473294
228,0.002839265913928708,0.8739567424831317,0.12320399160293953
229,0.0029242224605478353,0.8749637293693552,0.12211204817009695
230,0.0029852781538942477,0.8774337845450733,0.11958093730103257
231,0.0029975576038358312,0.8738427871840639,0.12315965521210015
232,0.002985271093089338,0.8759245937305364,0.12109013517637429
233,0.0029684876267493197,0.8780316251831792,0.11899988719007137
234,0.0029169380989008194,0.8770559208058815,0.12002714109521784
235,0.002970988418416731,0.873678570525147,0.12335044105643624
236,0.0030043413411556625,0.8738536927878048,0.12314196587103961
237,0.0028463702710440726,0.8823646294369248,0.11478900029203114
238,0.002841529514828391,0.8783418974927594,0.11881657299241227
239,0.002891728688058836,0.8748017937031735,0.12230647760876767
240,0.002784872930089113,0.8735894472076355,0.1236256798622752
241,0.002841226689422681,0.8710139290283037,0.12614484428227374
242,0.002859392098802307,0.8686200034067136,0.12852060449448405
243,0.002852277588724995,0.8679619512036449,0.12918577120763022
244,0.0028653087704324253,0.866952330684833,0.13018236054473456
245,0.0028476769580056452,0.8683154010316325,0.12883692201036184
246,0.002844032599827456,0.8683085567396167,0.1288474106605558
247,0.0027840038060580677,0.8702126200640682,0.12700337612987372
248,0.002782224222102795,0.871462212122136,0.12575556365576115
249,0.0027665339097775322,0.8713511916061788,0.1258822744840436
250,0.0027814930281679215,0.8701067133785236,0.1271117935933085
