,0,1,2
0,0.11772896504670988,0.7246443438342899,0.1576266911190002
1,0.11885378369072529,0.7230811389900211,0.15806507731925354
2,0.11337361661755575,0.722095606956073,0.1645307764263713
3,0.08918227583406357,0.7439054505047279,0.1669122736612085
4,0.1038253989215554,0.7397849900018603,0.15638961107658425
5,0.10516184784123814,0.7372964643898308,0.15754168776893115
6,0.10494605881442311,0.736167645549458,0.15888629563611878
7,0.10464116941693724,0.7395714623392677,0.155787368243795
8,0.10574589752509966,0.7380103336152495,0.15624376885965086
9,0.09835447461061692,0.7397682278396973,0.1618772975496858
10,0.10737267042448106,0.7311010535340898,0.16152627604142897
11,0.10545031064111281,0.731846456812606,0.16270323254628113
12,0.10556978850426865,0.735717508255923,0.15871270323980846
13,0.1131758114765085,0.7305176371735468,0.1563065513499447
14,0.09096078332192273,0.7574938554989635,0.15154536117911382
15,0.09052488863648732,0.760321740494166,0.1491533708693467
16,0.07718426558214173,0.7634086644606313,0.159407069957227
17,0.10005531673394757,0.7354500819874239,0.16449460127862855
18,0.09352054372518344,0.734935595132294,0.17154386114252243
19,0.09368418498934904,0.7322315863457041,0.17408422866494677
20,0.09233165982253878,0.7320779422775607,0.17559039789990047
21,0.09276643906873919,0.7347598863059825,0.1724736746252783
22,0.09265431112242094,0.7351940985998837,0.17215159027769547
23,0.09290270108856927,0.73575635809097,0.17134094082046072
24,0.09936384972647604,0.7336196963487011,0.16701645392482295
25,0.09252530820926147,0.7389601068019456,0.168514584988793
26,0.08656778569290001,0.7431496212256768,0.17028259308142302
27,0.08731345005870787,0.741300178071949,0.17138637186934308
28,0.07995645587896126,0.7425864694578829,0.1774570746631559
29,0.11112126576807667,0.7157051572958322,0.173173576936091
30,0.10984421867598348,0.7155541228153004,0.17460165850871603
31,0.1034951476572421,0.718246886487776,0.17825796585498188
32,0.10417586719633937,0.718615967685814,0.17720816511784654
33,0.10529204775945011,0.7169798853036439,0.17772806693690607
34,0.10013801982000504,0.7136837411471005,0.18617823903289446
35,0.10006579948424442,0.7101467372085333,0.18978746330722224
36,0.10203084166043734,0.7096401065377766,0.18832905180178602
37,0.10261154484969025,0.7074805190190298,0.18990793613128007
38,0.10220399379007282,0.7063097979973828,0.19148620821254425
39,0.10319671980251144,0.706055153127584,0.19074812706990454
40,0.10486686907866663,0.7075649920249935,0.18756813889633983
41,0.105606977055778,0.7018236529364347,0.1925693700077874
42,0.10528330421788153,0.6959005852806672,0.19881611050145118
43,0.10731518120785044,0.6961421414660787,0.19654267732607084
44,0.10524614182507434,0.6988556463364566,0.19589821183846898
45,0.10428783881015889,0.70346250931391,0.19224965187593118
46,0.10292477395790807,0.7046018317944751,0.19247339424761672
47,0.10249427623133858,0.7069707958596272,0.19053492790903412
48,0.10965778841240525,0.7037889669573325,0.18655324463026224
49,0.1105195897555615,0.7023236318539179,0.18715677839052056
50,0.11008179680149925,0.7036885634614044,0.18622963973709633
51,0.11207707332415563,0.7029278907051053,0.18499503597073913
52,0.11036054857078528,0.7048704213024204,0.18476903012679421
53,0.1084824562284721,0.7046297341480028,0.1868878096235252
54,0.10760453960728042,0.7111511332347317,0.18124432715798788
55,0.10846308269023068,0.7119809427782571,0.17955597453151215
56,0.10628886148425765,0.7148398200468961,0.17887131846884624
57,0.11178120493065821,0.7150225889147301,0.17319620615461168
58,0.11100287596501576,0.7183743858877693,0.170622738147215
59,0.1126634807730101,0.7160189937109184,0.1713175255160715
60,0.11179043268098747,0.7160160812238268,0.17219348609518564
61,0.11805610596504004,0.714805963305788,0.16713793072917177
62,0.11661880089042878,0.7178007898627473,0.1655804092468238
63,0.11679771302845003,0.7175072912247505,0.16569499574679952
64,0.11752586406789878,0.7193541134850506,0.16312002244705065
65,0.11708921485021381,0.7214951334221014,0.16141565172768477
66,0.1168278191893155,0.723850375338012,0.15932180547267258
67,0.11647729894331772,0.7248576921598882,0.15866500889679405
68,0.11620488008982083,0.7239553223051093,0.15983979760506994
69,0.1163156260712532,0.7205975526754091,0.16308682125333773
70,0.12185097971667343,0.722281415553074,0.15586760473025246
71,0.12151243293478226,0.7240244801583273,0.15446308690689048
72,0.12179301464438418,0.7234059638946532,0.15480102146096258
73,0.08963957709278736,0.7532311855908403,0.15712923731637216
74,0.0891882246108116,0.754196414784773,0.15661536060441542
75,0.0897901530470429,0.7535424887720353,0.15666735818092184
76,0.08919207352324766,0.7525959265804081,0.15821199989634419
77,0.09005129949766359,0.7501565921420162,0.15979210836032015
78,0.08990646693515732,0.7523846717011567,0.15770886136368584
79,0.08997624391755808,0.7517075969123679,0.15831615917007405
80,0.08925914112540989,0.7536864656422791,0.15705439323231096
81,0.08943973187605389,0.752279749578251,0.15828051854569525
82,0.08812865066349539,0.7556553050883196,0.15621604424818494
83,0.08278729752122417,0.7599611801476609,0.15725152233111495
84,0.08321707873532659,0.7582273650238249,0.15855555624084855
85,0.08135457911613647,0.7616742550643784,0.15697116581948517
86,0.08103656333001935,0.7617890436480946,0.15717439302188582
87,0.08170605049608523,0.7624067248363331,0.15588722466758165
88,0.08236760341714194,0.7619311056596227,0.15570129092323534
89,0.08309113852619437,0.7564701950853799,0.16043866638842563
90,0.08173653409838282,0.7587925876759257,0.15947087822569164
91,0.08103896753581757,0.7620099356305226,0.15695109683365976
92,0.08116695013889404,0.7623000328424318,0.1565330170186743
93,0.08142878068492923,0.7624685710510156,0.1561026482640552
94,0.08195391355627808,0.7610712082211463,0.15697487822257566
95,0.08103689591706525,0.7603253537814281,0.15863775030150667
96,0.0816158553970473,0.7600479265261538,0.15833621807679896
97,0.0811502932370463,0.7611313468558146,0.15771835990713895
98,0.08087584604255084,0.762375241374021,0.15674891258342813
99,0.08076400469685413,0.7617950823259724,0.15744091297717352
100,0.08053807736173146,0.7633676465289326,0.15609427610933607
101,0.08185647698849793,0.7573832901626701,0.16076023284883195
102,0.08200308222749224,0.7586595834201822,0.15933733435232542
103,0.08171522807096723,0.7607135376274996,0.1575712343015332
104,0.08108423515062164,0.7613448040143518,0.15757096083502675
105,0.0804362028808505,0.7624413632414645,0.157122433877685
106,0.08130225515103862,0.7564911728302669,0.16220657201869446
107,0.08146223005187112,0.7565849180262477,0.16195285192188114
108,0.08120461600966662,0.7547087377728328,0.16408664621750055
109,0.0876445260442479,0.7542876544062691,0.158067819549483
110,0.0818407376386279,0.7605295638371257,0.15762969852424646
111,0.08151802499253687,0.7613597594696423,0.1571222155378209
112,0.08147518850208446,0.7612571258628809,0.15726768563503468
113,0.08215203609403106,0.7585840022783397,0.15926396162762932
114,0.08128265267009621,0.7611198611088711,0.1575974862210327
115,0.08178005395844629,0.7580749161234146,0.16014502991813906
116,0.08068015444979793,0.759503385129966,0.1598164604202362
117,0.07981298701125815,0.7617904572850374,0.15839655570370437
118,0.07983960803316842,0.761636526379223,0.15852386558760856
119,0.07967575945935734,0.7602673801280481,0.16005686041259456
120,0.08611788874781488,0.7604118160248234,0.15347029522736172
121,0.08596688828556676,0.7629844646552567,0.15104864705917642
122,0.08573337855967167,0.7652294976812786,0.1490371237590498
123,0.07961568901843298,0.7645869575572135,0.1557973534243535
124,0.07980775861185968,0.7642232277364647,0.1559690136516757
125,0.07919592026284562,0.7668413046941943,0.1539627750429599
126,0.07924314286981914,0.7671446567836946,0.1536122003464863
127,0.07206748241081953,0.7714237903460702,0.15650872724311027
128,0.0718251044382827,0.7735219847518138,0.1546529108099036
129,0.07103830380963279,0.7748570832636394,0.1541046129267276
130,0.07175965245537608,0.7742027318740181,0.1540376156706058
131,0.07194808788805485,0.7746751815881523,0.15337673052379283
132,0.06539910332037036,0.7770103021299489,0.1575905945496807
133,0.06515275232421035,0.7776144075914974,0.15723284008429228
134,0.0655460902038501,0.7795545106061647,0.1548993991899852
135,0.05912233876218045,0.7823088874890907,0.15856877374872894
136,0.05869263355531544,0.7805422307473818,0.1607651356973028
137,0.05883669749621201,0.7801459775306765,0.16101732497311153
138,0.05861992200406309,0.7820100774542093,0.15937000054172773
139,0.05790137925327066,0.7833205911107297,0.15877802963599977
140,0.05815461022359782,0.7863748480763593,0.15547054170004287
141,0.09072372849340396,0.7557735454319395,0.15350272607465654
142,0.09076165252816736,0.7523120471051314,0.15692630036670127
143,0.09037977520422974,0.7545761152982831,0.15504410949748715
144,0.08968224628883807,0.756569630503449,0.1537481232077129
145,0.08960896739981788,0.7545441381648467,0.15584689443533545
146,0.0887405372104502,0.7579456872132257,0.153313775576324
147,0.08885178275457367,0.758843515988884,0.1523047012565423
148,0.08767786610107138,0.7628458602192792,0.14947627367964939
149,0.08832551438778244,0.7623077983391817,0.14936668727303581
150,0.08273890817825053,0.7641322782723519,0.1531288135493975
151,0.08265585582228674,0.7678018763353333,0.14954226784238012
152,0.07715599118535746,0.7694346657922312,0.15340934302241144
153,0.07701461794599206,0.7698571316005441,0.15312825045346376
154,0.07659718276379965,0.7699137430450456,0.15348907419115487
155,0.0758574746153806,0.7710598558360859,0.15308266954853342
156,0.07566303286689247,0.768200355916743,0.15613661121636457
157,0.07663800497180244,0.7675545428149625,0.15580745221323516
158,0.07559594015021688,0.770777010075353,0.15362704977443017
159,0.0749342852703509,0.7719862055888387,0.15307950914081034
160,0.07535181211804834,0.7694209821031329,0.15522720577881866
161,0.07575254771630148,0.7681740501601301,0.1560734021235685
162,0.07579026341922196,0.7676038537582248,0.15660588282255325
163,0.07613493766954949,0.7678136633779873,0.1560513989524633
164,0.07591776043226481,0.7673785625245856,0.1567036770431496
165,0.08066903234459269,0.7689898616652734,0.15034110599013392
166,0.08065873297216875,0.7681496556398163,0.15119161138801485
167,0.08043316727031467,0.7677336358995316,0.15183319683015375
168,0.07980448242998979,0.7691579321690711,0.15103758540093906
169,0.07977203151864726,0.7714803903791949,0.14874757810215783
170,0.0749789402912809,0.77245984161466,0.15256121809405926
171,0.074314176171871,0.7757727057793259,0.1499131180488031
172,0.07449097064730495,0.7780190191828156,0.14749001016987948
173,0.06969017245451214,0.7802182081106398,0.15009161943484814
174,0.07014036100465787,0.7759734963134264,0.15388614268191567
175,0.07032011506198518,0.7758465507757353,0.15383333416227943
176,0.06986723838759847,0.7747512269515113,0.15538153466089008
177,0.0693317466356812,0.7731183612458737,0.15754989211844514
178,0.06963440730610804,0.7701246584713844,0.16024093422250746
179,0.0706372119531023,0.7669853364083628,0.16237745163853495
180,0.07049833698586329,0.7671232406768589,0.162378422337278
181,0.061164923266926935,0.777951684242902,0.16088339249017108
182,0.06109080354359676,0.777782023833982,0.16112717262242135
183,0.05966398044578776,0.7847311041846434,0.15560491536956883
184,0.06035663910333219,0.7816388187215427,0.1580045421751251
185,0.05669239343267022,0.7776836447246576,0.16562396184267222
186,0.056259505133401194,0.7794051273488736,0.16433536751772526
187,0.05648239096452322,0.778266908881623,0.16525070015385376
188,0.05666008473902294,0.7789431281792369,0.1643967870817401
189,0.08619521509103786,0.745855695033282,0.16794908987568014
190,0.08059268407675362,0.7503177425140815,0.16908957340916497
191,0.08007375654248296,0.7506653643888598,0.1692608790686573
192,0.07963892240311324,0.7524541472696276,0.16790693032725926
193,0.07972509927889523,0.7515718022726943,0.16870309844841047
194,0.08023388822354466,0.7527692413422716,0.1669968704341837
195,0.08070981646164224,0.7524691224777575,0.16682106106060035
196,0.08095320698141988,0.7520866376528719,0.16696015536570827
197,0.0799057605957253,0.7512911280860473,0.1688031113182274
198,0.07972084243523518,0.7524299424237482,0.16784921514101664
199,0.07866736826709131,0.7581773328227261,0.16315529891018257
200,0.07783699550720564,0.7585051303464768,0.16365787414631763
201,0.0774637472107883,0.759215369119121,0.16332088367009065
202,0.0764995676721768,0.761671887820851,0.16182854450697207
203,0.07593758790272878,0.7636177967777397,0.1604446153195315
204,0.07947754561442504,0.7648485523967509,0.15567390198882416
205,0.08008607092301896,0.7635181015080355,0.15639582756894566
206,0.07993287273308003,0.7676764570894572,0.15239067017746274
207,0.07961165550657177,0.7668112618409716,0.1535770826524566
208,0.07925692842841978,0.7649663834998472,0.15577668807173292
209,0.08359640193047138,0.7608951784661578,0.15550841960337075
210,0.0751875824599143,0.7728671803169533,0.15194523722313233
211,0.0785669986155659,0.7686977368628162,0.15273526452161781
212,0.0768803993817161,0.772096724650325,0.1510228759679589
213,0.07710520628715749,0.7705999337616654,0.15229485995117725
214,0.0784431575543327,0.7697473046768327,0.1518095377688346
215,0.07785319822562053,0.7713883518006462,0.15075844997373306
216,0.07843641932467882,0.772278374674135,0.14928520600118622
217,0.07769438856078915,0.7750658773344022,0.1472397341048086
218,0.07702566140304774,0.7758809464694519,0.14709339212750047
219,0.0767846300291763,0.7775209276141946,0.1456944423566292
220,0.07591922197880621,0.7788572414822091,0.14522353653898462
221,0.071768534192571,0.7799237134616694,0.14830775234575957
222,0.0714246040257822,0.7807286587530878,0.14784673722112995
223,0.07106138651601121,0.7832439714029615,0.14569464208102736
224,0.06650213172929298,0.7871541497261706,0.14634371854453626
225,0.06589139163741847,0.788032934731907,0.14607567363067442
226,0.06929867766274656,0.7841675099429387,0.14653381239431482
227,0.07377978018583867,0.7802295096331796,0.14599071018098175
228,0.07699193804936313,0.7796712260669296,0.1433368358837073
229,0.07914280957133675,0.7790646373304476,0.1417925530982157
230,0.07215276667623449,0.7805515327269276,0.14729570059683791
231,0.07234028990147999,0.7761846606137676,0.15147504948475252
232,0.07211536611993938,0.7788069171384104,0.14907771674165013
233,0.067524206995778,0.7815442445945215,0.15093154840970055
234,0.06640062520603705,0.7812524662772276,0.15234690851673538
235,0.07187911053707557,0.7763496434524708,0.15177124601045358
236,0.07263475752768415,0.7759574048192472,0.15140783765306853
237,0.06926801483780468,0.7886664677058774,0.14206551745631787
238,0.06906241632694934,0.7840741502293143,0.1468634334437364
239,0.07011606187836174,0.7790647883027677,0.15081914981887054
240,0.08096895575557814,0.7795784773169437,0.1394525669274781
241,0.08242757764870816,0.775587959824591,0.14198446252670088
242,0.08286596020116563,0.7726300363962276,0.14450400340260677
243,0.0826633857400204,0.772078384516473,0.14525822974350644
244,0.0876431381963864,0.7707177470306832,0.1416391147729304
245,0.08717281019621465,0.7725408975054021,0.14028629229838327
246,0.087070498901644,0.7726168827331568,0.14031261836519923
247,0.08541649757055338,0.7759807764460736,0.1386027259833731
248,0.08538769325628123,0.7773298845678362,0.13728242217588246
249,0.08494371663000667,0.7775747353028926,0.13748154806710072
250,0.08534400023138894,0.7759275806472833,0.13872841912132783
251,0.08501364039140719,0.7781188643139719,0.1368674952946209
252,0.08503864684061155,0.7769904209898771,0.13797093216951126
253,0.0768132427624004,0.779380296400314,0.14380646083728563
254,0.07413370476884766,0.7770905565668978,0.14877573866425445
255,0.07837007407416072,0.7734912142026961,0.14813871172314325
256,0.07980815501947135,0.7681716479362438,0.15202019704428488
257,0.08159063384423937,0.7598723874974239,0.1585369786583368
258,0.08124422825998624,0.7613570691533378,0.15739870258667596
259,0.08093953532922854,0.7639793973983193,0.15508106727245224
260,0.08199708676663674,0.7608315508738954,0.15717136235946794
261,0.08348485731948563,0.7538195666562978,0.1626955760242166
262,0.08536962999066014,0.7479728993077244,0.16665747070161546
263,0.09023915981527349,0.749159156129395,0.16060168405533148
264,0.09126695222159552,0.7463455986383682,0.16238744914003614
265,0.09143201305426925,0.7458215748259674,0.1627464121197633
266,0.09030446138482733,0.7477740749728848,0.16192146364228782
267,0.09217272746488286,0.7451663528887943,0.16266091964632293
268,0.08634379725871044,0.748614508894455,0.16504169384683434
269,0.08187513422213819,0.7515049171270015,0.16661994865086033
270,0.0801456866851225,0.7507392541315048,0.16911505918337283
271,0.0786058195461823,0.7553049363415617,0.166089244112256
272,0.0780728867676752,0.7550553028985697,0.1668718103337552
273,0.07665950198692127,0.7612329634569951,0.1621075345560836
274,0.07214773535828604,0.7633758018422915,0.16447646279942243
275,0.07241833848327077,0.7633018985889565,0.1642797629277728
276,0.07272424030414186,0.7608041725820033,0.1664715871138549
277,0.09773076624704127,0.7340854646433848,0.168183769109574
278,0.08818676834678905,0.7400769725053122,0.1717362591478988
279,0.08535414185390536,0.7388590116109106,0.17578684653518406
280,0.08647156987596159,0.73581291862691,0.1777155114971284
281,0.08703379486079564,0.7360779200546372,0.17688828508456714
282,0.08577630285478183,0.7359830426105886,0.1782406545346295
283,0.08588841568407725,0.7347654243008035,0.17934616001511927
284,0.09008581827715427,0.7357544083590855,0.17415977336376032
285,0.09022528132801153,0.7335452447516011,0.17622947392038738
286,0.09168632154050733,0.7301712363578904,0.17814244210160227
287,0.09266224527334796,0.7277745256562267,0.17956322907042538
288,0.0913136449012784,0.732126865680629,0.17655948941809263
289,0.08963247406499333,0.735576947803032,0.17479057813197477
290,0.08943614576698576,0.7364620096660984,0.17410184456691577
291,0.09339474112709455,0.7370827406555873,0.16952251821731823
292,0.09253254132629479,0.7373585008329359,0.1701089578407694
293,0.09191131173575096,0.7394131901961656,0.16867549806808343
294,0.09731930043722535,0.7355901462394502,0.1670905533233244
295,0.09677859634909257,0.7357071423143442,0.16751426133656316
296,0.09735549166417015,0.7328670192342099,0.1697774891016199
297,0.10123841374681719,0.7329670474213311,0.1657945388318517
298,0.10019595470850289,0.7323898341365452,0.16741421115495175
299,0.105588850581902,0.7296384289695756,0.16477272044852237
300,0.1062190903715186,0.7319477791662454,0.16183313046223596
301,0.1035988339742917,0.7361113795456226,0.1602897864800859
302,0.1031580490646953,0.7344256180524227,0.16241633288288185
303,0.10191868566192228,0.7381540391159962,0.15992727522208142
304,0.10058505804878089,0.7397759193712898,0.15963902257992937
305,0.10578708361849896,0.7355930121640715,0.15861990421742972
306,0.11447585495585147,0.7347223086651169,0.15080183637903152
307,0.11550706089820817,0.734184726019152,0.1503082130826399
308,0.11464208369028886,0.7340662192891969,0.15129169702051423
309,0.11976381191360022,0.7328400400647087,0.1473961480216911
310,0.11817453435354706,0.735476985218543,0.14634848042791007
311,0.08779492395630974,0.7703585795288692,0.1418464965148211
312,0.08703765920059636,0.7724098907480117,0.14055245005139197
313,0.08714849270593428,0.772561685799579,0.14028982149448682
314,0.08710120182592386,0.7717670455434774,0.14113175263059868
315,0.08700354072179625,0.7703123656408158,0.14268409363738785
316,0.08701362441357455,0.770656130639087,0.14233024494733848
317,0.09055776711425793,0.7719559620544653,0.13748627083127682
318,0.08781570901659938,0.7783562361836702,0.13382805479973037
319,0.08857971186706377,0.7747852776965053,0.13663501043643086
320,0.09071228594306371,0.7731144805106467,0.13617323354628952
321,0.0865096383152256,0.7732667894563761,0.14022357222839832
322,0.08512178016321667,0.7735957572371042,0.1412824625996791
323,0.08523658932640814,0.7737217617875002,0.1410416488860916
324,0.08638298078761508,0.7731440842712238,0.1404729349411611
325,0.08050784116378526,0.7779067373184485,0.1415854215177662
326,0.07965335267223146,0.7816036399770898,0.1387430073506787
327,0.07213796864457883,0.7808029875710736,0.14705904378434753
328,0.07413810629073776,0.7752759952967259,0.15058589841253636
329,0.07449359576893468,0.7742379807764922,0.15126842345457314
330,0.06715238117827846,0.7734605369591444,0.15938708186257716
331,0.06708202147724163,0.7730966696330683,0.15982130888969007
332,0.06621242492876535,0.7739821985936961,0.15980537647753862
333,0.06916103725486085,0.7648911235965185,0.16594783914862068
334,0.0692699009091588,0.7621041774096674,0.16862592168117374
335,0.07411765470766862,0.7598992593604368,0.16598308593189454
336,0.0818879797253786,0.7597671062295276,0.15834491404509382
337,0.08069533669570915,0.7556205745879043,0.16368408871638654
338,0.0777447119124109,0.7539244097256792,0.16833087836190982
339,0.06894134966369539,0.7565915287721986,0.17446712156410588
340,0.07316348108991248,0.7512870173996862,0.17554950151040133
341,0.07493872299807433,0.7505185022719529,0.17454277472997282
342,0.07498909221112789,0.7465697866479319,0.17844112114094013
343,0.07383809792182464,0.7518790345788705,0.17428286749930488
344,0.10254284359122053,0.7181760822622605,0.17928107414651903
345,0.10290196711690108,0.7147745155381369,0.182323517344962
346,0.11359309880301832,0.6907913623955303,0.19561553880145136
347,0.12007628681137733,0.6857843449990798,0.19413936818954294
348,0.1211826369685037,0.6814660456410603,0.19735131739043602
349,0.12370542656512024,0.6845404624588853,0.1917541109759943
350,0.12264700754231303,0.6916889385809728,0.18566405387671406
351,0.12176382953415335,0.6904733459880785,0.18776282447776804
352,0.1173253139522944,0.7029148472847471,0.17975983876295853
353,0.115992673416824,0.7035540768994836,0.1804532496836924
354,0.11714351183343852,0.7036821177446316,0.17917437042192996
355,0.11373923808595578,0.7010231435658214,0.1852376183482228
356,0.10872626251224382,0.7150269128653621,0.17624682462239405
357,0.11074632340662639,0.7113439740390565,0.17790970255431707
358,0.1113940051301781,0.7098251861468883,0.17878080872293367
359,0.11123479535258551,0.7077754986673694,0.18098970598004493
360,0.11184913402600413,0.7059672297628746,0.18218363621112127
361,0.10669818592996218,0.7115541902351793,0.1817476238348586
362,0.09878582628760035,0.7119914776877447,0.18922269602465483
363,0.09630107906077122,0.7121720316296811,0.19152688930954764
364,0.08671472510264464,0.7164905110553581,0.1967947638419972
365,0.09049343805964336,0.7132661291496271,0.19624043279072945
366,0.09162865498681694,0.7111474414701263,0.1972239035430568
367,0.10184033897279769,0.7021962626440237,0.19596339838317856
368,0.10907222183758938,0.7061503241069261,0.1847774540554845
369,0.109429186178277,0.70364252265988,0.186928291161843
370,0.11184049990452997,0.708499730222286,0.17965976987318402
371,0.11993864739247041,0.7068068432506321,0.1732545093568975
372,0.12062164187298506,0.7069868444338371,0.17239151369317793
373,0.11823942841488015,0.7039928288629667,0.17776774272215318
374,0.1179493968804502,0.7041092654649572,0.17794133765459275
375,0.11628253892230206,0.7081058568609058,0.17561160421679212
376,0.11995376409786959,0.708117600597678,0.17192863530445243
377,0.12439189935521033,0.7067147518790607,0.16889334876572895
378,0.12348357785071405,0.7078620134604846,0.16865440868880133
379,0.12280235449298425,0.7072435151287907,0.16995413037822518
380,0.1269885279299025,0.710418771183077,0.16259270088702055
381,0.12734123478872203,0.708642045663735,0.16401671954754302
382,0.1290087984993314,0.7059349613537631,0.1650562401469054
383,0.12370371994189346,0.7080958762869124,0.16820040377119427
384,0.12023673208212547,0.7158240333747005,0.16393923454317402
385,0.11831781531888443,0.7195489729418071,0.16213321173930842
386,0.1196967627543552,0.718678353416526,0.16162488382911874
387,0.12360556475610818,0.7165574251445095,0.15983701009938228
388,0.12266250888890481,0.71651695403777,0.16082053707332522
389,0.12169972993967369,0.7180263369751952,0.16027393308513105
390,0.12211965141402234,0.7208576505484419,0.15702269803753585
391,0.12228261420740305,0.7210293391913039,0.15668804660129318
392,0.09245708605322678,0.7483974352734778,0.15914547867329543
393,0.09603279194574418,0.7509198155474325,0.15304739250682325
394,0.09448211765478828,0.7584131889323418,0.14710469341286997
395,0.0891895398345337,0.7617592873382816,0.14905117282718464
396,0.09331046494959769,0.7639997165362126,0.14268981851418983
397,0.08554757959603099,0.7697620651310181,0.14469035527295096
398,0.08512633242791506,0.7709751328857658,0.14389853468631916
399,0.08119544616966823,0.7707330521172573,0.1480715017130745
400,0.08145512582112084,0.769483374803,0.14906149937587923
401,0.08100542691551237,0.7669760998023581,0.15201847328212956
402,0.07712103321359078,0.76538165433885,0.15749731244755927
403,0.07661779236254002,0.766063756001192,0.15731845163626793
404,0.07751689646172183,0.764112949596526,0.1583701539417522
405,0.07692557206682009,0.7654223176204713,0.1576521103127085
406,0.07579497681175322,0.7661617260412419,0.15804329714700488
407,0.07507914528569813,0.7690356281747959,0.15588522653950607
408,0.07490674742820554,0.7718482547268573,0.15324499784493723
409,0.0744644487712364,0.773690418550789,0.15184513267797453
410,0.07498717244988383,0.7701909093911153,0.15482191815900084
411,0.07609486963277999,0.7687985483865805,0.1551065819806396
412,0.07655855567424323,0.7686620466790477,0.15477939764670912
413,0.07643715236171453,0.7690712260869016,0.154491621551384
414,0.07119456373115324,0.771982520134758,0.15682291613408875
415,0.06879425803380186,0.7678031374907821,0.1634026044754161
416,0.06902304644051158,0.7692557110793113,0.16172124248017705
417,0.06981088246996381,0.7678978518914161,0.1622912656386201
418,0.06994367057866777,0.766363995287341,0.16369233413399117
419,0.06907908133532191,0.7671402062844342,0.1637807123802437
420,0.0657343516025027,0.7657273352988245,0.16853831309867268
421,0.06592885839541524,0.7676824734068047,0.1663886681977799
422,0.06454585648111828,0.7671345251385319,0.16831961838034973
423,0.06454730763400436,0.7663985767246622,0.16905411564133352
424,0.06832943798890506,0.7680360603266595,0.16363450168443547
425,0.06830052984902728,0.7719174912749708,0.15978197887600193
426,0.09637000183783989,0.7326176345450879,0.17101236361707234
427,0.09662114767682337,0.731216274745144,0.1721625775780327
428,0.10170071379579977,0.728430795284667,0.16986849091953313
429,0.10164414469569612,0.7289510336467534,0.1694048216575504
430,0.10129322560912721,0.7299358752008063,0.16877089919006644
431,0.10247243832095422,0.7281565905513601,0.1693709711276857
432,0.0992802864247299,0.7281846761764867,0.17253503739878334
433,0.10000189251707095,0.7247007415193543,0.17529736596357487
434,0.10333433690092259,0.7169240322653128,0.17974163083376468
435,0.10136199485062138,0.7241985461633513,0.17443945898602745
436,0.10159874820058587,0.7228674366274598,0.17553381517195443
437,0.09977080512004656,0.7246883156939362,0.17554087918601707
438,0.09683179324898321,0.7228276616330545,0.18034054511796233
439,0.09781432557418498,0.7199332062381334,0.18225246818768162
440,0.10118489505004102,0.7179802908746703,0.18083481407528876
441,0.09973453134633281,0.7201322947548335,0.18013317389883354
442,0.10538594894060244,0.7178151524223022,0.17679889863709541
443,0.10500801624941125,0.7184722510433992,0.17651973270718954
444,0.10763936790919691,0.7145874528812904,0.17777317920951266
445,0.10341885056086039,0.7153492663878452,0.18123188305129434
446,0.10261083958909835,0.7184513021797203,0.1789378582311813
447,0.10342715579661851,0.7155141409566008,0.18105870324678064
448,0.10292175080085376,0.7144756541477169,0.18260259505142937
449,0.10486716320439812,0.7072295961913868,0.1879032406042151
450,0.10792278991563728,0.7091077441226945,0.1829694659616681
451,0.11114689657537294,0.7117271684496902,0.17712593497493692
452,0.11188007091613851,0.7136367086149632,0.17448322046889822
453,0.10837762011000601,0.7117899532144066,0.17983242667558735
454,0.10573443753764655,0.7146974378934985,0.1795681245688551
455,0.10717902286524744,0.719127518363683,0.17369345877106948
456,0.11166305947511698,0.7200604261254508,0.1682765143994321
457,0.116147536855192,0.7182163570284098,0.16563610611639823
458,0.11683623205326757,0.7182655726375108,0.16489819530922167
459,0.11402361614878367,0.7212046017941152,0.16477178205710116
460,0.11561940230108847,0.7178851074680996,0.16649549023081184
461,0.12526796448282296,0.7130842824772607,0.16164775303991635
462,0.1282224906840041,0.7058871379124361,0.16589037140355986
463,0.12777260401827076,0.7074547503234396,0.1647726456582896
464,0.12764092305442426,0.7069000495675989,0.16545902737797696
465,0.12762645564217603,0.7099296074013585,0.16244393695646545
466,0.12663760213796826,0.7104993997822013,0.16286299807983035
467,0.0945195465707856,0.7410154124323466,0.16446504099686776
468,0.09619088081443006,0.7489167321441792,0.1548923870413906
469,0.09591107157260191,0.7501435110737574,0.1539454173536407
470,0.09681138047248937,0.7486800107576157,0.15450860876989492
471,0.08975118164943952,0.755423632993718,0.1548251853568426
472,0.0900397116050304,0.7544549372297604,0.15550535116520922
473,0.09017336594426316,0.7515527003983138,0.15827393365742304
474,0.08996173723288721,0.7531687577228163,0.15686950504429636
475,0.09475888707526735,0.7516001566211085,0.15364095630362415
476,0.09363089411281134,0.7548281362308195,0.1515409696563693
477,0.09338652583060399,0.7564528556764639,0.1501606184929322
478,0.09340606527662225,0.7554361585463074,0.1511577761770702
479,0.09384801537086314,0.7551134779615634,0.15103850666757349
480,0.09411585092129364,0.7544729752195579,0.15141117385914846
481,0.09242301272539806,0.7553153590653768,0.15226162820922526
482,0.10743025343142684,0.7410487185764348,0.15152102799213837
483,0.08170910176017948,0.766128771213187,0.15216212702663343
484,0.08781342282831572,0.7626441284112128,0.14954244876047146
485,0.0836232182260271,0.7619446327038716,0.1544321490701013
486,0.08328420971562615,0.760133222854292,0.15658256743008175
487,0.08334407944165674,0.7598116175041526,0.1568443030541907
488,0.08340875710997232,0.7629284003362983,0.15366284255372945
489,0.08279624981569617,0.7646322636471752,0.15257148653712874
490,0.08264466147116407,0.764046184309207,0.15330915421962887
491,0.07782841823222228,0.7626461773812724,0.15952540438650534
492,0.08038294586546456,0.7557325242843622,0.16388452985017318
493,0.08073868516269003,0.7550518829407807,0.16420943189652923
494,0.07578347821366108,0.7561060612082917,0.16811046057804716
495,0.0758088057943791,0.7550229198456685,0.16916827435995246
496,0.07536829583902531,0.7575874558142428,0.16704424834673198
497,0.0756898149572602,0.7553032644863047,0.16900692055643518
498,0.07516460117604482,0.7565046786229278,0.16833072020102724
499,0.07595820761946923,0.7576345314729899,0.16640726090754088
500,0.07668042000769783,0.75564670454234,0.16767287544996218
501,0.07622386713907896,0.757017649255578,0.16675848360534298
