,0,1,2
0,0.07211162821499484,0.7559726843793666,0.17191568740563848
1,0.07283437693097088,0.754691836120319,0.17247378694871018
2,0.07391518422341237,0.7542314890453168,0.17185332673127085
3,0.08095634136100305,0.7444276078809431,0.17461605075805398
4,0.08785571220533038,0.7400654602730465,0.17207882752162307
5,0.08899469019685002,0.7376430641048628,0.17336224569828707
6,0.08879718696397981,0.7363902431066779,0.17481256992934235
7,0.08856247705600803,0.7399894710503436,0.1714480518936483
8,0.08950862378347128,0.7385195901280703,0.17197178608845837
9,0.08979169632298124,0.740466709320142,0.16974159435687672
10,0.09063917944949676,0.7315842007618961,0.17777661978860715
11,0.05853078232952205,0.762472142272052,0.17899707539842616
12,0.05861414407866658,0.7667281494410949,0.17465770648023857
13,0.06644926800175625,0.7608288822582859,0.1727218497399577
14,0.066202777487914,0.7571279478390119,0.17666927467307403
15,0.0659039315948688,0.7601667649296049,0.17392930347552613
16,0.0599176842949693,0.7645023826983907,0.17557993300664004
17,0.06002747216158574,0.7673430340277022,0.17262949381071202
18,0.060807333436019004,0.7672327091119319,0.17195995745204906
19,0.0609240849793749,0.7645397729902802,0.17453614203034493
20,0.06001630657984375,0.7640201910047467,0.17596350241540962
21,0.06030143545816266,0.7668511877259558,0.17284737681588136
22,0.06022508496455954,0.7672602413386684,0.1725146736967721
23,0.060390410295997975,0.7678962643631594,0.1717133253408426
24,0.05940974813790561,0.7653381313212101,0.1752521205408843
25,0.05991069485683677,0.7712124327080213,0.16887687243514193
26,0.05345535944630682,0.7758415686256391,0.17070307192805406
27,0.05393542957780618,0.7741924581020837,0.1718721123201101
28,0.0539422138697243,0.7754989112381508,0.17055887489212485
29,0.046824901673628495,0.7795734097541395,0.17360168857223204
30,0.04625305531366347,0.7788411452241221,0.17490579946221446
31,0.04658246277246331,0.7819342845186482,0.17148325270888862
32,0.046903001015544135,0.7825722005524962,0.17052479843195978
33,0.04744248905693985,0.7813991099626557,0.17115840098040447
34,0.04123693419143023,0.7789246999663588,0.179838365842211
35,0.04122383819840134,0.7753774270291329,0.1833987347724658
36,0.04208188973063034,0.7757186259263043,0.18219948434306546
37,0.04234653670670957,0.7738173437331225,0.183836119560168
38,0.049562985335915626,0.772475727283559,0.17796128738052544
39,0.050068584510170336,0.7725704060812618,0.17736100940856783
40,0.050904068901279145,0.7746054603282424,0.17449047077047838
41,0.05132869766650104,0.7692998632592116,0.17937143907428738
42,0.05890463172686295,0.763441929544124,0.17765343872901304
43,0.060079268148669165,0.7641880873686429,0.1757326444826879
44,0.05884772099522684,0.7662135195970042,0.17493875940776898
45,0.05823869382547981,0.7702962496920904,0.17146505648242977
46,0.05743810305102314,0.7710149560322792,0.1715469409166975
47,0.05716217344461762,0.7731245467111649,0.1697132798442175
48,0.057045126764919296,0.7700736041746893,0.1728812690603914
49,0.057527715442314414,0.7689283288390716,0.17354395571861386
50,0.057276535642269845,0.770109429826127,0.17261403453160334
51,0.058369484341713435,0.7699997190971334,0.17163079656115307
52,0.05741671358380099,0.7713375657621636,0.17124572065403534
53,0.05639881959916459,0.7705169318669439,0.1730842485338915
54,0.05586150655032928,0.7765236248399505,0.16761486860972025
55,0.04913351957270967,0.777592696669268,0.17327378375802233
56,0.048077605600087815,0.7795638368389922,0.17235855756091992
57,0.047272044794499084,0.7790726190533445,0.17365533615215645
58,0.0469080571685959,0.7821438426759851,0.17094810015541892
59,0.04766540991124431,0.7804899000963976,0.171844689992358
60,0.04727211762041956,0.7800919098689153,0.17263597251066523
61,0.046843939611074525,0.7784210812787928,0.1747349791101326
62,0.04622450184624719,0.7808526051596747,0.1729228929940781
63,0.04630137652665636,0.7806337900051771,0.17306483346816667
64,0.04660828189246934,0.7829496533572332,0.1704420647502974
65,0.046417650978345236,0.7849845961779477,0.1685977528437071
66,0.03940463399437014,0.787333047743009,0.17326231826262078
67,0.039276071482713976,0.7882212730945015,0.17250265542278448
68,0.03917621476712519,0.7870793516725115,0.1737444335603632
69,0.03921683396943105,0.7834944036033201,0.17728876242724884
70,0.03866466568520111,0.7844378746155755,0.17689745969922338
71,0.03854985398232145,0.7861802892951265,0.17526985672255196
72,0.03864656484805449,0.7856651354936669,0.17568829965827867
73,0.03831428303142391,0.7835048600771608,0.17818085689141516
74,0.03811265910711209,0.7843297586223583,0.17755758227052962
75,0.03838384737829385,0.7839349648957199,0.17768118772598623
76,0.038108688608546645,0.7825500167647332,0.17934129462672016
77,0.0384903621364803,0.7803086853155929,0.18120095254792676
78,0.038432554788623174,0.7827097804191121,0.17885766479226473
79,0.03846183638687228,0.7819943117022136,0.17954385191091424
80,0.03814305071756434,0.7838012220264607,0.17805572725597493
81,0.03822005691415047,0.7823349100571624,0.17944503302868714
82,0.037636851340090864,0.7853665438413746,0.17699660481853458
83,0.06976533385223627,0.759519952636654,0.17071471351110978
84,0.0701243538445822,0.7577530071921508,0.17212263896326702
85,0.06854424019539665,0.7610795424295655,0.17037621737503789
86,0.06827170263233043,0.7611429850004484,0.1705853123672211
87,0.06885059091652154,0.7619245725736763,0.1692248365098022
88,0.06941636526868777,0.7615404067190484,0.16904322801226376
89,0.07000548391008446,0.7558593358769006,0.174135180213015
90,0.06885533907368722,0.7580821848165855,0.1730624761097273
91,0.0682750676038834,0.7613786269925515,0.17034630540356513
92,0.06838672763365028,0.761711200335518,0.1699020720308318
93,0.06861269097520505,0.7619391261563773,0.16944818286841762
94,0.06905566419908767,0.7605481424403431,0.17039619336056924
95,0.06826337822940881,0.7595847907747035,0.17215183099588768
96,0.06875910119735269,0.7593962369296322,0.17184466187301503
97,0.06836553132697475,0.7604637491206085,0.17117071955241667
98,0.06813708405942098,0.761737434252135,0.17012548168844405
99,0.0680376094040149,0.7610990378751483,0.17086335272083675
100,0.06785275438828217,0.7627316736459052,0.1694155719658125
101,0.06895001503626924,0.7566043661081243,0.1744456188556065
102,0.06908356044106596,0.7579896784520237,0.17292676110691027
103,0.06884843033061798,0.7601232191475237,0.1710283505218584
104,0.06831004100089219,0.760678808432432,0.17101115056667585
105,0.06775984076005107,0.7617265143890539,0.17051364485089504
106,0.06846870215636144,0.7555534208666725,0.1759778769769661
107,0.06860664330480705,0.7556824981764727,0.17571085851872023
108,0.06837435668894051,0.7536396204192881,0.17798602289177123
109,0.06777819290575074,0.753065416588611,0.17915639050563828
110,0.06863279290044778,0.7602112725796883,0.1711559345198639
111,0.06836160188899942,0.7610348904605255,0.17060350765047508
112,0.06832435075534973,0.7609175093086195,0.17075813993603084
113,0.06888759637527579,0.7581976722019081,0.17291473142281613
114,0.06815884137382137,0.7607350963423128,0.1711060622838659
115,0.06856636133261085,0.7575859363109148,0.17384770235647443
116,0.06763412318006552,0.758900648916407,0.17346522790352756
117,0.0669060303052873,0.761172857491632,0.17192111220308073
118,0.06692789855956215,0.7610139601793177,0.17205814126112023
119,0.0667799631064285,0.7595255489005884,0.17369448799298307
120,0.06637253302026683,0.7595896434527404,0.17403782352699276
121,0.0662755532448633,0.7623826600578413,0.1713417866972955
122,0.06610997752232592,0.7647930514402264,0.16909697103744775
123,0.06658415160426513,0.7642521460897982,0.16916370230593666
124,0.06674588789118494,0.7639012192561694,0.16935289285264565
125,0.06623903070293727,0.7665742474492038,0.167186721847859
126,0.059657268547475974,0.7669065923056604,0.1734361391468636
127,0.05914435214735086,0.7714071084397024,0.16944853941294677
128,0.058951923081715346,0.773590365708904,0.16745771120938055
129,0.0583005587688351,0.7748513991210482,0.1668480421101167
130,0.05253134191623683,0.7743014896207346,0.17316716846302854
131,0.05267626515266401,0.7748766750439793,0.17244705980335664
132,0.05247177379989799,0.7773486451194284,0.17017958108067377
133,0.052273053264801785,0.7779371593264035,0.1697897874087948
134,0.04644914350415184,0.7800834675760432,0.17346738891980484
135,0.04619597726928012,0.7829780310994523,0.17082599163126772
136,0.04584819964332195,0.7810050717748889,0.17314672858178906
137,0.04596130343151566,0.780618216017191,0.1734204805512934
138,0.04579555255299223,0.7825447389841698,0.1716597084628381
139,0.04522912078228219,0.7837680192088841,0.17100286000883375
140,0.03950082081321145,0.7870666982118628,0.17343248097492586
141,0.039505240458099763,0.7892191565896388,0.1712756029522613
142,0.039512990514030975,0.7854302701808434,0.17505673930512564
143,0.03934289140483821,0.7877169386452089,0.17294016994995284
144,0.03902630155883606,0.7895359972264764,0.1714377012146874
145,0.038986826214761953,0.7872690380711612,0.1737441357140768
146,0.03859559070045736,0.7905436190488778,0.1708607902506648
147,0.038649375099880125,0.7915906772590358,0.1697599476410841
148,0.03241798625604125,0.795358645073673,0.17222336867028562
149,0.06551238229161209,0.7623134132117831,0.17217420449660473
150,0.06556335421145332,0.7643642064932877,0.17007243929525895
151,0.06002288335804497,0.7683257258351456,0.17165139080680936
152,0.05999146261951684,0.7701248725751494,0.16988366480533376
153,0.059881441593147594,0.7705464508523193,0.16957210755453303
154,0.05954903133981035,0.7705016660128747,0.16994930264731498
155,0.058966769512798674,0.7715545797091378,0.16947865077806368
156,0.05879395412985128,0.7684100444373824,0.17279600143276633
157,0.05956660663833596,0.7679580925950469,0.17247530076661705
158,0.058756632424225866,0.771181818667834,0.17006154890794029
159,0.05823715473890468,0.7723225670108835,0.1694402782502117
160,0.058553719256158945,0.7696520241110575,0.17179425663278358
161,0.05886508385137836,0.7684042546378655,0.17273066151075614
162,0.058891550024354214,0.767796840163505,0.1733116098121408
163,0.05916741698934774,0.7681111249420802,0.17272145806857206
164,0.058991684363030775,0.7675853488725827,0.17342296676438668
165,0.05838588757954539,0.7691328990058816,0.172481213414573
166,0.05837096526694961,0.7681942546262382,0.17343478010681213
167,0.058198608915740295,0.7676579233243614,0.17414346775989822
168,0.05774043829609819,0.7690384411757832,0.17322112052811853
169,0.05773588118950087,0.7716134210296908,0.1706506977808083
170,0.05279467837565399,0.7729053385404332,0.1742999830839128
171,0.052335954527977895,0.7763588771819693,0.17130516829005296
172,0.047249622760175566,0.7789156171494149,0.17383476009040946
173,0.04748985169186507,0.7815652414841876,0.17094490682394742
174,0.047778642569430096,0.7770206836231685,0.17520067380740156
175,0.047904192439742956,0.7769439079373718,0.1751518996228853
176,0.04757867607251982,0.7755698716484115,0.17685145227906857
177,0.05258469839609312,0.7735726936487475,0.17384260795515938
178,0.052803510135685745,0.7704205110526309,0.17677597881168336
179,0.053565171746292016,0.7672977254489063,0.17913710280480172
180,0.05345805831022342,0.767409808425485,0.17913213326429145
181,0.04395549152978312,0.7793680295989093,0.17667647887130764
182,0.043900273700082044,0.7791634061146253,0.1769363201852926
183,0.04288043666162241,0.7862254507062019,0.17089411263217563
184,0.04337672954470675,0.7830998331281697,0.17352343732712355
185,0.044439471531444924,0.77927445340031,0.17628607506824512
186,0.04409952031583129,0.78098842385867,0.1749120558254987
187,0.044273858411898535,0.7798413236512493,0.17588481793685223
188,0.04441723007456034,0.780590717953747,0.1749920519716926
189,0.04528250674586725,0.7812597115972411,0.17345778165689166
190,0.03997117594376614,0.7856151795321771,0.17441364452405672
191,0.03970255796801918,0.7857565462407566,0.17454089579122423
192,0.03947666812407268,0.7874237332701541,0.17309959860577312
193,0.03952175073999522,0.7865474517434783,0.1739307975165265
194,0.039784064174890645,0.7880005443115513,0.17221539151355808
195,0.040030440781685044,0.7878908201934006,0.17207873902491433
196,0.04015663071701023,0.7875976759108844,0.1722456933721055
197,0.039615312867937534,0.7863331870031298,0.1740515001289326
198,0.03951902315511637,0.7874332257279631,0.1730477511169205
199,0.034210210544555815,0.7929300117927562,0.17285977766268795
200,0.033831709168866735,0.7928651547369793,0.17330313609415382
201,0.03366195976511911,0.7934303707034689,0.17290766953141204
202,0.033224093147279886,0.795545485911575,0.17123042094114507
203,0.06721304641381769,0.763075859247756,0.1697110943384262
204,0.06619913884270419,0.7642108193300082,0.16959004182728743
205,0.06670840013020758,0.7629089598081483,0.17038264006164403
206,0.06202989608328199,0.7673217541905104,0.17064834972620757
207,0.061767375257269407,0.766292599213573,0.17194002552915758
208,0.0614710259840438,0.764186272129054,0.1743427018869022
209,0.0658674153136059,0.7596235821372233,0.17450900254917073
210,0.05305550964326576,0.7728353371279654,0.17410915322876883
211,0.05672136148845054,0.767793169913172,0.17548546859837744
212,0.055492075311785495,0.7710263214757294,0.1734816032124851
213,0.055647179072293836,0.7694325866719893,0.17492023425571698
214,0.05663788396728012,0.768922000843281,0.17444011518943886
215,0.056211607066133096,0.7705570143578191,0.17323137857604778
216,0.056654385905806626,0.771741418058413,0.17160419603578037
217,0.05171454268480061,0.7746057473209015,0.17367970999429794
218,0.05125933753648447,0.7752677213171774,0.17347294114633824
219,0.05110770272985319,0.7770397099671019,0.1718525873030449
220,0.0505213814120106,0.7782164249927981,0.1712621935951914
221,0.04633365715229834,0.779498273925141,0.1741680689225607
222,0.046109722934432294,0.780270739554266,0.17361953751130188
223,0.04164964354521985,0.7829786744575448,0.17537168199723543
224,0.03728810531312404,0.7873110647556674,0.17540082993120873
225,0.036937709245202746,0.7880204046202735,0.17504188613452387
226,0.04066558079306362,0.7831270547667294,0.1762073644402069
227,0.045061255870983585,0.778620349180439,0.17631839494857743
228,0.0442816251229587,0.7774080905528095,0.17831028432423182
229,0.04557743294684645,0.7778057313309802,0.17661683572217332
230,0.04655296122649499,0.7804022226706814,0.17304481610282368
231,0.046642938120420835,0.7755205390970678,0.17783652278251144
232,0.046513707761295035,0.7784048642836382,0.17508142795506676
233,0.046317571315051674,0.781380072144706,0.1723023565402423
234,0.04552167248137303,0.7806563884354472,0.17382193908317992
235,0.046242631307051064,0.7755948195168432,0.1781625491761058
236,0.04674430256417152,0.7754606641808768,0.1777950332549517
237,0.04047380126608793,0.78850556843342,0.17102063030049203
238,0.04031076618769166,0.78308076208341,0.17660847172889835
239,0.0452800471981441,0.7777908417728516,0.17692911102900422
240,0.0480634881050683,0.777368055202286,0.17456845669264565
241,0.048926587006628296,0.7733454683273524,0.1777279446660193
242,0.05374079014130834,0.7700382946657789,0.1762209151929128
243,0.05359662737028597,0.7693049419476043,0.17709843068210956
244,0.053802959658434124,0.7678601302573331,0.17833691008423266
245,0.05352363390738801,0.7698117519494254,0.17666461414318643
246,0.05345835351416638,0.7698520162731984,0.17668963021263515
247,0.05243324868694439,0.7730622772482082,0.17450447406484748
248,0.04794311924862248,0.77466655648525,0.17739032426612736
249,0.04768181982064152,0.7747153156778809,0.1776028645014776
250,0.04789720430990936,0.7729240069467673,0.17917878874332327
