,0,1,2
0,0.35234854864330917,0.31653184244886534,0.33111960890782566
1,0.3544374173754671,0.31471462335076317,0.3308479592737697
2,0.35830769355640674,0.3133078287563584,0.3283844776872349
3,0.35854495666705644,0.3052480144566165,0.3362070288763271
4,0.3304548389215304,0.33232237710165957,0.33722278397681016
5,0.3328379374822884,0.32935353399811945,0.3378085285195922
6,0.33159259885123865,0.328292517548126,0.34011488360063546
7,0.3326514564945504,0.3318276357322806,0.335520907773169
8,0.3348926355849238,0.3298755107104084,0.33523185370466785
9,0.3367662355940975,0.3315471064734726,0.33168665793242985
10,0.3427135379690351,0.32276005332689334,0.33452640870407163
11,0.33771556308260814,0.3241813666799518,0.33810307023744013
12,0.34020580748006535,0.32792764154929255,0.331866550970642
13,0.3435368304337584,0.32306593230541025,0.3333972372608313
14,0.3406364007101836,0.3199670019344884,0.3393965973553281
15,0.3409799751518061,0.32303345208171147,0.33598657276648247
16,0.34355964183566756,0.32491966312515724,0.33152069503917525
17,0.34547918824732193,0.3273493029166925,0.32717150883598545
18,0.3413379638548995,0.32626719152624534,0.33239484461885505
19,0.34046468537457864,0.323668771784572,0.3358665428408495
20,0.33624786892390085,0.32427447993642095,0.33947765113967837
21,0.3389342473963109,0.32652509043157907,0.33454066217211004
22,0.33880966347359254,0.3269932002637966,0.3341971362626108
23,0.3398591112675847,0.3273792521644685,0.33276163656794666
24,0.33425723949152963,0.32620763595067054,0.3395351245577998
25,0.3394618640091706,0.33103835671772336,0.32949977927310603
26,0.3387984092641202,0.3342105618131829,0.32699102892269677
27,0.3402854164249789,0.33198246739235965,0.32773211618266157
28,0.33377511773212076,0.3331760919859094,0.3330487902819699
29,0.336300041142664,0.33688606313027003,0.32681389572706593
30,0.3328481857353593,0.33723344236219555,0.32991837190244516
31,0.3291311123865064,0.3395050395929538,0.33136384802053986
32,0.3311674888414896,0.33954782877718126,0.32928468238132924
33,0.3334681494891466,0.33751205043645377,0.32901980007439974
34,0.3373384170967721,0.3335713315602818,0.329090251342946
35,0.335590595777357,0.3304367337510297,0.33397267047161316
36,0.3408894579751576,0.328954904752245,0.33015563727259745
37,0.34156344281744444,0.3267425951784422,0.33169396200411344
38,0.3399147325160574,0.32592184048869133,0.33416342699525114
39,0.342566838091625,0.3251877410682158,0.3322454208401592
40,0.3478672606339947,0.32565496567770047,0.3264777736883047
41,0.34736361968239576,0.3202844346952687,0.33235194562233555
42,0.351087750777801,0.3153695521001972,0.3335426971220017
43,0.3567677551528208,0.3145131047798138,0.32871914006736536
44,0.35226012193679745,0.31787850640268317,0.3298613716605193
45,0.34456677683653797,0.32231253122776465,0.33312069193569743
46,0.3412897608364377,0.3239989525122757,0.33471128665128663
47,0.3411275638868254,0.32629857326778167,0.3325738628453929
48,0.33899784621847034,0.32364452144241357,0.337357632339116
49,0.3406123503725,0.3219784149771068,0.3374092346503932
50,0.34007757813677253,0.3233786409933241,0.33654378086990344
51,0.3450053384381092,0.32187567591415944,0.3331189856477313
52,0.34136039924043593,0.3243223834806256,0.33431721727893854
53,0.33625271366858656,0.324889445673223,0.33885784065819047
54,0.3368824438461787,0.33119062976971936,0.33192692638410193
55,0.33957632798887993,0.33158294367162405,0.328840728339496
56,0.33502381930491687,0.3351699050282068,0.32980627566687626
57,0.33051536150599936,0.336082329498556,0.3334023089954447
58,0.3300888459797868,0.339586573846083,0.33032458017413024
59,0.33330386324304956,0.33673230234186086,0.3299638344150896
60,0.33101798059584536,0.33703327329885063,0.33194874610530395
61,0.32791612701442574,0.33620520251811264,0.33587867046746167
62,0.325785258502951,0.33955390549516423,0.33466083600188473
63,0.32609183570268135,0.33921406075078364,0.33469410354653495
64,0.3288796401373485,0.34086955039612515,0.33025080946652635
65,0.32886071657308424,0.3431392926931173,0.32799999073379854
66,0.3225456363254469,0.3455964643578506,0.33185789931670256
67,0.32217549204965124,0.3467205216493144,0.3311039863010343
68,0.32101544148032307,0.3458508979779649,0.33313366054171195
69,0.3195735636646996,0.3423742956015258,0.33805214073377465
70,0.31660428391344014,0.3444514511830868,0.33894426490347307
71,0.31670725749239503,0.346357316612077,0.33693542589552794
72,0.3170667778791167,0.345656127785112,0.3372770943357713
73,0.32104873222618335,0.3443240137050039,0.3346272540688129
74,0.32015884679374523,0.3455495333990292,0.33429161980722566
75,0.32168518652231587,0.3445703903432792,0.33374442313440494
76,0.3193141840916,0.34389168310101276,0.33679413280738735
77,0.3206826028261828,0.3409613915524415,0.3383560056213757
78,0.32142498664126556,0.3433179426898649,0.3352570706688696
79,0.3212787922872639,0.34258709365256357,0.33613411406017263
80,0.3201067437644885,0.34498538399800616,0.33490787223750546
81,0.319916726692636,0.34344222533361624,0.3366410479737477
82,0.3176218009962679,0.34760401023926263,0.3347741887644694
83,0.31769577139375227,0.35138473230728257,0.3309194962989651
84,0.3182021297302922,0.3493283405365032,0.3324695297332047
85,0.3138599098547319,0.35405185167076214,0.33208823847450586
86,0.3128656680616761,0.35436870937649806,0.3327656225618259
87,0.3154040805397474,0.3546039414361363,0.32999197802411623
88,0.3173425203229436,0.35369693070814934,0.32896054896890714
89,0.31687845898018524,0.3475950471649678,0.33552649385484684
90,0.313632805530169,0.350810105334459,0.3355570891353722
91,0.3129878513180968,0.35459937505022304,0.33241277363168015
92,0.31356247228152756,0.3548252695732133,0.3316122581452592
93,0.3145179174939692,0.3548404791405403,0.3306416033654906
94,0.3155285060857078,0.3530514073569818,0.33142008655731037
95,0.3121120815217798,0.3528344694584066,0.33505344901981365
96,0.31388232981507025,0.35219003189331327,0.3339276382916164
97,0.31290273434304106,0.3536084412773028,0.33348882437965627
98,0.3126355361576803,0.35508476460720345,0.3322796992351162
99,0.3119647446725326,0.3545435483096615,0.333491707017806
100,0.31202603445651533,0.35634204985869156,0.3316319156847931
101,0.3133029761529065,0.3492777662966513,0.3374192575504423
102,0.3144416728607221,0.3505101675482165,0.33504815959106143
103,0.31455475185378867,0.35282402383201683,0.33262122431419455
104,0.3127941654001196,0.3538729428214265,0.333332891778454
105,0.3112089403175165,0.3554272355044182,0.3333638241780652
106,0.3110252522538315,0.3486909487018427,0.3402837990443258
107,0.3115989362734662,0.3486912920613077,0.33970977166522615
108,0.3168737670049381,0.3469156978854751,0.3362105351095868
109,0.3143675535819949,0.34693461234905953,0.3386978340689454
110,0.3139995182982251,0.3530045185214609,0.3329959631803139
111,0.31336455250201384,0.3540714053325885,0.33256404216539764
112,0.3131699754944558,0.3539898683404534,0.33284015616509094
113,0.3140182809057853,0.35078821663584475,0.33519350245837
114,0.3124630065444349,0.3539635241910742,0.333573469264491
115,0.3125348291070727,0.35048373878631317,0.3369814321066141
116,0.3096425433957899,0.3526373715935201,0.3377200850106899
117,0.3079362545067266,0.3555719580412285,0.3364917874520449
118,0.3079461759224621,0.35539302473176265,0.33666079934577514
119,0.3067054485386185,0.3540514303819112,0.33924312107947024
120,0.3051915278735874,0.354496348127527,0.3403121239988856
121,0.3060967874167673,0.3573773872717329,0.3365258253114997
122,0.3065717742529397,0.35996289914833385,0.3334653265987266
123,0.30813101316882785,0.3589631421513909,0.3329058446797812
124,0.308584485851521,0.35845564677478214,0.3329598673736968
125,0.3078876945157947,0.36164397818749855,0.33046832729670683
126,0.30820252299709694,0.3619411658246354,0.3298563111782677
127,0.3343090209036038,0.33409768146728636,0.3315932976291098
128,0.33457232095725853,0.33640163138918483,0.3290260476535567
129,0.332319948615687,0.3384208602147901,0.3292591911695229
130,0.33470854110880754,0.3371419981028717,0.32814946078832075
131,0.33569597086079234,0.33745681529398325,0.3268472138452244
132,0.32938025507638247,0.3400719428484149,0.33054780207520257
133,0.32870710690032984,0.34092502695518306,0.33036786614448693
134,0.32493217180275913,0.34248381480721496,0.33258401339002597
135,0.32496944532118716,0.3456781445368308,0.3293524101419821
136,0.32215029058968464,0.34440866576468965,0.3334410436456257
137,0.32257362819496044,0.34384220193105497,0.3335841698739845
138,0.3226044997582651,0.34597145550156716,0.3314240447401677
139,0.32012450416830557,0.3481547198833819,0.3317207759483126
140,0.3165471755810812,0.35096961072439514,0.33248321369452355
141,0.31757968371914164,0.3530378541272467,0.3293824621536117
142,0.3158608490982696,0.3493728778199938,0.33476627308173645
143,0.31588790625035945,0.35193508432053855,0.332177009429102
144,0.314798803496582,0.35438331522527755,0.3308178812781404
145,0.31350390957925545,0.35226857677793594,0.33422751364280856
146,0.3126172941572236,0.3563090057319587,0.33107370011081777
147,0.31343705960922247,0.3572187060183932,0.3293442343723843
148,0.3057166208088692,0.3621350347605839,0.33214834443054686
149,0.3074339846118946,0.36124407360482824,0.33132194178327723
150,0.3085474489890353,0.36324515138325253,0.3282073996277121
151,0.30416654836707335,0.36728602029480206,0.32854743133812453
152,0.29886057848521047,0.36913634410115,0.3320030774136395
153,0.2985976150064984,0.3696914327059737,0.3317109522875278
154,0.3336577034974143,0.33358029685979573,0.33276199964278996
155,0.3316316188171609,0.3352861411209512,0.33308224006188797
156,0.32928286864423734,0.3325292511903112,0.3381878801654515
157,0.3324452854700131,0.33117320677266654,0.33638150775732034
158,0.330515312601984,0.3351905948059882,0.3342940925920279
159,0.3287924621752101,0.3369153379082153,0.3342921999165747
160,0.3288478398698536,0.3339913944230308,0.3371607657071157
161,0.3295929134802465,0.3324376572711297,0.3379694292486239
162,0.32940441716506247,0.3318357005207299,0.33875988231420756
163,0.33077368477770197,0.3317972255580703,0.3374290896642278
164,0.329738193882022,0.33151675953769555,0.33874504658028237
165,0.3278461364096278,0.33370593091684314,0.3384479326735291
166,0.33341362406624464,0.3328393355370252,0.3337470403967302
167,0.33238030859177187,0.33255811057554757,0.33506158083268056
168,0.33101927711317425,0.33442472866469003,0.33455599422213583
169,0.33227934969463874,0.33684837052041355,0.33087227978494765
170,0.33502407085132935,0.33746479077935315,0.32751113836931756
171,0.3285381257178537,0.3413726456143309,0.33008922866781554
172,0.3246470489429066,0.34358610552546887,0.33176684553162455
173,0.321410982919639,0.34568684152164636,0.33290217555871465
174,0.32072522558888,0.34087064625689284,0.33840412815422727
175,0.3213382855730687,0.34059347751966756,0.3380682369072637
176,0.3249079316241768,0.3398230932144139,0.3352689751614093
177,0.3279278260182819,0.3386083643308272,0.33346380965089084
178,0.3274548469176756,0.3353467752551066,0.33719837782721773
179,0.32958506159385503,0.3313802309801172,0.33903470742602776
180,0.32913007757252805,0.33163427216523766,0.33923565026223435
181,0.32740633617643566,0.34159797539050996,0.3309956884330544
182,0.3269996782444855,0.3415131313852317,0.3314871903702828
183,0.3189143383630099,0.35014820082363246,0.3309374608133576
184,0.32023860257768705,0.34619752878321763,0.3335638686390953
185,0.324365555986271,0.3406012511209419,0.33503319289278716
186,0.323288447746787,0.34283951478421504,0.33387203746899796
187,0.3237147081436802,0.3414375329220029,0.3348477589343169
188,0.32486800413745776,0.3418761511059256,0.3332558447566167
189,0.32997581126051484,0.34090787096408864,0.32911631777539657
190,0.32453085824186756,0.34569762943662086,0.32977151232151175
191,0.3229564724040339,0.3464104416988398,0.33063308589712637
192,0.32235449181303855,0.34848107541982565,0.32916443276713575
193,0.3222196622112345,0.34755076906446125,0.33022956872430415
194,0.3190503610532964,0.348358735441126,0.3325909035055775
195,0.32049307860663295,0.34773180702840134,0.3317751143649657
196,0.3211171375533326,0.34718482717598387,0.3316980352706836
197,0.3172352930405584,0.34711637908783904,0.3356483278716027
198,0.3171686951986456,0.34837577244596146,0.334455532355393
199,0.31642115260256587,0.3548992827704633,0.32867956462697073
200,0.31376332226185905,0.35582632266501674,0.33041035507312416
201,0.3128380430674955,0.3568202464774658,0.33034171045503863
202,0.3107333375452975,0.3600478604597648,0.32921880199493775
203,0.3043639209142751,0.36248225802823686,0.3331538210574881
204,0.30106410771718395,0.36458540154221736,0.33435049074059864
205,0.3023950759174299,0.36278252185052334,0.3348224022320467
206,0.3039984562468632,0.36739519218143674,0.3286063515717001
207,0.30249772735682795,0.3666428614800613,0.33085941116311074
208,0.30039625624538435,0.36484543695405336,0.3347583068005622
209,0.3023357715873134,0.3607292091186471,0.33693501929403963
210,0.2944776314841861,0.37373952899825247,0.33178283951756143
211,0.2936639126855262,0.3698711949081038,0.33646489240637
212,0.33042571520678643,0.3340495376578667,0.3355247471353468
213,0.3303531035262177,0.33235683306885144,0.33729006340493073
214,0.3346499048479601,0.3305710161401162,0.3347790790119237
215,0.33351045650257044,0.3326496188751703,0.3338399246222592
216,0.33613665392124686,0.33316006933629577,0.3307032767424574
217,0.33513799959051876,0.3365530991084623,0.3283089013010189
218,0.33320537347593016,0.33787231240767895,0.32892231411639095
219,0.3281358129936575,0.33976095011126484,0.3321032368950778
220,0.3258019052914386,0.34177616484375234,0.33242192986480884
221,0.3270511523413621,0.34280658605746395,0.33014226160117394
222,0.3262144898266568,0.34393070692518307,0.32985480324816013
223,0.3212062088301513,0.346895454303385,0.33189833686646375
224,0.3169042822622621,0.3514809648391723,0.3316147528985657
225,0.31497833052005464,0.352976542728608,0.3320451267513371
226,0.31452149898768267,0.34952961957465367,0.3359488814376636
227,0.31790568288933896,0.345181214449947,0.33691310266071406
228,0.3184241713729565,0.3454145996419958,0.33616122898504774
229,0.32568965208219086,0.343426968230065,0.3308833796877441
230,0.32706661142008087,0.34408294676064427,0.3288504418192749
231,0.32523160502690496,0.3393562862551947,0.33541210871790034
232,0.32590635031884047,0.3422734051284601,0.33182024455269943
233,0.32627210252260047,0.3454237901609717,0.3283041073164279
234,0.32164049710807885,0.346153067333344,0.33220643555857715
235,0.32313309511458854,0.3401179502374935,0.33674895464791793
236,0.3257421905890582,0.3391258165389126,0.33513199287202916
237,0.3152852133445712,0.3554221163140038,0.3292926703414251
238,0.3118187827309785,0.35050793106393957,0.3376732862050818
239,0.3181851095093936,0.34427056167416786,0.33754432881643853
240,0.3197709240441438,0.34677362053435984,0.3334554554214964
241,0.32229571944513924,0.3415693060817512,0.3361349744731097
242,0.3274032643077175,0.33811077205693174,0.3344859636353507
243,0.32637311285280574,0.3376316569858088,0.3359952301613854
244,0.3266587229944613,0.335998963657845,0.33734231334769377
245,0.3262696107874025,0.33820754838921274,0.3355228408233848
246,0.3259801396471866,0.33833781525917805,0.3356820450936354
247,0.32263015228444336,0.34283124376886465,0.334538603946692
248,0.3233943604599762,0.3443568794919855,0.3322487600480383
249,0.3220642669160665,0.3448416088922536,0.3330941241916799
250,0.3223543711148735,0.34280566954416997,0.3348399593409565
